2 0.70546875 0.3140625 0.10234375 0.0234375
2 0.79296875 0.3328125 0.09296875 0.01875
2 0.4703125 0.56015625 0.1078125 0.02421875
2 0.8203125 0.41484375 0.103125 0.0234375
3 0.30390625 0.584375 0.10703125 0.0234375
2 0.6796875 0.375 0.04375 0.0109375
3 0.67890625 0.4859375 0.05 0.01640625
2 0.7484375 0.334375 0.03046875 0.02109375
5 0.16953125 0.48828125 0.053125 0.06015625
3 0.15078125 0.42265625 0.0875 0.0125
3 0.33984375 0.32265625 0.1109375 0.025
5 0.72578125 0.36328125 0.0390625 0.04140625
5 0.7578125 0.37578125 0.03125 0.034375