4 0.240625 0.5390625 0.05 0.05625
2 0.38828125 0.32578125 0.0640625 0.0359375
4 0.20625 0.5828125 0.071875 0.06875
3 0.49609375 0.44296875 0.1046875 0.0265625
2 0.33671875 0.33359375 0.0296875 0.0078125
2 0.46640625 0.321875 0.2171875 0.046875
5 0.34921875 0.41328125 0.0328125 0.0515625
5 0.27578125 0.4953125 0.0328125 0.046875
2 0.5125 0.3046875 0.1 0.015625
5 0.3421875 0.38125 0.0625 0.046875
4 0.51796875 0.46953125 0.0265625 0.0296875
5 0.2609375 0.42578125 0.065625 0.0546875
2 0.26640625 0.46015625 0.0296875 0.0078125