42 0.5002187499999999 0.3930833333333333 0.0809296875 0.012666666666666666
5 0.06103125 0.3701944444444445 0.116453125 0.069
102 0.8773125 0.5825277777777778 0.06694531249999999 0.12586111111111112
85 0.7844765625 0.6738333333333334 0.06782031250000001 0.12344444444444444
68 0.074671875 0.20254166666666668 0.14934375 0.2708055555555555
91 0.6573125 0.2623472222222222 0.12975 0.3181666666666667
64 0.5218046875 0.32798611111111114 0.0900234375 0.01186111111111111
41 0.520734375 0.31431944444444443 0.087109375 0.017527777777777778
1 0.0661484375 0.15606944444444446 0.018437500000000002 0.03277777777777778
66 0.08159374999999999 0.16330555555555556 0.019398437499999997 0.030430555555555554
82 0.068546875 0.13469444444444445 0.016835937500000002 0.029930555555555557
49 0.0392890625 0.08338888888888889 0.0192421875 0.03277777777777778
29 0.0777734375 0.08694444444444445 0.0144296875 0.01995833333333333
30 0.079375 0.07554166666666667 0.0192421875 0.0285