5 0.1905 0.29108333333333336 0.27135937499999996 0.3299583333333333
90 0.0429140625 0.780986111111111 0.0858359375 0.2302361111111111
5 0.8708125000000001 0.3846111111111111 0.2552421875 0.27275
68 0.0777578125 0.20065277777777776 0.155515625 0.274625
16 0.7580703125 0.7480555555555556 0.11089843749999999 0.12887500000000002
95 0.6890859375 0.5203888888888889 0.0827109375 0.13477777777777777
64 0.7127890625 0.4320833333333334 0.0888046875 0.013291666666666667
41 0.7127109375 0.4224027777777778 0.08199218750000001 0.013527777777777777
7 0.4765625 0.5430555555555555 0.10625 0.14722222222222223
42 0.49584374999999997 0.39844444444444443 0.0827578125 0.014527777777777778
102 0.8780390625000001 0.5730416666666667 0.06686718750000001 0.10733333333333334
82 0.1261953125 0.26922222222222225 0.016828125 0.036555555555555556
1 0.1388203125 0.2850138888888889 0.0196328125 0.03156944444444444
67 0.146765625 0.26256944444444447 0.016828125 0.03323611111111111
66 0.0631015625 0.21936111111111112 0.0196328125 0.036555555555555556
49 0.03178125 0.13959722222222223 0.016828125 0.036555555555555556
29 0.015890625 0.11633333333333334 0.014953125000000001 0.03323611111111111
30 0.024773437500000002 0.11716666666666667 0.0196328125 0.03156944444444444
35 0.14634375 0.3219444444444445 0.0193828125 0.033625
22 0.0085078125 0.07733333333333334 0.0170234375 0.035305555555555555