5 0.6022265625000001 0.4665694444444445 0.230484375 0.40355555555555556
5 0.7847734375 0.19498611111111108 0.11558593749999999 0.17465277777777777
5 0.8753437500000001 0.11677777777777777 0.10773437500000001 0.11119444444444444
68 0.077375 0.20469444444444443 0.146296875 0.27570833333333333
85 0.7844218749999999 0.6718472222222223 0.06641406250000001 0.12134722222222223
7 0.5140625 0.5236111111111111 0.040625 0.15833333333333333
45 0.6484375 0.8444444444444444 0.05625 0.08333333333333333
42 0.515625 0.39861111111111114 0.08125 0.019444444444444445
1 0.1314453125 0.20127777777777775 0.01821875 0.03238888888888889
82 0.1310078125 0.18894444444444444 0.0190859375 0.020055555555555556
49 0.0290625 0.13265277777777779 0.01821875 0.033930555555555554
29 0.005203125 0.1041111111111111 0.0104140625 0.03238888888888889
66 0.0316640625 0.1041111111111111 0.019953125 0.03238888888888889