5 0.7033515625 0.20870833333333336 0.30095312500000004 0.23912499999999998
85 0.78515625 0.6717222222222222 0.0705078125 0.12320833333333332
102 0.8780078124999999 0.5797361111111111 0.06646875 0.12052777777777778
68 0.076171875 0.2042777777777778 0.15234375 0.27481944444444445
16 0.5203125 0.5305555555555556 0.125 0.13333333333333333
7 0.509375 0.5555555555555556 0.071875 0.17222222222222222
42 0.49613281249999996 0.3981944444444444 0.0836796875 0.014611111111111111
49 0.07578125 0.25972222222222224 0.0203125 0.030555555555555555
66 0.1272421875 0.20597222222222225 0.0188125 0.03168055555555555
82 0.13021875 0.18572222222222223 0.0188125 0.03344444444444444
1 0.0767421875 0.1452361111111111 0.020796875 0.04048611111111111
29 0.023765625000000002 0.1285138888888889 0.023765625000000002 0.04225
2 0.08565625 0.07218055555555555 0.014851562500000002 0.035208333333333335