91 0.5962421875 0.13354166666666667 0.0615390625 0.14383333333333334
7 0.5082578125 0.5366944444444445 0.083390625 0.150125
42 0.507390625 0.3975416666666667 0.0822734375 0.014180555555555557
68 0.0764453125 0.20405555555555555 0.1528828125 0.2740694444444445
19 0.426453125 0.5676666666666667 0.107671875 0.15951388888888887
63 0.22061718749999998 0.6783750000000001 0.1393359375 0.3659305555555556
91 0.23803125 0.4241111111111111 0.1045 0.20266666666666666
64 0.4570625 0.45694444444444443 0.0823359375 0.005625
41 0.454953125 0.442875 0.0823359375 0.01876388888888889
49 0.05352343750000001 0.2019722222222222 0.01675 0.028486111111111115
82 0.1241640625 0.23304166666666665 0.01675 0.031069444444444445
66 0.09721874999999999 0.15665277777777778 0.015296874999999998 0.028486111111111115
1 0.1034140625 0.16701388888888888 0.013109375000000001 0.020708333333333332
67 0.11834375 0.14047222222222222 0.015296874999999998 0.02459722222222222