84 0.73275 0.8344722222222223 0.064203125 0.10719444444444445
5 0.8846640625 0.2533611111111111 0.22459375 0.17630555555555555
7 0.50625 0.5152777777777777 0.09375 0.1361111111111111
42 0.5068203125 0.39831944444444445 0.0818203125 0.01475
97 0.39765625 0.5902777777777778 0.0609375 0.08611111111111111
64 0.40268750000000003 0.5160694444444445 0.089484375 0.006444444444444444
40 0.40259375000000003 0.5030277777777777 0.085359375 0.014041666666666666
85 0.7873593750000001 0.6721666666666667 0.0652578125 0.12125
68 0.076828125 0.20069444444444445 0.15365625 0.26743055555555556
45 0.6505390625 0.8421111111111111 0.044640625 0.08104166666666666
25 0.18671875 0.49583333333333335 0.0640625 0.10833333333333334
25 0.17146875 0.3875 0.074671875 0.11594444444444445
49 0.0763671875 0.14122222222222222 0.0191875 0.03138888888888889
1 0.0959375 0.12416666666666668 0.019953125 0.032749999999999994
82 0.12740625 0.162375 0.019953125 0.03001388888888889
30 0.02878125 0.10301388888888889 0.016117187499999998 0.03138888888888889
66 0.036843749999999995 0.08869444444444444 0.0168828125 0.027291666666666665
29 0.044515624999999996 0.07913888888888888 0.018421874999999997 0.027291666666666665