24 0.224890625 0.12368055555555556 0.060750000000000005 0.09116666666666667
84 0.7328203125 0.8349027777777778 0.0645625 0.10808333333333332
5 0.8771875 0.43795833333333334 0.13065625 0.30577777777777776
5 0.36613281249999996 0.4356527777777778 0.157984375 0.25698611111111114
85 0.7875 0.6738194444444444 0.06653125 0.12201388888888888
5 0.5319609375 0.5301805555555555 0.19107812500000002 0.19227777777777777
24 0.34059375 0.1396388888888889 0.059312500000000004 0.06597222222222222
7 0.51328125 0.5236111111111111 0.0828125 0.1361111111111111
42 0.50703125 0.4 0.0859375 0.022222222222222223
68 0.07734375 0.19722222222222222 0.1546875 0.2833333333333333
29 0.0373828125 0.11713888888888889 0.02146875 0.03422222222222222
66 0.035164062499999996 0.08488888888888889 0.01703125 0.027638888888888886
49 0.06736718750000001 0.18359722222222222 0.0207265625 0.03027777777777778
1 0.11178906250000001 0.16715277777777776 0.0162890625 0.03158333333333333
67 0.10882812500000001 0.13754166666666667 0.0162890625 0.025
2 0.1166015625 0.12831944444444446 0.0125859375 0.025
82 0.10734375 0.3073194444444445 0.017765625 0.03290277777777778