85 0.78471875 0.6739861111111111 0.0675546875 0.12309722222222222
84 0.73146875 0.8261805555555556 0.06300781250000001 0.10097222222222223
102 0.87775 0.5816944444444444 0.06691406250000001 0.11990277777777777
90 0.47521874999999997 0.43577777777777776 0.13578125000000002 0.3694305555555556
7 0.50859375 0.525 0.0859375 0.19444444444444445
97 0.8390625 0.18888888888888888 0.05625 0.1388888888888889
68 0.078125 0.19722222222222222 0.15625 0.2777777777777778
1 0.037984375 0.10944444444444444 0.0183359375 0.035708333333333335
29 0.045406249999999995 0.24916666666666668 0.0209609375 0.0295
66 0.0585078125 0.2297638888888889 0.0192109375 0.03726388888888889
49 0.124875 0.2678055555555555 0.017468749999999998 0.023291666666666665
82 0.1218203125 0.23830555555555558 0.01484375 0.03259722222222222
42 0.509375 0.3958333333333333 0.08125 0.013888888888888888
40 0.86171875 0.08888888888888889 0.0828125 0.022222222222222223