5 0.47789843750000005 0.46730555555555553 0.142421875 0.1418888888888889
5 0.19303125000000002 0.7467916666666667 0.289921875 0.3490972222222222
5 0.673046875 0.2553888888888889 0.22628906249999997 0.26155555555555554
102 0.8782343750000001 0.5727083333333334 0.0663046875 0.10850000000000001
24 0.7557031249999999 0.37698611111111113 0.09365625 0.10508333333333333
24 0.877828125 0.3336388888888889 0.039781250000000004 0.10147222222222223
24 0.8813046874999999 0.34727777777777774 0.04990625 0.075875
68 0.0772890625 0.19701388888888888 0.154578125 0.27420833333333333
85 0.7869531249999999 0.6649861111111112 0.0658203125 0.10443055555555555
7 0.50078125 0.5333333333333333 0.0890625 0.17222222222222222
42 0.5078828125 0.3980416666666666 0.0809296875 0.014402777777777776
29 0.015312500000000001 0.09105555555555556 0.01865625 0.034416666666666665
49 0.060367187499999996 0.20619444444444446 0.017249999999999998 0.02816666666666667
2 0.077796875 0.20651388888888889 0.011265625 0.02377777777777778
1 0.1316484375 0.29005555555555557 0.0176015625 0.02816666666666667
35 0.1465546875 0.3193888888888889 0.014140625 0.03770833333333333
82 0.147140625 0.3013194444444444 0.011617187499999999 0.03691666666666667
22 0.008359374999999999 0.07708333333333334 0.0154296875 0.03313888888888889