85 0.78621875 0.6761666666666666 0.0665625 0.12100000000000001
68 0.0760390625 0.20481944444444444 0.152078125 0.27669444444444447
42 0.4958125 0.39473611111111107 0.0841328125 0.02276388888888889
42 0.49494531249999996 0.4065972222222222 0.08935937499999999 0.010263888888888888
40 0.5098515625 0.5244861111111111 0.0853515625 0.014902777777777779
82 0.10806249999999999 0.08340277777777777 0.012265624999999999 0.021472222222222222
1 0.1202109375 0.08827777777777777 0.0095703125 0.02327777777777778
67 0.1355625 0.08356944444444445 0.0211484375 0.024444444444444446
49 0.10853125 0.06876388888888889 0.0221640625 0.009402777777777777
62 0.1052734375 0.2547638888888889 0.0178515625 0.05580555555555555
91 0.6268906249999999 0.4142638888888889 0.12501562500000002 0.2640972222222222
45 0.648109375 0.8524861111111111 0.056546874999999996 0.07091666666666667