84 0.7326484375 0.8406805555555555 0.063671875 0.11808333333333333
64 0.6738984375 0.4066111111111111 0.091703125 0.009472222222222222
40 0.6744296875 0.39398611111111115 0.08503125 0.01588888888888889
70 0.72028125 0.6530416666666666 0.0863671875 0.14595833333333333
64 0.742140625 0.5544722222222223 0.0874375 0.01326388888888889
40 0.7431953124999999 0.54075 0.081171875 0.012513888888888889
7 0.47610156249999996 0.5127638888888889 0.10342968749999999 0.11184722222222222
42 0.507578125 0.3984166666666667 0.08275 0.014374999999999999
85 0.8792578125 0.5791666666666667 0.06754687499999999 0.11990277777777777
84 0.7833593750000001 0.6737916666666667 0.0620625 0.11794444444444445
19 0.9260781250000001 0.2663333333333333 0.0906328125 0.14975
76 0.838640625 0.17723611111111112 0.22711718749999998 0.2672777777777778
64 0.9340703124999999 0.18387499999999998 0.0682421875 0.007583333333333333
41 0.9366328125000001 0.17027777777777778 0.06298437500000001 0.01152777777777778
72 0.5359375 0.6833333333333333 0.065625 0.13333333333333333
92 0.53634375 0.5933333333333333 0.0938359375 0.14406944444444444
64 0.5459453125 0.5829027777777778 0.08317187499999999 0.017055555555555553
40 0.5457265625 0.5711666666666667 0.0831953125 0.013847222222222223
45 0.65078125 0.8444444444444444 0.0453125 0.09444444444444444
97 0.6504375 0.5089722222222222 0.070375 0.12322222222222222
68 0.07734375 0.19444444444444445 0.1546875 0.2777777777777778
49 0.131671875 0.147125 0.0161796875 0.030083333333333333
30 0.150796875 0.12880555555555556 0.0161796875 0.02745833333333333
82 0.1209453125 0.13083333333333333 0.0123359375 0.015319444444444443
29 0.11757031250000001 0.1126111111111111 0.010249999999999999 0.026819444444444444
66 0.1257890625 0.11115277777777778 0.011773437500000001 0.026152777777777775
2 0.141625 0.11209722222222221 0.01565625 0.022777777777777775
67 0.1392109375 0.09716666666666665 0.0159453125 0.024291666666666663
50 0.126828125 0.07693055555555556 0.0128125 0.031375
83 0.114015625 0.08223611111111111 0.0173671875 0.029861111111111113
1 0.131234375 0.1245 0.012523437500000002 0.017208333333333332