25 0.7126796875 0.32159722222222226 0.0746953125 0.11220833333333334
84 0.7326171875 0.8342361111111111 0.06414062499999999 0.10698611111111112
92 0.8242734374999999 0.42319444444444443 0.0711953125 0.10923611111111112
5 0.44939062500000004 0.1436388888888889 0.076125 0.10601388888888888
25 0.6428515625 0.6245972222222222 0.061078125000000004 0.10915277777777778
102 0.8791874999999999 0.5789861111111111 0.06778125 0.1243888888888889
70 0.59921875 0.25972222222222224 0.0734375 0.11944444444444445
64 0.60234375 0.16111111111111112 0.0890625 0.016666666666666666
40 0.6012109375 0.1487777777777778 0.08228125 0.012847222222222222
7 0.50703125 0.5319444444444444 0.1109375 0.19166666666666668
42 0.507234375 0.3978472222222222 0.08399999999999999 0.013291666666666667
97 0.73125 0.5680555555555555 0.084375 0.1527777777777778
64 0.74609375 0.4777777777777778 0.0859375 0.022222222222222223
40 0.746578125 0.4627361111111111 0.08353906250000001 0.014638888888888887
85 0.7864453124999999 0.6750694444444445 0.0681015625 0.12341666666666666
25 0.6631015625 0.28783333333333333 0.046546875 0.072625
68 0.078125 0.2 0.15625 0.2777777777777778
82 0.140015625 0.22231944444444443 0.0191484375 0.03191666666666667
29 0.0945390625 0.15105555555555555 0.0071796874999999994 0.029777777777777778
66 0.10650781250000001 0.16062500000000002 0.0191484375 0.03191666666666667
49 0.1292421875 0.16275 0.0191484375 0.036166666666666666
1 0.10111718750000001 0.13402777777777777 0.017953125 0.025527777777777778
45 0.6492109375 0.8424722222222223 0.04428125 0.07658333333333334