24 0.307125 0.8645277777777778 0.10593749999999999 0.15141666666666667
85 0.7847109375 0.6729305555555556 0.06703125 0.12005555555555555
24 0.42651562500000006 0.7263194444444445 0.06165625 0.08780555555555555
102 0.8785546875 0.5800833333333334 0.069015625 0.12169444444444445
7 0.49765625 0.5430555555555555 0.0921875 0.18055555555555555
42 0.5066875 0.39808333333333334 0.08247656249999999 0.01423611111111111
68 0.0756171875 0.20520833333333333 0.1512265625 0.2749583333333333
91 0.739671875 0.34141666666666665 0.16025781249999999 0.3504027777777778
84 0.7335703125 0.8338333333333333 0.064734375 0.10487500000000001
24 0.546875 0.5847222222222223 0.071875 0.10833333333333334
45 0.65078125 0.8402777777777778 0.0453125 0.06944444444444445
49 0.13828125 0.19305555555555556 0.0171875 0.041666666666666664
67 0.063859375 0.2602777777777778 0.026476562500000002 0.027694444444444445
29 0.11642187500000001 0.11975 0.01946875 0.026305555555555558
66 0.0650234375 0.07891666666666666 0.01946875 0.030458333333333334
30 0.07671093749999999 0.08445833333333333 0.0163515625 0.027694444444444445
1 0.093453125 0.0796111111111111 0.018687500000000003 0.03184722222222222
67 0.121875 0.08998611111111111 0.01946875 0.036000000000000004