5 0.7573671875 0.3544861111111111 0.3402890625 0.2790694444444445
84 0.73240625 0.8352361111111111 0.06346874999999999 0.10754166666666667
42 0.49548437500000003 0.39847222222222217 0.0828046875 0.014152777777777776
102 0.8781953124999999 0.5794583333333333 0.06853125 0.12070833333333333
48 0.646125 0.7814583333333333 0.118390625 0.17465277777777777
40 0.630625 0.6460833333333333 0.08184375 0.01563888888888889
5 0.28038281249999997 0.09022222222222222 0.083828125 0.05223611111111111
68 0.075796875 0.20452777777777775 0.15159375 0.27647222222222223
85 0.7843671875 0.6723750000000001 0.068078125 0.12219444444444445
7 0.4848515625 0.5348194444444444 0.11840625 0.137375
82 0.13639062500000002 0.241625 0.016273437499999998 0.03743055555555556
1 0.15075 0.254375 0.023929687499999998 0.025527777777777778
66 0.009945312500000001 0.3077916666666667 0.018421874999999997 0.03143055555555555
49 0.0272578125 0.1290138888888889 0.0176796875 0.030125000000000002
29 0.0228359375 0.11459722222222223 0.0162109375 0.01965277777777778
30 0.033890625 0.07804166666666666 0.020624999999999998 0.027263888888888886
16 0.56640625 0.7416666666666667 0.1171875 0.16666666666666666