84 0.7329687500000001 0.8332083333333333 0.06442187499999999 0.10484722222222222
5 0.4510703125 0.33181944444444444 0.14484375 0.28604166666666664
5 0.0957578125 0.42469444444444443 0.191515625 0.16931944444444444
102 0.8780234374999999 0.5795277777777778 0.0696328125 0.12091666666666667
68 0.0763984375 0.20344444444444443 0.1528046875 0.27497222222222223
85 0.7839765625 0.6715694444444444 0.065125 0.12055555555555555
7 0.4927578125 0.5266666666666666 0.121109375 0.17943055555555557
42 0.49660937499999996 0.3978055555555556 0.084046875 0.012777777777777777
26 0.6405859375 0.3155833333333333 0.0700546875 0.09076388888888888
29 0.0516796875 0.11891666666666667 0.0171171875 0.028180555555555556
30 0.049140625 0.07834722222222222 0.0171171875 0.030430555555555554
66 0.077359375 0.155 0.0190234375 0.03269444444444444
82 0.1153984375 0.18768055555555554 0.0190234375 0.03719444444444445
2 0.12396093749999999 0.16119444444444445 0.018390625 0.033819444444444444
1 0.1055703125 0.28631944444444446 0.018390625 0.029305555555555557
45 0.64896875 0.8465138888888889 0.049375 0.08191666666666667