5 0.2978046875 0.47670833333333335 0.30278125 0.34497222222222224
84 0.7325 0.8335555555555555 0.06346093750000001 0.10537500000000001
68 0.0745703125 0.2040972222222222 0.1491484375 0.2746805555555556
5 0.0540859375 0.7347916666666666 0.108171875 0.26390277777777776
85 0.7843671875 0.6719722222222222 0.06746875 0.12151388888888888
34 0.4944453125 0.5315138888888888 0.0811171875 0.14454166666666665
42 0.49998437500000004 0.3980972222222222 0.0892109375 0.015055555555555555
91 0.8344374999999999 0.34520833333333334 0.170578125 0.39652777777777776
49 0.06642187499999999 0.2867638888888889 0.0222734375 0.03373611111111111
1 0.10396093749999999 0.29555555555555557 0.0198046875 0.03666666666666667
66 0.0292890625 0.09534722222222224 0.017328125 0.029333333333333336
29 0.027640625000000002 0.07040277777777777 0.020624999999999998 0.02347222222222222