5 0.62375 0.19044444444444444 0.23200781250000002 0.18091666666666664
5 0.4038515625 0.8693333333333333 0.165328125 0.13883333333333334
85 0.7865859375 0.6723055555555556 0.064265625 0.11898611111111111
102 0.8786015624999999 0.5793194444444445 0.06935156249999999 0.12306944444444444
7 0.49140625 0.5527777777777778 0.1046875 0.17222222222222222
42 0.506796875 0.39776388888888886 0.08061718749999999 0.013833333333333335
68 0.074625 0.20073611111111112 0.1492578125 0.2740277777777778
24 0.015195312499999999 0.36509722222222224 0.0302109375 0.057291666666666664
24 0.32809374999999996 0.33829166666666666 0.077015625 0.10772222222222222
82 0.07277343750000001 0.29291666666666666 0.0210546875 0.03254166666666666
1 0.09703125 0.19202777777777777 0.0183046875 0.029291666666666667
49 0.110296875 0.18144444444444444 0.0210546875 0.03743055555555556
66 0.0965703125 0.15540277777777778 0.0210546875 0.03743055555555556
29 0.053093749999999995 0.08625000000000001 0.020140625000000002 0.03254166666666666