84 0.7328515624999999 0.839625 0.064265625 0.11702777777777779
24 0.259 0.5525694444444444 0.0578984375 0.09222222222222223
5 0.2778671875 0.11965277777777779 0.0988046875 0.11894444444444445
24 0.197375 0.6249305555555555 0.10990625000000001 0.15205555555555555
85 0.7838437500000001 0.6724444444444445 0.06825 0.12140277777777778
102 0.8786171875000001 0.5795555555555555 0.06839843749999999 0.12202777777777778
68 0.0828671875 0.19593055555555555 0.15203125 0.2739027777777778
7 0.4856328125 0.5298333333333334 0.11873437499999999 0.15198611111111113
42 0.49428124999999995 0.3985138888888889 0.08371875 0.014069444444444445
43 0.604375 0.1477638888888889 0.06411718749999999 0.10554166666666666
7 0.10967968749999998 0.15795833333333334 0.021476562499999997 0.019666666666666666
43 0.11065624999999998 0.13191666666666668 0.016921875 0.02313888888888889
48 0.118140625 0.11484722222222223 0.013671875 0.02719444444444444
36 0.1264375 0.12323611111111112 0.013343749999999998 0.021986111111111113
83 0.13668750000000002 0.10559722222222222 0.017578125 0.022569444444444444
45 0.6484375 0.8512222222222222 0.052578124999999996 0.07788888888888888