91 0.7020703125 0.4462222222222222 0.1926484375 0.3507777777777778
85 0.7843671875 0.6653472222222222 0.0679765625 0.10536111111111111
84 0.7319375 0.8280277777777777 0.0635703125 0.10588888888888888
102 0.8766093749999999 0.5721111111111111 0.0659921875 0.11120833333333333
5 0.0406796875 0.5439444444444445 0.0813515625 0.3048194444444444
7 0.2140625 0.4875 0.096875 0.14722222222222223
42 0.20091406250000002 0.3511388888888889 0.080375 0.011125
97 0.39140625 0.5916666666666667 0.1015625 0.16111111111111112
64 0.3854296875 0.4741388888888889 0.09341406249999999 0.012680555555555556
40 0.3854296875 0.4601944444444444 0.0905625 0.01775
63 0.7352890624999999 0.2413888888888889 0.1200234375 0.19829166666666667
45 0.6501718750000001 0.8538888888888888 0.041390625 0.07866666666666666
68 0.077765625 0.20069444444444445 0.15553125 0.2746388888888889
2 0.1195078125 0.2152083333333333 0.0170078125 0.02363888888888889
49 0.1003359375 0.23059722222222223 0.0170078125 0.03243055555555556
82 0.141921875 0.3094722222222222 0.0253515625 0.03077777777777778
1 0.1369765625 0.29105555555555557 0.0210234375 0.020333333333333335
29 0.074515625 0.17397222222222222 0.009273437499999999 0.029138888888888888
66 0.086265625 0.17672222222222222 0.0136015625 0.021444444444444443
67 0.10497656250000001 0.14923611111111112 0.0182421875 0.01923611111111111
30 0.02659375 0.10031944444444445 0.0228828125 0.01813888888888889
35 0.14653906249999998 0.3216388888888889 0.01578125 0.030055555555555558
22 0.007890625 0.07815277777777778 0.013523437499999999 0.030055555555555558