5 0.555125 0.6107222222222223 0.12450781250000001 0.27731944444444445
84 0.733171875 0.8415138888888889 0.0651015625 0.11763888888888889
102 0.8794375000000001 0.5793611111111111 0.0669765625 0.12220833333333332
7 0.48828125 0.5277777777777778 0.0734375 0.14444444444444443
42 0.49670312499999997 0.3985416666666666 0.0826875 0.014972222222222222
68 0.075828125 0.20408333333333334 0.1516640625 0.272125
85 0.7852265625 0.6769305555555556 0.0631171875 0.11659722222222223
48 0.2953125 0.4222222222222222 0.1 0.14444444444444443
46 0.565625 0.13472222222222222 0.1625 0.05277777777777778
14 0.21428124999999998 0.3603055555555556 0.202671875 0.23644444444444446
66 0.10570312500000001 0.1494861111111111 0.018828125 0.031194444444444445
49 0.08665625 0.11601388888888889 0.0166875 0.029666666666666668
29 0.095859375 0.12325 0.0171171875 0.021305555555555557
1 0.0798125 0.10308333333333333 0.0183984375 0.02511111111111111
82 0.1200390625 0.12095833333333333 0.020109375 0.01826388888888889
83 0.1275234375 0.09281944444444444 0.0205390625 0.024347222222222225
45 0.64925 0.8440972222222223 0.042476562499999995 0.08629166666666667