24 0.32356250000000003 0.7910833333333334 0.09424218749999999 0.16370833333333334
5 0.3649453125 0.5700555555555555 0.1413046875 0.2416527777777778
24 0.41174218749999997 0.8480555555555556 0.0702265625 0.12195833333333334
5 0.6025078125000001 0.3381805555555556 0.24162499999999998 0.2456111111111111
5 0.11166406250000001 0.8174166666666666 0.2140859375 0.23825
7 0.49921875 0.5222222222222223 0.0734375 0.16666666666666666
42 0.5065703125 0.3985972222222222 0.0841953125 0.013791666666666666
85 0.7849921875 0.6723333333333333 0.069078125 0.12209722222222222
68 0.07633593749999999 0.20330555555555554 0.15267187499999998 0.2730416666666667
25 0.544640625 0.6167638888888889 0.1086953125 0.1318611111111111
82 0.11765624999999999 0.27619444444444446 0.0208046875 0.03929166666666666
1 0.1007578125 0.22361111111111112 0.0195 0.03120833333333333
2 0.10790625000000001 0.2068611111111111 0.0208046875 0.03236111111111111
66 0.0399765625 0.14908333333333335 0.02275 0.03698611111111111
49 0.0601328125 0.13636111111111113 0.020148437499999998 0.03698611111111111
29 0.0204765625 0.08220833333333333 0.0188515625 0.03897222222222222