5 0.034578125 0.6021944444444445 0.069125 0.1832222222222222
5 0.23923437500000003 0.3822638888888889 0.2895234375 0.29588888888888887
24 0.5971875 0.5122361111111111 0.062328125 0.1235
85 0.7852187500000001 0.6716666666666667 0.069421875 0.12595833333333334
42 0.5011484375 0.396875 0.08475 0.013
68 0.077578125 0.2043472222222222 0.1551484375 0.27544444444444444
24 0.020179687499999998 0.8835833333333333 0.0403515625 0.10222222222222221
41 0.352234375 0.3453055555555556 0.08549218750000001 0.015583333333333334
92 0.71015625 0.4236111111111111 0.1015625 0.1361111111111111
66 0.08759375 0.2105972222222222 0.020023437499999998 0.032625
1 0.1238828125 0.2046666666666667 0.0191875 0.03559722222222222
82 0.12721875 0.1787083333333333 0.017515625 0.03708333333333333
67 0.14765625 0.15869444444444444 0.018351562499999998 0.03559722222222222
30 0.026695312500000002 0.07934722222222222 0.018351562499999998 0.034111111111111106
29 0.0346171875 0.08083333333333334 0.017515625 0.034111111111111106