5 0.76778125 0.324375 0.3089296875 0.25833333333333336
84 0.7328046875 0.832861111111111 0.0646484375 0.10194444444444445
68 0.078125 0.19804166666666667 0.1491640625 0.2744861111111111
5 0.0456015625 0.4246388888888889 0.0912109375 0.1713611111111111
7 0.48203125 0.5402777777777777 0.1046875 0.1527777777777778
42 0.49824999999999997 0.3985138888888889 0.0839375 0.014
85 0.7828125 0.6666666666666666 0.0625 0.12222222222222222
1 0.051609375 0.16109722222222222 0.0186953125 0.024569444444444446
49 0.049578125 0.13798611111111111 0.0195078125 0.036125000000000004
82 0.058109375 0.1480972222222222 0.013820312500000001 0.024569444444444446
29 0.0671875 0.11527777777777778 0.021875 0.030555555555555555
66 0.008125 0.3315972222222222 0.0162578125 0.036125000000000004