5 0.321890625 0.3346111111111111 0.256703125 0.3368888888888889
24 0.389625 0.9065694444444444 0.0887109375 0.05777777777777778
68 0.0755390625 0.20101388888888888 0.151078125 0.27493055555555557
24 0.427234375 0.7286805555555556 0.0391015625 0.12733333333333335
24 0.9774218749999999 0.8829305555555556 0.0451484375 0.10548611111111111
5 0.9624218750000001 0.41816666666666663 0.0751484375 0.19352777777777777
25 0.5488046875 0.3267777777777778 0.0660234375 0.10790277777777778
7 0.514125 0.513625 0.0768046875 0.13206944444444446
6 0.3131796875 0.6251527777777778 0.0900234375 0.14330555555555557
42 0.51278125 0.40012499999999995 0.0814453125 0.014958333333333332
41 0.30396875 0.48556944444444444 0.0835625 0.016055555555555556
24 0.459171875 0.5847777777777778 0.04 0.088
84 0.72815625 0.8276249999999999 0.055070312499999996 0.13619444444444445
49 0.07368749999999999 0.2575 0.0129453125 0.024319444444444446
67 0.08403125 0.19569444444444445 0.021171875 0.01947222222222222
1 0.12453906249999999 0.2809861111111111 0.0149296875 0.021652777777777778
82 0.134078125 0.29116666666666663 0.0128125 0.01898611111111111
30 0.0063359374999999996 0.11520833333333334 0.012671874999999999 0.024708333333333332
90 0.1703125 0.8875 0.303125 0.125
22 0.0089296875 0.0763888888888889 0.017859375 0.02976388888888889
35 0.146203125 0.32241666666666663 0.017859375 0.03373611111111111