5 0.444359375 0.44245833333333334 0.131703125 0.1862361111111111
24 0.10405468749999999 0.8258194444444444 0.1023984375 0.16168055555555555
24 0.1573515625 0.6048055555555555 0.048671874999999996 0.09568055555555556
85 0.78203125 0.6669861111111112 0.0588984375 0.10105555555555557
68 0.077015625 0.1987638888888889 0.1540234375 0.27125
24 0.1978046875 0.4319305555555556 0.0465234375 0.08905555555555557
7 0.49996093750000004 0.5357638888888889 0.07778125 0.14855555555555555
42 0.5078828125 0.39777777777777773 0.0877734375 0.01811111111111111
45 0.6486328125 0.8483611111111112 0.045828125 0.08656944444444445
15 0.921234375 0.5273888888888889 0.155703125 0.3855972222222222
29 0.022140625 0.20570833333333335 0.0167734375 0.029958333333333333
49 0.041749999999999995 0.21922222222222223 0.0203359375 0.02715277777777778
66 0.0536015625 0.3193888888888889 0.016765625 0.026180555555555558
1 0.0672265625 0.32431944444444444 0.0146640625 0.025625
82 0.08547656249999999 0.30474999999999997 0.0176015625 0.023763888888888886
35 0.1466484375 0.3203611111111111 0.014328125 0.026805555555555558
22 0.009046875 0.07775 0.015078125000000001 0.034847222222222224