89 0.4906875 0.5171264367816092 0.08615104166666666 0.17836781609195404
5 0.29984895833333336 0.44817241379310346 0.12511458333333333 0.29754022988505746
102 0.8415937499999999 0.5925057471264368 0.059093749999999994 0.1324367816091954
26 0.8052604166666666 0.2094942528735632 0.09090625 0.14332183908045976
5 0.916078125 0.15267816091954026 0.12953645833333333 0.18710344827586206
42 0.5115625 0.40037931034482754 0.08215625 0.013287356321839082
68 0.105390625 0.17641379310344826 0.14136458333333335 0.3100344827586207
5 0.9164583333333333 0.8753448275862068 0.16383854166666667 0.2493103448275862
14 0.7625 0.4747126436781609 0.759375 0.4827586206896552 0.7598958333333333 0.5137931034482759 0.7546875 0.5183908045977011 0.7541666666666667 0.5275862068965518 0.7552083333333334 0.5436781609195402 0.7583333333333333 0.5482758620689655 0.7630208333333334 0.5666666666666667 0.7604166666666666 0.5747126436781609 0.7609375 0.5816091954022988 0.7572916666666667 0.6 0.753125 0.6057471264367816 0.7442708333333333 0.6103448275862069 0.7203125 0.6080459770114942 0.7182291666666667 0.603448275862069 0.7182291666666667 0.5942528735632184 0.6890625 0.593103448275862 0.6869791666666667 0.5896551724137931 0.6854166666666667 0.5770114942528736 0.6822916666666666 0.5770114942528736 0.68125 0.5804597701149425 0.6796875 0.5758620689655173 0.6854166666666667 0.5747126436781609 0.6901041666666666 0.5678160919540229 0.6859375 0.5643678160919541 0.6880208333333333 0.5620689655172414 0.7140625 0.5609195402298851 0.7114583333333333 0.5563218390804597 0.7161458333333334 0.5494252873563218 0.7197916666666667 0.5528735632183908 0.7296875 0.5528735632183908 0.725 0.5471264367816092 0.7208333333333333 0.5505747126436782 0.709375 0.5482758620689655 0.7098958333333333 0.5540229885057472 0.7041666666666667 0.5563218390804597 0.6432291666666666 0.5540229885057472 0.6411458333333333 0.5482758620689655 0.646875 0.5448275862068965 0.6510416666666666 0.5367816091954023 0.6489583333333333 0.5333333333333333 0.6489583333333333 0.5252873563218391 0.6510416666666666 0.5160919540229885 0.6552083333333333 0.5137931034482759 0.6557291666666667 0.5057471264367817 0.6536458333333334 0.5 0.6380208333333334 0.5218390804597701 0.63125 0.5252873563218391 0.6151041666666667 0.5494252873563218 0.6057291666666667 0.5747126436781609 0.5979166666666667 0.6068965517241379 0.5973958333333333 0.632183908045977 0.5885416666666666 0.6528735632183909 0.578125 0.6471264367816092 0.5682291666666667 0.628735632183908 0.5625 0.628735632183908 0.5567708333333333 0.6344827586206897 0.55625 0.639080459770115 0.5588541666666667 0.6494252873563219 0.5484375 0.6609195402298851 0.5479166666666667 0.6701149425287356 0.5546875 0.674712643678161 0.5583333333333333 0.6816091954022988 0.5479166666666667 0.7 0.5479166666666667 0.7080459770114943 0.5484375 0.7103448275862069 0.553125 0.7057471264367816 0.5630208333333333 0.7034482758620689 0.5723958333333333 0.7045977011494253 0.5755208333333334 0.7091954022988506 0.5760416666666667 0.7172413793103448 0.5859375 0.7183908045977011 0.596875 0.7034482758620689 0.603125 0.7011494252873564 0.6041666666666666 0.7045977011494253 0.6015625 0.7206896551724138 0.6015625 0.7471264367816092 0.5927083333333333 0.7735632183908046 0.5953125 0.8022988505747126 0.596875 0.8057471264367816 0.5989583333333334 0.8091954022988506 0.603125 0.8080459770114943 0.6208333333333333 0.7942528735632184 0.6244791666666667 0.7988505747126436 0.6234375 0.8091954022988506 0.6276041666666666 0.8103448275862069 0.6307291666666667 0.8068965517241379 0.6333333333333333 0.7965517241379311 0.6390625 0.7942528735632184 0.6463541666666667 0.8022988505747126 0.6520833333333333 0.8137931034482758 0.6583333333333333 0.8183908045977012 0.6645833333333333 0.7977011494252874 0.6697916666666667 0.7919540229885057 0.678125 0.7896551724137931 0.6864583333333333 0.7781609195402299 0.6885416666666667 0.7701149425287356 0.6880208333333333 0.7505747126436781 0.6895833333333333 0.7413793103448276 0.6932291666666667 0.7379310344827587 0.7015625 0.7413793103448276 0.7046875 0.7333333333333333 0.70625 0.7195402298850575 0.7119791666666667 0.7160919540229885 0.7109375 0.7080459770114943 0.7130208333333333 0.7034482758620689 0.7244791666666667 0.696551724137931 0.7229166666666667 0.6919540229885057 0.7255208333333333 0.6862068965517242 0.7270833333333333 0.6666666666666666 0.7385416666666667 0.6413793103448275 0.7494791666666667 0.6298850574712643 0.7515625 0.6241379310344828 0.7713541666666667 0.6252873563218391 0.7791666666666667 0.6057471264367816 0.7838541666666666 0.5701149425287356 0.7838541666666666 0.5482758620689655 0.778125 0.5344827586206896 0.771875 0.5022988505747127 0.7682291666666666 0.4954022988505747 0.7635416666666667 0.4747126436781609
85 0.7630208333333334 0.6968390804597702 0.07291666666666667 0.14655172413793102
45 0.6373697916666666 0.8836206896551724 0.045572916666666664 0.09482758620689655
1 0.150875 0.22382758620689655 0.02011458333333333 0.037
49 0.0988125 0.26180459770114944 0.022083333333333333 0.03873563218390805
82 0.11608333333333333 0.17370114942528736 0.015854166666666666 0.027494252873563222
66 0.11042187499999999 0.1568390804597701 0.015854166666666666 0.03373563218390805
29 0.067953125 0.03813793103448276 0.020385416666666666 0.03619540229885057