5 0.021062499999999998 0.23329885057471264 0.041776041666666666 0.33716091954022986
5 0.5454583333333333 0.1959655172413793 0.20131770833333332 0.3381494252873563
5 0.8617760416666667 0.467919540229885 0.13936979166666666 0.18201149425287355
11 0.5071614583333334 0.5818965517241379 0.09765625 0.2672413793103448
64 0.51171875 0.41379310344827586 0.0859375 0.017241379310344827
42 0.5113697916666667 0.4009080459770115 0.08094791666666666 0.012517241379310345
26 0.4264322916666667 0.5933908045977011 0.11328125 0.16954022988505746
85 0.7584635416666666 0.6939655172413793 0.07161458333333333 0.16379310344827586
102 0.8411458333333334 0.5977011494252874 0.06510416666666667 0.14367816091954022
68 0.11002604166666667 0.1781609195402299 0.14713541666666666 0.3160919540229885
49 0.06396354166666667 0.15139080459770116 0.0166875 0.03819540229885057
82 0.08528645833333333 0.14457471264367816 0.016067708333333333 0.03545977011494253
29 0.0664375 0.12206896551724138 0.017921874999999997 0.03136781609195402
66 0.06272916666666667 0.2700574712643678 0.0166875 0.04364367816091954
83 0.1109375 0.17594252873563218 0.015453125000000002 0.03545977011494253
67 0.105375 0.1582183908045977 0.015453125000000002 0.03273563218390805
61 0.081 0.11057471264367816 0.01836979166666667 0.04422988505747126
59 0.8724791666666667 0.051298850574712646 0.105 0.10259770114942529
45 0.63671875 0.8850574712643678 0.059895833333333336 0.10344827586206896