64 0.5079583333333333 0.4112183908045977 0.077609375 0.010804597701149426
42 0.5119739583333334 0.40064367816091956 0.08281770833333332 0.013206896551724138
91 0.85109375 0.1215977011494253 0.07285937499999999 0.2283103448275862
5 0.020874999999999998 0.14211494252873563 0.041749999999999995 0.18139080459770116
11 0.5034479166666667 0.506551724137931 0.08742708333333334 0.11732183908045976
25 0.6345364583333333 0.32058620689655176 0.06090625 0.12633333333333333
102 0.8423020833333333 0.5918045977011495 0.061098958333333335 0.14095402298850573
89 0.10495833333333333 0.36011494252873566 0.068734375 0.14783908045977012
92 0.5221354166666666 0.7729885057471264 0.09895833333333333 0.21264367816091953
13 0.6009114583333334 0.08620689655172414 0.06380208333333333 0.1724137931034483
85 0.7623697916666666 0.6968390804597702 0.07682291666666667 0.15229885057471265
45 0.6341145833333334 0.8936781609195402 0.049479166666666664 0.11494252873563218
68 0.109421875 0.17513793103448277 0.14053645833333334 0.3101494252873563
60 0.09928645833333333 0.30860919540229886 0.015380208333333334 0.04320689655172414
29 0.08544270833333334 0.1415632183908046 0.01756770833333333 0.03877011494252873
66 0.10220833333333333 0.14509195402298852 0.013838541666666667 0.031724137931034485
1 0.107 0.12335632183908045 0.01596875 0.03054022988505747
67 0.114453125 0.10044827586206896 0.01596875 0.03641379310344828
82 0.112984375 0.1349655172413793 0.010041666666666667 0.022954022988505747
49 0.125359375 0.1397126436781609 0.016140625 0.03562068965517241
83 0.12984375 0.10726436781609194 0.01578125 0.03879310344827586