5 0.11120833333333334 0.8937011494252873 0.13275 0.19318390804597702
59 0.6645833333333333 0.25057471264367814 0.6572916666666667 0.25287356321839083 0.6546875 0.25862068965517243 0.6510416666666666 0.2597701149425287 0.6104166666666667 0.2597701149425287 0.5994791666666667 0.267816091954023 0.5901041666666667 0.26666666666666666 0.5682291666666667 0.29770114942528736 0.5661458333333333 0.30919540229885056 0.5692708333333333 0.3137931034482759 0.5661458333333333 0.335632183908046 0.56875 0.35172413793103446 0.5723958333333333 0.364367816091954 0.5807291666666666 0.37701149425287356 0.5796875 0.38850574712643676 0.5828125 0.38850574712643676 0.5869791666666667 0.3954022988505747 0.5833333333333334 0.4011494252873563 0.5880208333333333 0.40344827586206894 0.5848958333333333 0.4057471264367816 0.5854166666666667 0.4114942528735632 0.5817708333333333 0.41379310344827586 0.5796875 0.4241379310344828 0.5677083333333334 0.42298850574712643 0.5744791666666667 0.42758620689655175 0.5828125 0.43908045977011495 0.5833333333333334 0.45632183908045976 0.5848958333333333 0.4586206896551724 0.5833333333333334 0.4632183908045977 0.5885416666666666 0.46091954022988507 0.5916666666666667 0.46436781609195404 0.5911458333333334 0.46781609195402296 0.5869791666666667 0.4666666666666667 0.5864583333333333 0.47011494252873565 0.5932291666666667 0.48160919540229885 0.5921875 0.4908045977011494 0.584375 0.5011494252873563 0.5807291666666666 0.532183908045977 0.5817708333333333 0.5643678160919541 0.5864583333333333 0.5827586206896552 0.5927083333333333 0.596551724137931 0.5963541666666666 0.6229885057471264 0.6020833333333333 0.6379310344827587 0.6088541666666667 0.6402298850574712 0.6140625 0.6528735632183909 0.6130208333333333 0.6977011494252874 0.615625 0.7160919540229885 0.6385416666666667 0.7183908045977011 0.6328125 0.6942528735632184 0.6338541666666667 0.6850574712643678 0.6359375 0.6816091954022988 0.634375 0.6724137931034483 0.6385416666666667 0.6379310344827587 0.6619791666666667 0.6172413793103448 0.6682291666666667 0.5816091954022988 0.6661458333333333 0.5747126436781609 0.6677083333333333 0.5678160919540229 0.6666666666666666 0.5643678160919541 0.6723958333333333 0.5540229885057472 0.6833333333333333 0.5436781609195402 0.6927083333333334 0.5436781609195402 0.6989583333333333 0.5563218390804597 0.7083333333333334 0.5540229885057472 0.7197916666666667 0.5287356321839081 0.7197916666666667 0.5160919540229885 0.7161458333333334 0.5091954022988506 0.7192708333333333 0.5011494252873563 0.7333333333333333 0.49885057471264366 0.7385416666666667 0.5022988505747127 0.7515625 0.4839080459770115 0.75625 0.4862068965517241 0.759375 0.49885057471264366 0.7635416666666667 0.49885057471264366 0.7734375 0.4781609195402299 0.778125 0.4747126436781609 0.778125 0.47011494252873565 0.7828125 0.4632183908045977 0.784375 0.45517241379310347 0.7848958333333333 0.4471264367816092 0.7828125 0.4413793103448276 0.7776041666666667 0.43908045977011495 0.7802083333333333 0.432183908045977 0.778125 0.42758620689655175 0.7791666666666667 0.4218390804597701 0.7848958333333333 0.41954022988505746 0.7796875 0.41839080459770117 0.7786458333333334 0.40804597701149425 0.7744791666666667 0.40804597701149425 0.7739583333333333 0.4241379310344828 0.7708333333333334 0.43333333333333335 0.7625 0.42298850574712643 0.7625 0.41379310344827586 0.7526041666666666 0.4160919540229885 0.753125 0.4114942528735632 0.7479166666666667 0.39195402298850573 0.7432291666666667 0.39655172413793105 0.7453125 0.4 0.74375 0.40344827586206894 0.7453125 0.4068965517241379 0.7442708333333333 0.4114942528735632 0.7505208333333333 0.44022988505747124 0.75 0.4459770114942529 0.7447916666666666 0.45517241379310347 0.7416666666666667 0.46781609195402296 0.7276041666666667 0.46781609195402296 0.7270833333333333 0.46206896551724136 0.7296875 0.4574712643678161 0.7270833333333333 0.45057471264367815 0.7072916666666667 0.4517241379310345 0.7052083333333333 0.43908045977011495 0.7015625 0.43448275862068964 0.7005208333333334 0.4114942528735632 0.696875 0.39195402298850573 0.6984375 0.3758620689655172 0.696875 0.3563218390804598 0.6807291666666667 0.3218390804597701 0.6776041666666667 0.2942528735632184 0.675 0.28620689655172415 0.6723958333333333 0.28620689655172415 0.6708333333333333 0.296551724137931 0.6635416666666667 0.2942528735632184 0.6645833333333333 0.28160919540229884 0.6708333333333333 0.271264367816092 0.6703125 0.25517241379310346 0.6666666666666666 0.25057471264367814
40 0.7051093749999999 0.48060919540229885 0.07683854166666666 0.015494252873563218
42 0.50734375 0.4005402298850575 0.07540625 0.01639080459770115
40 0.6141875 0.23945977011494254 0.07579166666666667 0.01728735632183908
64 0.4889010416666667 0.5329195402298851 0.07808854166666666 0.005620689655172414
40 0.48830729166666664 0.522 0.07676562499999999 0.01396551724137931
84 0.7151041666666667 0.8794597701149425 0.06366145833333334 0.14049425287356324
85 0.7617864583333334 0.6996321839080459 0.060265624999999996 0.12550574712643678
91 0.6879427083333333 0.2285287356321839 0.055171875 0.25475862068965516
91 0.22959895833333333 0.05994252873563218 0.08742708333333334 0.11988505747126436
68 0.10959374999999999 0.17513793103448277 0.14408854166666665 0.32031034482758625
29 0.10766666666666666 0.07070114942528735 0.014192708333333333 0.04474712643678161
67 0.150046875 0.09531034482758621 0.01865625 0.03668965517241379
1 0.16343229166666667 0.1279770114942529 0.012979166666666668 0.03042528735632184
66 0.17356770833333332 0.12081609195402299 0.011354166666666667 0.025057471264367817
49 0.16221354166666666 0.10963218390804597 0.006489583333333334 0.020586206896551724
50 0.1747864583333333 0.08904597701149425 0.015411458333333333 0.0349080459770115