5 0.28364062500000004 0.18473563218390804 0.22321354166666665 0.2221264367816092
85 0.6733281249999999 0.5354597701149425 0.04191145833333333 0.09671264367816092
28 0.736328125 0.1896551724137931 0.048177083333333336 0.12643678160919541
64 0.7421875 0.09626436781609195 0.07291666666666667 0.014367816091954023
41 0.7436197916666667 0.08108045977011495 0.077734375 0.01442528735632184
5 0.8684999999999999 0.11249425287356322 0.10542708333333332 0.16336781609195403
68 0.10940625 0.17502298850574713 0.14310937499999998 0.3101494252873563
89 0.8658854166666666 0.47270114942528735 0.09375 0.14655172413793102
13 0.8600260416666666 0.3635057471264368 0.11328125 0.1752873563218391
64 0.8938802083333334 0.3635057471264368 0.07942708333333333 0.020114942528735632
40 0.8926666666666667 0.3490229885057471 0.07040625 0.01364367816091954
64 0.8736979166666666 0.23419540229885058 0.078125 0.020114942528735632
41 0.8737552083333333 0.21894252873563216 0.0788125 0.01588505747126437
11 0.5078125 0.5359195402298851 0.10677083333333333 0.22126436781609196
64 0.5084635416666666 0.4166666666666667 0.07942708333333333 0.017241379310344827
42 0.5079114583333334 0.3995287356321839 0.07563020833333334 0.015471264367816094
49 0.11692187500000001 0.30103448275862066 0.016609375 0.04088505747126437
83 0.13097916666666667 0.2968045977011495 0.015333333333333334 0.02396551724137931
82 0.13257291666666665 0.3073793103448276 0.015973958333333333 0.025379310344827585
2 0.16324479166666667 0.28129885057471266 0.015973958333333333 0.03806896551724138
67 0.12714583333333335 0.28129885057471266 0.016609375 0.03806896551724138
66 0.12139583333333334 0.2326551724137931 0.017890625 0.03948275862068966
1 0.044083333333333335 0.3320574712643678 0.019166666666666665 0.03525287356321839
29 0.04759895833333334 0.09377011494252874 0.014692708333333334 0.03242528735632184
30 0.05366666666666667 0.07120689655172414 0.015333333333333334 0.03525287356321839
35 0.17177604166666666 0.30931034482758624 0.014375 0.03489655172413793
22 0.0474375 0.03568965517241379 0.0129375 0.039655172413793106