24 0.369078125 0.2818735632183908 0.033479166666666664 0.09029885057471265
5 0.6371927083333334 0.6406896551724137 0.36761458333333336 0.501919540229885
84 0.7122291666666667 0.8755287356321839 0.062421874999999995 0.1335632183908046
11 0.5104166666666666 0.5201149425287356 0.13802083333333334 0.1896551724137931
64 0.5085885416666667 0.4148965517241379 0.08113541666666667 0.01747126436781609
42 0.512390625 0.4002183908045977 0.08409895833333333 0.014172413793103448
5 0.898421875 0.17590804597701148 0.144703125 0.20191954022988504
24 0.359 0.3020574712643678 0.02606770833333333 0.051
24 0.340671875 0.32448275862068965 0.03900520833333333 0.07565517241379309
24 0.37141145833333333 0.26441379310344826 0.03113541666666667 0.05102298850574713
24 0.425640625 0.2878505747126437 0.03428125 0.07232183908045978
24 0.4690364583333333 0.21279310344827584 0.03991666666666667 0.09501149425287356
96 0.104390625 0.7369885057471264 0.08014583333333333 0.20308045977011496
68 0.10933854166666666 0.1735977011494253 0.145453125 0.316632183908046
29 0.04601041666666667 0.06659770114942529 0.018802083333333334 0.032758620689655175
22 0.04730208333333333 0.03596551724137931 0.020369791666666668 0.03995402298850575
35 0.17291145833333335 0.3131609195402299 0.018104166666666664 0.034965517241379314
66 0.10252604166666666 0.2007816091954023 0.013125 0.03795402298850575
49 0.11542187500000001 0.19029885057471266 0.017197916666666667 0.03696551724137931
67 0.1176875 0.15782758620689655 0.015390625 0.03995402298850575
82 0.047526041666666664 0.3256551724137931 0.013578125 0.03596551724137931
1 0.055447916666666666 0.32316091954022985 0.009505208333333333 0.03096551724137931
86 0.8432447916666667 0.585367816091954 0.06098958333333333 0.14086206896551723
45 0.6365104166666666 0.8882183908045977 0.056026041666666665 0.11739080459770114