91 0.07303125 0.7406206896551725 0.14605729166666667 0.36191954022988504
76 0.49630729166666665 0.2196896551724138 0.2076666666666667 0.317448275862069
64 0.5815885416666667 0.24424137931034484 0.07784895833333333 0.0202183908045977
41 0.58009375 0.23188505747126437 0.07555729166666666 0.014804597701149426
20 0.783203125 0.28448275862068967 0.08984375 0.15517241379310345
13 0.5777552083333333 0.40995402298850575 0.07525520833333334 0.19341379310344828
68 0.10955208333333334 0.1744942528735632 0.144796875 0.3069310344827586
29 0.10375520833333333 0.0426551724137931 0.017291666666666667 0.035919540229885055
1 0.17190625 0.09933333333333333 0.016276041666666668 0.03479310344827586
49 0.16131770833333334 0.0700919540229885 0.011427083333333334 0.033379310344827585
83 0.16686458333333334 0.06081609195402298 0.013109375000000001 0.03263218390804598
30 0.17241145833333332 0.03708045977011494 0.014786458333333334 0.03263218390804598
2 0.177453125 0.05711494252873563 0.013442708333333333 0.029666666666666664
64 0.793765625 0.17686206896551723 0.08090104166666667 0.013471264367816092
41 0.7954218750000001 0.16187356321839083 0.07620833333333334 0.01681609195402299