5 0.5514947916666666 0.14706896551724138 0.18385416666666668 0.28974712643678163
24 0.043130208333333336 0.7723218390804597 0.05472395833333333 0.11893103448275862
24 0.10573958333333335 0.5137241379310344 0.04936979166666667 0.09741379310344828
5 0.8469895833333333 0.37587356321839077 0.125796875 0.17670114942528733
5 0.028223958333333334 0.17450574712643677 0.05644791666666667 0.32196551724137934
89 0.48889062499999997 0.5291724137931034 0.07282291666666667 0.1723448275862069
24 0.0069791666666666665 0.9428160919540229 0.013869791666666666 0.05698850574712643
68 0.10848958333333333 0.17745977011494252 0.14380729166666667 0.317367816091954
1 0.09874479166666666 0.31648275862068964 0.01627083333333333 0.03365517241379311
64 0.5068697916666667 0.4159195402298851 0.08024479166666666 0.013000000000000001
42 0.5069843749999999 0.4028390804597701 0.076796875 0.024563218390804598
86 0.8434114583333333 0.5882988505747127 0.063046875 0.14645977011494252
84 0.7162083333333332 0.8751264367816092 0.0696875 0.12449425287356322
45 0.6365677083333333 0.8873333333333333 0.049776041666666666 0.10008045977011494
49 0.06259375 0.15728735632183907 0.018593750000000003 0.04103448275862069
29 0.10226041666666667 0.1162528735632184 0.017354166666666667 0.03282758620689655
82 0.10226041666666667 0.0834367816091954 0.014875 0.04103448275862069
66 0.07994791666666666 0.23729885057471264 0.018593750000000003 0.03966666666666666