24 0.4708229166666667 0.2767816091954023 0.03225 0.07933333333333333
24 0.52434375 0.17509195402298852 0.03801041666666667 0.07113793103448277
24 0.42359375 0.34093103448275863 0.06446875 0.11577011494252873
5 0.84125 0.5262068965517241 0.31749479166666666 0.4782413793103448
90 0.08629166666666667 0.5242988505747126 0.104765625 0.3705287356321839
5 0.28355729166666666 0.043586206896551724 0.11946875 0.07948275862068967
28 0.7506302083333334 0.16266666666666668 0.0414375 0.14244827586206898
64 0.7653697916666666 0.06594252873563218 0.08207291666666668 0.01582758620689655
41 0.761703125 0.05351724137931035 0.07384375 0.013919540229885057
11 0.4954427083333333 0.5387931034482759 0.12369791666666667 0.20977011494252873
64 0.508390625 0.4158965517241379 0.07649479166666667 0.012310344827586209
42 0.511484375 0.4003103448275862 0.08233333333333334 0.014298850574712644
5 0.020401041666666668 0.22066666666666665 0.04080729166666666 0.11727586206896552
25 0.5435677083333333 0.1365057471264368 0.019479166666666665 0.05006896551724138
25 0.606125 0.07732183908045977 0.03333333333333333 0.07447126436781609
25 0.6559322916666667 0.04696551724137931 0.04971875 0.07622988505747126
68 0.10956770833333333 0.1714597701149425 0.14422916666666669 0.31126436781609196
2 0.15896875000000002 0.29191954022988503 0.018328124999999997 0.03868965517241379
1 0.06414583333333333 0.3227011494252874 0.016734375000000003 0.033413793103448275
66 0.08685416666666666 0.2294942528735632 0.012750000000000001 0.029896551724137934
82 0.115890625 0.2186896551724138 0.00671875 0.029655172413793104
30 0.12316666666666666 0.21559770114942528 0.0134375 0.03088505747126437
49 0.10721354166666666 0.19891954022988506 0.016234375000000002 0.034597701149425286
67 0.11756770833333333 0.17791954022988504 0.014557291666666666 0.034597701149425286
29 0.06298437500000001 0.09513793103448276 0.02071354166666667 0.03706896551724138