5 0.057187499999999995 0.7817586206896552 0.11430729166666667 0.41265517241379307
5 0.2880989583333333 0.06663218390804597 0.21311979166666667 0.1279655172413793
59 0.534375 0.20229885057471264 0.5192708333333333 0.2045977011494253 0.5145833333333333 0.21264367816091953 0.5177083333333333 0.23103448275862068 0.5322916666666667 0.23563218390804597 0.5296875 0.24942528735632183 0.5140625 0.25287356321839083 0.5010416666666667 0.24942528735632183 0.4979166666666667 0.25632183908045975 0.490625 0.2632183908045977 0.48489583333333336 0.2632183908045977 0.4828125 0.2597701149425287 0.4822916666666667 0.23793103448275862 0.4786458333333333 0.22988505747126436 0.4744791666666667 0.23103448275862068 0.4703125 0.2367816091954023 0.4625 0.27011494252873564 0.4588541666666667 0.2942528735632184 0.4661458333333333 0.3103448275862069 0.46041666666666664 0.3252873563218391 0.459375 0.33793103448275863 0.46197916666666666 0.3448275862068966 0.46145833333333336 0.3528735632183908 0.46458333333333335 0.3563218390804598 0.4625 0.3632183908045977 0.46875 0.3620689655172414 0.46979166666666666 0.36551724137931035 0.48020833333333335 0.3724137931034483 0.4661458333333333 0.37471264367816093 0.46510416666666665 0.38045977011494253 0.46822916666666664 0.3896551724137931 0.4791666666666667 0.39195402298850573 0.4666666666666667 0.4068965517241379 0.46822916666666664 0.4114942528735632 0.46510416666666665 0.41724137931034483 0.4739583333333333 0.4218390804597701 0.478125 0.43103448275862066 0.4744791666666667 0.4367816091954023 0.45989583333333334 0.43908045977011495 0.4609375 0.4586206896551724 0.4625 0.46551724137931033 0.4708333333333333 0.4689655172413793 0.4703125 0.4735632183908046 0.47604166666666664 0.4839080459770115 0.4796875 0.5149425287356322 0.48385416666666664 0.5287356321839081 0.4984375 0.5333333333333333 0.5052083333333334 0.5482758620689655 0.509375 0.5643678160919541 0.5140625 0.5678160919540229 0.5151041666666667 0.5885057471264368 0.5223958333333333 0.6045977011494252 0.521875 0.6080459770114942 0.5171875 0.6091954022988506 0.515625 0.6149425287356322 0.5166666666666667 0.6229885057471264 0.5223958333333333 0.6298850574712643 0.5166666666666667 0.6310344827586207 0.5234375 0.6379310344827587 0.5166666666666667 0.639080459770115 0.5151041666666667 0.6425287356321839 0.515625 0.6540229885057471 0.5088541666666667 0.6574712643678161 0.5088541666666667 0.6632183908045977 0.5140625 0.6689655172413793 0.5083333333333333 0.674712643678161 0.509375 0.6793103448275862 0.5145833333333333 0.6850574712643678 0.5109375 0.6885057471264368 0.5161458333333333 0.7011494252873564 0.5244791666666667 0.7034482758620689 0.53125 0.7022988505747126 0.5328125 0.6873563218390805 0.5447916666666667 0.6862068965517242 0.55 0.6804597701149425 0.5572916666666666 0.6793103448275862 0.5630208333333333 0.6701149425287356 0.5682291666666667 0.6689655172413793 0.5838541666666667 0.6459770114942529 0.5864583333333333 0.635632183908046 0.5927083333333333 0.6229885057471264 0.5942708333333333 0.6045977011494252 0.6005208333333333 0.5827586206896552 0.6020833333333333 0.5551724137931034 0.6177083333333333 0.5413793103448276 0.6229166666666667 0.5172413793103449 0.6229166666666667 0.49310344827586206 0.6307291666666667 0.4804597701149425 0.6317708333333333 0.46436781609195404 0.6395833333333333 0.435632183908046 0.6385416666666667 0.3954022988505747 0.634375 0.3873563218390805 0.6375 0.3816091954022989 0.6479166666666667 0.3793103448275862 0.6489583333333333 0.3758620689655172 0.6458333333333334 0.3724137931034483 0.6479166666666667 0.3689655172413793 0.6463541666666667 0.364367816091954 0.6494791666666667 0.36091954022988504 0.6458333333333334 0.34942528735632183 0.6463541666666667 0.34597701149425286 0.6416666666666667 0.33793103448275863 0.6322916666666667 0.33448275862068966 0.6307291666666667 0.32873563218390806 0.6229166666666667 0.332183908045977 0.621875 0.32988505747126434 0.6234375 0.32413793103448274 0.6203125 0.3160919540229885 0.6098958333333333 0.3103448275862069 0.6078125 0.3 0.6104166666666667 0.2793103448275862 0.609375 0.2747126436781609 0.6005208333333333 0.2540229885057471 0.5942708333333333 0.2471264367816092 0.59375 0.2425287356321839 0.5963541666666666 0.23333333333333334 0.6109375 0.23103448275862068 0.61875 0.22413793103448276 0.6151041666666667 0.21839080459770116 0.5989583333333334 0.2045977011494253 0.5380208333333333 0.20229885057471264
64 0.5083333333333333 0.4162528735632184 0.0778125 0.01493103448275862
42 0.5089114583333333 0.40027586206896554 0.07689583333333333 0.014551724137931035
5 0.9195885416666666 0.9359310344827586 0.14841145833333333 0.1144712643678161
40 0.6129374999999999 0.3659885057471265 0.07333854166666667 0.014379310344827586
68 0.109375 0.17385057471264367 0.14322916666666666 0.31896551724137934
1 0.15182291666666667 0.2631954022988506 0.014380208333333333 0.033597701149425285
66 0.10403645833333333 0.154 0.018609374999999997 0.028
82 0.096 0.1325287356321839 0.012687499999999999 0.022402298850574712
49 0.07971875 0.10948275862068965 0.015302083333333332 0.029413793103448275
29 0.088359375 0.10785057471264367 0.008885416666666666 0.026149425287356323