5 0.5029427083333333 0.5991264367816092 0.38002604166666665 0.5708850574712644
5 0.32823958333333336 0.17862068965517242 0.11940624999999999 0.17285057471264367
99 0.34194791666666663 0.4222298850574712 0.08139583333333333 0.17549425287356324
41 0.34925520833333334 0.3174022988505747 0.07679166666666666 0.014390804597701149
40 0.5132447916666666 0.15966666666666665 0.07634375 0.014471264367816091
28 0.9556718750000001 0.6379885057471264 0.07016666666666667 0.11562068965517242
64 0.971359375 0.5303218390804597 0.05728645833333333 0.015689655172413792
41 0.9696666666666667 0.5173333333333333 0.05596875 0.014988505747126436
11 0.5061354166666666 0.5399080459770115 0.06548958333333334 0.20852873563218388
64 0.5065468750000001 0.41420689655172416 0.07749479166666666 0.012551724137931035
42 0.5100989583333333 0.4004367816091954 0.08002604166666667 0.014344827586206896
13 0.45889062500000005 0.27150574712643677 0.09075000000000001 0.16724137931034483
41 0.457296875 0.12945977011494253 0.077046875 0.019321839080459768
89 0.8069166666666666 0.9490689655172414 0.10197395833333332 0.10186206896551725
64 0.43722916666666667 0.1427816091954023 0.0398125 0.009413793103448276
68 0.11055208333333333 0.17336781609195404 0.14290104166666667 0.30909195402298856
30 0.09346354166666666 0.15022988505747126 0.014046874999999999 0.033379310344827585
82 0.10778125 0.17526436781609195 0.013505208333333333 0.026229885057471265
50 0.12291145833333333 0.1627471264367816 0.015666666666666666 0.03457471264367816
49 0.1038125 0.15757471264367817 0.009708333333333334 0.016586206896551724
83 0.09566666666666666 0.1316551724137931 0.011588541666666667 0.018655172413793105
29 0.10286979166666667 0.13406896551724137 0.009708333333333334 0.026264367816091955
67 0.11367708333333333 0.1489310344827586 0.008140625 0.014517241379310345
1 0.156265625 0.30685057471264365 0.01565625 0.034551724137931034
2 0.16033333333333333 0.2861149425287356 0.016911458333333334 0.034551724137931034