5 0.8518229166666667 0.5056436781609196 0.17005208333333333 0.36985057471264365
15 0.5671875 0.3931034482758621 0.5473958333333333 0.3954022988505747 0.5447916666666667 0.4206896551724138 0.515625 0.42298850574712643 0.5114583333333333 0.43103448275862066 0.5166666666666667 0.44022988505747124 0.5182291666666666 0.4482758620689655 0.509375 0.46551724137931033 0.5041666666666667 0.46781609195402296 0.5026041666666666 0.46436781609195404 0.5036458333333333 0.45632183908045976 0.49947916666666664 0.4540229885057471 0.48541666666666666 0.4689655172413793 0.4661458333333333 0.47126436781609193 0.44947916666666665 0.4896551724137931 0.4479166666666667 0.4954022988505747 0.4432291666666667 0.496551724137931 0.440625 0.5022988505747127 0.4265625 0.5160919540229885 0.41875 0.5287356321839081 0.4239583333333333 0.5275862068965518 0.43697916666666664 0.5149425287356322 0.4421875 0.5172413793103449 0.43697916666666664 0.5275862068965518 0.4348958333333333 0.5724137931034483 0.43697916666666664 0.5781609195402299 0.4390625 0.5781609195402299 0.4453125 0.5448275862068965 0.44947916666666665 0.5333333333333333 0.4671875 0.5137931034482759 0.5015625 0.5114942528735632 0.5052083333333334 0.5172413793103449 0.5052083333333334 0.5252873563218391 0.5088541666666667 0.535632183908046 0.5135416666666667 0.5379310344827586 0.5151041666666667 0.5436781609195402 0.5140625 0.5528735632183908 0.5078125 0.5655172413793104 0.509375 0.5793103448275863 0.5046875 0.6011494252873564 0.5046875 0.6218390804597701 0.4953125 0.6494252873563219 0.49270833333333336 0.664367816091954 0.49270833333333336 0.725287356321839 0.4869791666666667 0.7517241379310344 0.49322916666666666 0.7632183908045977 0.4984375 0.7632183908045977 0.49947916666666664 0.7597701149425288 0.5010416666666667 0.7206896551724138 0.5083333333333333 0.7080459770114943 0.509375 0.7011494252873564 0.5114583333333333 0.7011494252873564 0.5125 0.696551724137931 0.5171875 0.6988505747126437 0.521875 0.6896551724137931 0.5229166666666667 0.6264367816091954 0.525 0.6172413793103448 0.53125 0.6183908045977011 0.5380208333333333 0.6333333333333333 0.540625 0.6425287356321839 0.5395833333333333 0.6620689655172414 0.5411458333333333 0.6816091954022988 0.5494791666666666 0.6873563218390805 0.5510416666666667 0.6977011494252874 0.55625 0.7114942528735633 0.5609375 0.7114942528735633 0.5666666666666667 0.7183908045977011 0.5723958333333333 0.7160919540229885 0.5734375 0.7114942528735633 0.5765625 0.6540229885057471 0.5802083333333333 0.6448275862068965 0.5802083333333333 0.6333333333333333 0.571875 0.6114942528735632 0.5635416666666667 0.6068965517241379 0.5640625 0.6103448275862069 0.5604166666666667 0.6218390804597701 0.5557291666666667 0.6114942528735632 0.5526041666666667 0.5839080459770115 0.5536458333333333 0.5632183908045977 0.5484375 0.5494252873563218 0.5489583333333333 0.5172413793103449 0.5520833333333334 0.5126436781609195 0.5614583333333333 0.5160919540229885 0.5744791666666667 0.5126436781609195 0.5776041666666667 0.5022988505747127 0.5802083333333333 0.47126436781609193 0.5838541666666667 0.46781609195402296 0.5895833333333333 0.4528735632183908 0.596875 0.4471264367816092 0.5994791666666667 0.43908045977011495 0.6 0.4298850574712644 0.5994791666666667 0.42758620689655175 0.5927083333333333 0.4379310344827586 0.5895833333333333 0.4367816091954023 0.5921875 0.41954022988505746 0.5916666666666667 0.4114942528735632 0.5854166666666667 0.41379310344827586 0.584375 0.4206896551724138 0.58125 0.4206896551724138 0.5802083333333333 0.41839080459770117 0.5848958333333333 0.40804597701149425 0.5791666666666667 0.4068965517241379 0.5786458333333333 0.4149425287356322 0.575 0.4149425287356322 0.5713541666666667 0.40804597701149425 0.5765625 0.4045977011494253 0.5776041666666667 0.39655172413793105 0.56875 0.3931034482758621
11 0.5005416666666667 0.5598620689655173 0.051921875 0.2392183908045977
64 0.5078125 0.41522988505747127 0.07552083333333333 0.014367816091954023
42 0.5121875 0.40202298850574714 0.08240625 0.013057471264367815
5 0.5904062499999999 0.03710344827586207 0.12801041666666665 0.0658735632183908
5 0.09813541666666666 0.3831609195402299 0.150453125 0.16882758620689656
68 0.10703645833333333 0.17633333333333334 0.140109375 0.3136896551724138
15 0.5166666666666667 0.3114942528735632 0.5109375 0.3137931034482759 0.5208333333333334 0.32298850574712645 0.5328125 0.35517241379310344 0.5375 0.3586206896551724 0.5552083333333333 0.35977011494252875 0.5588541666666667 0.35402298850574715 0.5557291666666667 0.34942528735632183 0.5484375 0.34942528735632183 0.54375 0.3390804597701149 0.5322916666666667 0.32873563218390806 0.521875 0.31264367816091954 0.5182291666666666 0.3114942528735632
5 0.56521875 0.8252183908045978 0.17033854166666668 0.1909770114942529
45 0.6321666666666667 0.8794942528735632 0.0491875 0.1105632183908046
86 0.8416770833333334 0.586 0.06011979166666667 0.1346896551724138
1 0.14229166666666665 0.3094597701149425 0.021177083333333332 0.035333333333333335
82 0.05061458333333334 0.322 0.017562499999999998 0.03760919540229885
49 0.07282291666666667 0.18465517241379312 0.018593750000000003 0.04559770114942529
29 0.04803125 0.10201149425287356 0.017562499999999998 0.04217241379310344
94 0.08005729166666667 0.10998850574712643 0.017562499999999998 0.03305747126436782
35 0.17177604166666666 0.3132183908045977 0.013463541666666667 0.03745977011494253
22 0.04740625 0.04004597701149425 0.014046874999999999 0.04133333333333333