5 0.86528125 0.3383055555555556 0.131046875 0.20580555555555557
85 0.8254843749999999 0.6950277777777778 0.08190625 0.13597222222222222
70 0.4953125 0.4444444444444444 0.478125 0.475 0.4796875 0.5138888888888888 0.465625 0.5083333333333333 0.4875 0.5333333333333333 0.484375 0.5861111111111111 0.4984375 0.5361111111111111 0.5140625 0.5472222222222223 0.5453125 0.49722222222222223 0.546875 0.4722222222222222 0.540625 0.4722222222222222 0.5328125 0.44722222222222224 0.509375 0.4444444444444444
42 0.493765625 0.39772222222222225 0.0996875 0.014972222222222222
5 0.253546875 0.9380555555555555 0.184390625 0.1238888888888889
15 0.4 0.058333333333333334 0.3375 0.11666666666666667 0.3140625 0.12222222222222222 0.2828125 0.16944444444444445 0.2640625 0.18611111111111112 0.2546875 0.2222222222222222 0.2625 0.225 0.2671875 0.24444444444444444 0.2828125 0.22777777777777777 0.2890625 0.25555555555555554 0.25 0.2638888888888889 0.2484375 0.28055555555555556 0.2515625 0.2861111111111111 0.28125 0.2777777777777778 0.2984375 0.29444444444444445 0.3140625 0.275 0.3046875 0.2638888888888889 0.3125 0.2361111111111111 0.334375 0.24166666666666667 0.3484375 0.23333333333333334 0.378125 0.2861111111111111 0.3984375 0.29444444444444445 0.3984375 0.30833333333333335 0.3875 0.3194444444444444 0.3875 0.33055555555555555 0.403125 0.3333333333333333 0.4078125 0.325 0.4078125 0.2388888888888889 0.39375 0.2222222222222222 0.4015625 0.2111111111111111 0.425 0.22777777777777777 0.4546875 0.2916666666666667 0.478125 0.30277777777777776 0.4703125 0.24444444444444444 0.453125 0.20555555555555555 0.44375 0.15555555555555556 0.45625 0.14722222222222223 0.471875 0.17222222222222222 0.4890625 0.16666666666666666 0.459375 0.13333333333333333 0.4359375 0.14722222222222223 0.4046875 0.1361111111111111 0.3984375 0.14722222222222223 0.3875 0.14166666666666666 0.3765625 0.125 0.409375 0.06388888888888888 0.4015625 0.06111111111111111
5 0.34603125 0.08566666666666667 0.0983125 0.059805555555555556
26 0.878125 0.6888888888888889 0.846875 0.7583333333333333 0.840625 0.7972222222222223 0.846875 0.8138888888888889 0.8671875 0.8222222222222222 0.8671875 0.7972222222222223 0.8734375 0.7944444444444444 0.8765625 0.8055555555555556 0.8828125 0.8055555555555556 0.8953125 0.7861111111111111 0.8890625 0.7583333333333333 0.9046875 0.7527777777777778 0.9078125 0.7305555555555555 0.88125 0.7305555555555555 0.8890625 0.7055555555555556 0.8828125 0.7055555555555556 0.8796875 0.6888888888888889
68 0.08984375 0.15833333333333333 0.1796875 0.31666666666666665
66 0.091109375 0.056611111111111105 0.0175625 0.03902777777777778
49 0.10318750000000002 0.1961388888888889 0.02634375 0.04097222222222222
1 0.136125 0.16491666666666666 0.02415625 0.04097222222222222