5 0.592296875 0.1436111111111111 0.173484375 0.14883333333333332
5 0.543875 0.3238333333333333 0.129015625 0.09722222222222222
45 0.6501718750000001 0.847138888888889 0.0461875 0.08716666666666667
68 0.07984375 0.19391666666666668 0.1596875 0.2757777777777778
90 0.63075 0.7571111111111111 0.24215625 0.3768333333333333
24 0.669390625 0.307 0.04584375 0.063
23 0.506296875 0.4108611111111111 0.08429687500000001 0.008611111111111111
42 0.50646875 0.3975277777777778 0.08149999999999999 0.012944444444444444
5 0.7369375 0.07444444444444445 0.0885 0.03961111111111111
56 0.506828125 0.5176111111111111 0.032468750000000005 0.14947222222222223
25 0.71025 0.2885 0.060078125 0.08361111111111111
24 0.614328125 0.3455833333333333 0.038390625 0.08744444444444445
86 0.880921875 0.5744444444444444 0.066828125 0.10661111111111111
49 0.0865 0.22972222222222222 0.01809375 0.024444444444444446
83 0.086140625 0.20202777777777778 0.017374999999999998 0.030888888888888886
66 0.098078125 0.2316388888888889 0.01665625 0.030888888888888886
67 0.09917187499999999 0.21105555555555558 0.014484374999999999 0.02575
29 0.138984375 0.30050000000000004 0.015921875 0.02702777777777778
1 0.008687499999999999 0.11647222222222223 0.017374999999999998 0.03988888888888889
35 0.013671875 0.07180555555555555 0.014624999999999999 0.03280555555555556
22 0.151734375 0.3217777777777778 0.01971875 0.035055555555555555