70 0.496875 0.4638888888888889 0.4875 0.4777777777777778 0.4796875 0.5111111111111111 0.4515625 0.5583333333333333 0.4640625 0.6027777777777777 0.4921875 0.6 0.5046875 0.5666666666666667 0.5078125 0.5472222222222223 0.5015625 0.5277777777777778 0.50625 0.5 0.5203125 0.48333333333333334 0.5125 0.4888888888888889 0.4984375 0.4638888888888889
20 0.946875 0.05277777777777778 0.940625 0.06111111111111111 0.9453125 0.08333333333333333 0.9265625 0.10833333333333334 0.934375 0.12777777777777777 0.9234375 0.19444444444444445 0.9328125 0.18333333333333332 0.9359375 0.1527777777777778 0.940625 0.14444444444444443 0.9546875 0.15 0.965625 0.11666666666666667 0.965625 0.09444444444444444 0.9484375 0.05555555555555555
25 0.79375 0.18611111111111112 0.771875 0.225 0.7640625 0.21944444444444444 0.7703125 0.2111111111111111 0.7625 0.20555555555555555 0.74375 0.23055555555555557 0.7546875 0.2388888888888889 0.7546875 0.2611111111111111 0.7859375 0.2833333333333333 0.8015625 0.2833333333333333 0.8078125 0.2777777777777778 0.8125 0.25277777777777777 0.825 0.25 0.83125 0.2388888888888889 0.8203125 0.2111111111111111 0.8125 0.20833333333333334 0.8078125 0.2111111111111111 0.8140625 0.22777777777777777 0.809375 0.24166666666666667 0.796875 0.18611111111111112
84 0.765625 0.8111111111111111 0.74375 0.8222222222222222 0.7296875 0.8583333333333333 0.7296875 0.8916666666666667 0.7390625 0.9222222222222223 0.7625 0.9416666666666667 0.790625 0.9222222222222223 0.8 0.8833333333333333 0.80625 0.8777777777777778 0.7953125 0.8277777777777777 0.7828125 0.8138888888888889 0.76875 0.8111111111111111
85 0.8296875 0.6277777777777778 0.8046875 0.6333333333333333 0.7890625 0.6638888888888889 0.7890625 0.7111111111111111 0.80625 0.7444444444444445 0.8328125 0.7444444444444445 0.846875 0.7277777777777777 0.85625 0.6972222222222222 0.853125 0.65 0.8375 0.6277777777777778
45 0.6640625 0.8472222222222222 0.646875 0.8666666666666667 0.6421875 0.8916666666666667 0.6453125 0.9111111111111111 0.659375 0.9333333333333333 0.68125 0.9277777777777778 0.6921875 0.9 0.6875 0.8638888888888889 0.671875 0.8472222222222222
5 0.584375 0.125 0.5625 0.14166666666666666 0.5609375 0.16944444444444445 0.53125 0.1638888888888889 0.51875 0.20277777777777778 0.5 0.2 0.4984375 0.2111111111111111 0.484375 0.20555555555555555 0.4671875 0.24166666666666667 0.4578125 0.24166666666666667 0.45 0.25833333333333336 0.4390625 0.25833333333333336 0.434375 0.26666666666666666 0.4296875 0.30833333333333335 0.41875 0.3194444444444444 0.4140625 0.3472222222222222 0.415625 0.38333333333333336 0.4046875 0.4166666666666667 0.4 0.5 0.4109375 0.5166666666666667 0.45 0.5333333333333333 0.465625 0.525 0.48125 0.49722222222222223 0.484375 0.475 0.496875 0.4583333333333333 0.5125 0.4777777777777778 0.5234375 0.475 0.54375 0.4388888888888889 0.54375 0.42777777777777776 0.5140625 0.425 0.528125 0.41944444444444445 0.5296875 0.40555555555555556 0.5375 0.4027777777777778 0.5328125 0.4027777777777778 0.53125 0.39166666666666666 0.5484375 0.39444444444444443 0.559375 0.375 0.5640625 0.38055555555555554 0.5765625 0.3638888888888889 0.5796875 0.33611111111111114 0.5890625 0.3194444444444444 0.60625 0.3111111111111111 0.6390625 0.2722222222222222 0.6484375 0.225 0.6484375 0.16944444444444445 0.634375 0.1388888888888889 0.6140625 0.125 0.603125 0.13333333333333333 0.59375 0.125
89 0.54609375 0.225 0.0796875 0.17777777777777778
64 0.50484375 0.41625 0.096546875 0.011222222222222222
42 0.503484375 0.4058333333333333 0.097453125 0.016027777777777776
64 0.540484375 0.10908333333333334 0.09384375 0.00961111111111111
40 0.5409375 0.09302777777777778 0.09293749999999999 0.016027777777777776
64 0.9623125 0.02886111111111111 0.07309375 0.00961111111111111
41 0.962875 0.015250000000000001 0.07423437499999999 0.011222222222222222
5 0.6984375 0 0.6703125 0.06944444444444445 0.6703125 0.10277777777777777 0.678125 0.125 0.7046875 0.14444444444444443 0.728125 0.15 0.7640625 0.11944444444444445 0.7796875 0.09444444444444444 0.784375 0.05555555555555555 0.7765625 0.016666666666666666 0.759375 0.013888888888888888 0.75 0 0.703125 0
68 0.0888125 0.1612222222222222 0.177609375 0.3179722222222222
66 0.11068750000000001 0.27016666666666667 0.023765625000000002 0.03336111111111111
29 0.061812500000000006 0.19877777777777778 0.022218750000000002 0.03702777777777778
49 0.05278125 0.15741666666666668 0.020828125 0.035805555555555556
67 0.07535937499999999 0.15494444444444444 0.0243125 0.03827777777777778
1 0.007984375 0.06419444444444444 0.01596875 0.034583333333333334
35 0.009015625 0.01922222222222222 0.01803125 0.03847222222222222
83 0.009375 0.03641666666666667 0.017359375 0.02838888888888889
2 0.024656249999999998 0.033944444444444444 0.020140625000000002 0.03827777777777778
22 0.167671875 0.29808333333333337 0.01803125 0.036333333333333336