45 0.667375 0.8912777777777778 0.04765625 0.08861111111111111
24 0.674265625 0.4958611111111111 0.089296875 0.15583333333333332
5 0.15146874999999999 0.60175 0.30293749999999997 0.4379444444444444
84 0.7677343750000001 0.884 0.07570312500000001 0.13608333333333333
86 0.9304218750000001 0.5860277777777778 0.076953125 0.12611111111111112
5 0.24732812499999998 0.06427777777777778 0.1173125 0.12858333333333333
40 0.5790625 0.3229166666666667 0.09775 0.014277777777777776
42 0.494203125 0.4043888888888889 0.097390625 0.016583333333333332
64 0.49204687500000005 0.42194444444444446 0.090015625 0.010333333333333333
40 0.3646875 0.5416944444444444 0.09489062499999999 0.014361111111111111
23 0.3635 0.5544722222222223 0.096890625 0.012694444444444446
64 0.725453125 0.15063888888888888 0.069546875 0.01136111111111111
41 0.7210625 0.135 0.060750000000000005 0.017055555555555553
41 0.80659375 0.14069444444444443 0.095921875 0.02275
64 0.807 0.11297222222222222 0.09032812500000001 0.0071111111111111115
41 0.80740625 0.10302777777777779 0.09273437500000001 0.01563888888888889
68 0.08832812500000001 0.15775 0.17667187499999998 0.3155
29 0.08434375 0.14069444444444443 0.013593749999999998 0.03127777777777778
66 0.10392187500000001 0.17052777777777778 0.02878125 0.034111111111111106
1 0.0899375 0.12647222222222224 0.013593749999999998 0.025583333333333336
67 0.095125 0.10941666666666666 0.00959375 0.03127777777777778
30 0.103515625 0.11441666666666667 0.01678125 0.027000000000000003
2 0.1123125 0.12505555555555556 0.019984375 0.028416666666666666