86 0.93065625 0.5891944444444445 0.07659375 0.1343611111111111
84 0.76853125 0.8843888888888889 0.074625 0.13255555555555557
64 0.49743750000000003 0.4157777777777778 0.097578125 0.013194444444444444
42 0.49528125 0.3985 0.09615625 0.014277777777777776
68 0.08703125 0.153 0.174078125 0.306
5 0.45728125000000003 0.681138888888889 0.166234375 0.3011388888888889
70 0.490625 0.4666666666666667 0.4796875 0.5111111111111111 0.4703125 0.5138888888888888 0.4765625 0.5805555555555556 0.4828125 0.5694444444444444 0.4890625 0.5861111111111111 0.4953125 0.5861111111111111 0.4984375 0.5722222222222222 0.509375 0.5722222222222222 0.5140625 0.5611111111111111 0.5078125 0.5555555555555556 0.5171875 0.5361111111111111 0.509375 0.5305555555555556 0.5078125 0.5138888888888888 0.5125 0.5083333333333333 0.5078125 0.5083333333333333 0.4953125 0.4666666666666667
70 0.4625 0.5527777777777778 0.4578125 0.5694444444444444 0.459375 0.5916666666666667 0.465625 0.5805555555555556 0.465625 0.5527777777777778
85 0.8296875 0.625 0.8046875 0.6333333333333333 0.7875 0.6666666666666666 0.7859375 0.7166666666666667 0.790625 0.7361111111111112 0.803125 0.7583333333333333 0.8171875 0.7666666666666667 0.8484375 0.7527777777777778 0.8640625 0.7083333333333334 0.865625 0.6805555555555556 0.85625 0.6472222222222223 0.8328125 0.625
62 0.12167187500000001 0.22113888888888888 0.02015625 0.04822222222222222
29 0.101359375 0.151 0.021515625 0.04227777777777778
49 0.112125 0.15252777777777776 0.012453124999999999 0.03925
82 0.148640625 0.1555277777777778 0.022078125 0.03725
1 0.14581249999999998 0.10922222222222222 0.02321875 0.03725