56 0.5171875 0.4638888888888889 0.4890625 0.48055555555555557 0.49375 0.5472222222222223 0.5046875 0.5555555555555556 0.5125 0.5916666666666667 0.5171875 0.5916666666666667 0.509375 0.5555555555555556 0.5140625 0.5083333333333333 0.5078125 0.49166666666666664 0.525 0.4722222222222222 0.521875 0.4638888888888889
5 0.609375 0.19444444444444445 0.603125 0.20277777777777778 0.5640625 0.20277777777777778 0.559375 0.2222222222222222 0.5359375 0.225 0.5265625 0.25 0.5015625 0.25277777777777777 0.478125 0.29444444444444445 0.4703125 0.2916666666666667 0.4625 0.3138888888888889 0.45 0.3111111111111111 0.4515625 0.3333333333333333 0.43125 0.3611111111111111 0.4359375 0.37222222222222223 0.43125 0.375 0.4296875 0.4111111111111111 0.4203125 0.4444444444444444 0.4125 0.525 0.44375 0.5444444444444444 0.4734375 0.5472222222222223 0.4890625 0.5361111111111111 0.484375 0.4861111111111111 0.49375 0.4666666666666667 0.525 0.46111111111111114 0.5296875 0.475 0.5140625 0.4861111111111111 0.515625 0.5055555555555555 0.5359375 0.4888888888888889 0.55625 0.4388888888888889 0.5546875 0.4222222222222222 0.5765625 0.3888888888888889 0.584375 0.35 0.60625 0.34444444444444444 0.63125 0.31666666666666665 0.63125 0.2972222222222222 0.6234375 0.28055555555555556 0.5921875 0.2777777777777778 0.5921875 0.2638888888888889 0.5984375 0.25833333333333336 0.5953125 0.22777777777777777 0.6015625 0.21666666666666667 0.621875 0.21666666666666667 0.6234375 0.25833333333333336 0.6390625 0.2833333333333333 0.6421875 0.24166666666666667 0.6328125 0.21944444444444444 0.64375 0.21388888888888888 0.6125 0.19444444444444445
0 0.6125 0.21666666666666667 0.596875 0.22777777777777777 0.6046875 0.2611111111111111 0.5953125 0.26666666666666666 0.59375 0.2777777777777778 0.6171875 0.26944444444444443 0.6265625 0.2916666666666667 0.6375 0.3 0.6375 0.28888888888888886 0.61875 0.25555555555555554 0.6265625 0.23055555555555557 0.6140625 0.21666666666666667
24 0.759375 0.1527777777777778 0.7578125 0.16666666666666666 0.7640625 0.18055555555555555 0.7625 0.21388888888888888 0.7953125 0.21666666666666667 0.7953125 0.19444444444444445 0.78125 0.17777777777777778 0.778125 0.15833333333333333 0.765625 0.1527777777777778
24 0.8484375 0.16111111111111112 0.828125 0.19444444444444445 0.8203125 0.18611111111111112 0.8140625 0.19166666666666668 0.809375 0.2111111111111111 0.815625 0.21944444444444444 0.8171875 0.2361111111111111 0.828125 0.23333333333333334 0.853125 0.24722222222222223 0.878125 0.20277777777777778 0.8671875 0.17777777777777778 0.85 0.1638888888888889
5 0.72421875 0.058333333333333334 0.69375 0.06111111111111111 0.6765625 0.09166666666666666 0.66875 0.125 0.6796875 0.14722222222222223 0.678125 0.17222222222222222 0.6828125 0.18888888888888888 0.6921875 0.19166666666666668 0.7 0.16944444444444445 0.7125 0.16944444444444445 0.721875 0.18611111111111112 0.7328125 0.18611111111111112 0.7515625 0.16944444444444445 0.775 0.11388888888888889 0.7671875 0.08333333333333333 0.7421875 0.07777777777777778 0.7328125 0.058333333333333334
5 0.753125 0.05555555555555555 0.75 0.07222222222222222 0.765625 0.07777777777777778 0.778125 0.10833333333333334 0.79375 0.10555555555555556 0.803125 0.08888888888888889 0.8140625 0.09166666666666666 0.8203125 0.07777777777777778 0.8328125 0.08333333333333333 0.8609375 0.058333333333333334 0.75625 0.05555555555555555
85 0.79375 0.6138888888888889 0.76875 0.6194444444444445 0.7546875 0.6555555555555556 0.753125 0.6888888888888889 0.7578125 0.7055555555555556 0.7796875 0.7305555555555555 0.8 0.725 0.809375 0.7138888888888889 0.815625 0.6888888888888889 0.815625 0.6611111111111111 0.8203125 0.6527777777777778 0.8125 0.6277777777777778 0.8015625 0.6138888888888889
90 0.54140625 0.8944444444444445 0.5171875 0.8972222222222223 0.4984375 0.925 0.46875 0.9416666666666667 0.6265625 0.9416666666666667 0.621875 0.9333333333333333 0.5953125 0.925 0.590625 0.9138888888888889 0.5984375 0.9111111111111111 0.5984375 0.8944444444444445 0.55 0.8944444444444445
68 0.08203125 0.19722222222222222 0.1578125 0.2833333333333333
22 0.152046875 0.3194444444444444 0.0204375 0.036333333333333336
29 0.153390625 0.2665277777777778 0.021765625 0.04047222222222222
49 0.088578125 0.27005555555555555 0.018796874999999998 0.036944444444444446
66 0.035125 0.17066666666666666 0.022765625 0.03166666666666667
1 0.010390625 0.10997222222222224 0.016828125 0.015833333333333335
35 0.011421875 0.07263888888888889 0.01803125 0.034194444444444444
50 0.011875 0.09147222222222222 0.019796875 0.024638888888888887
23 0.50925 0.4101111111111111 0.08471875 0.014722222222222222
42 0.50878125 0.3978333333333333 0.081953125 0.009833333333333333
64 0.6285000000000001 0.1637222222222222 0.085640625 0.009833333333333333
41 0.627125 0.1506111111111111 0.0865625 0.009833333333333333