5 0.75325 0.27647222222222223 0.1266875 0.20775000000000002
5 0.113453125 0.8727222222222223 0.195734375 0.25455555555555553
85 0.827546875 0.6859166666666667 0.0724375 0.11525
70 0.478125 0.4222222222222222 0.4609375 0.42777777777777776 0.4625 0.4388888888888889 0.4453125 0.4777777777777778 0.4703125 0.49722222222222223 0.4640625 0.5138888888888888 0.4765625 0.525 0.4765625 0.5555555555555556 0.490625 0.5611111111111111 0.496875 0.575 0.5 0.5444444444444444 0.51875 0.5333333333333333 0.5171875 0.5111111111111111 0.5109375 0.5 0.5171875 0.4888888888888889 0.5046875 0.4527777777777778 0.4921875 0.44166666666666665 0.496875 0.43333333333333335 0.4890625 0.4222222222222222
42 0.49448437500000003 0.39875000000000005 0.09878125 0.016972222222222222
5 0.262515625 0.03927777777777778 0.105625 0.07836111111111112
26 0.730421875 0.6855555555555556 0.1036875 0.19136111111111112
64 0.492984375 0.4152777777777778 0.095 0.013083333333333334
68 0.0890625 0.15833333333333333 0.178125 0.31666666666666665
1 0.13759375000000001 0.17244444444444443 0.020749999999999998 0.033694444444444444
67 0.146625 0.14355555555555555 0.020749999999999998 0.030472222222222223
66 0.14346874999999998 0.10747222222222222 0.023453125 0.0385
61 0.054796875 0.0933611111111111 0.020546875 0.04872222222222222
29 0.1055625 0.06816666666666667 0.01984375 0.043305555555555555
89 0.5546875 0.05555555555555555 0.5515625 0.06666666666666667 0.5671875 0.08055555555555556 0.565625 0.12222222222222222 0.55625 0.12222222222222222 0.56875 0.1527777777777778 0.5921875 0.15833333333333333 0.603125 0.13055555555555556 0.60625 0.09166666666666666 0.596875 0.058333333333333334 0.56875 0.05555555555555555