5 0.6921875 0.2833333333333333 0.684375 0.30833333333333335 0.671875 0.30833333333333335 0.6671875 0.34444444444444444 0.65 0.36666666666666664 0.65625 0.37777777777777777 0.653125 0.39166666666666666 0.6328125 0.37222222222222223 0.625 0.3861111111111111 0.61875 0.4222222222222222 0.6046875 0.4305555555555556 0.5984375 0.4527777777777778 0.5828125 0.4777777777777778 0.5734375 0.4777777777777778 0.5640625 0.49722222222222223 0.55625 0.5 0.55 0.48055555555555557 0.5390625 0.4888888888888889 0.5359375 0.4777777777777778 0.5234375 0.4777777777777778 0.5125 0.46111111111111114 0.5015625 0.4666666666666667 0.490625 0.4527777777777778 0.4625 0.4527777777777778 0.453125 0.48055555555555557 0.434375 0.4666666666666667 0.4265625 0.4861111111111111 0.4109375 0.49722222222222223 0.40625 0.5138888888888888 0.4109375 0.5527777777777778 0.45 0.6388888888888888 0.48125 0.6527777777777778 0.5015625 0.7138888888888889 0.5921875 0.7166666666666667 0.60625 0.7055555555555556 0.65 0.6416666666666667 0.6578125 0.6194444444444445 0.6734375 0.6166666666666667 0.690625 0.5861111111111111 0.7125 0.5666666666666667 0.7140625 0.2916666666666667 0.70625 0.2833333333333333
5 0.4453125 0.05 0.4234375 0.06388888888888888 0.390625 0.06111111111111111 0.3765625 0.1 0.3609375 0.09444444444444444 0.3453125 0.11388888888888889 0.35 0.1361111111111111 0.3453125 0.14722222222222223 0.346875 0.16111111111111112 0.3671875 0.20833333333333334 0.3984375 0.2222222222222222 0.40625 0.21944444444444444 0.409375 0.20833333333333334 0.3875 0.13333333333333333 0.3984375 0.15 0.4109375 0.14444444444444443 0.4484375 0.21388888888888888 0.4703125 0.20833333333333334 0.478125 0.19444444444444445 0.4921875 0.1527777777777778 0.490625 0.10277777777777777 0.484375 0.08611111111111111 0.478125 0.08611111111111111 0.471875 0.06944444444444445 0.4609375 0.06666666666666667 0.4515625 0.05
55 0.334375 0.18055555555555555 0.3203125 0.20277777777777778 0.3234375 0.2388888888888889 0.315625 0.25833333333333336 0.3265625 0.26666666666666666 0.3296875 0.2916666666666667 0.3375 0.30277777777777776 0.3640625 0.2611111111111111 0.3609375 0.19444444444444445 0.340625 0.18055555555555555
70 0.484375 0.5638888888888889 0.05625 0.15
39 0.56484375 0.5611111111111111 0.0890625 0.16666666666666666
64 0.56796875 0.41805555555555557 0.0984375 0.019444444444444445
40 0.57265625 0.40555555555555556 0.0890625 0.022222222222222223
64 0.4921875 0.4083333333333333 0.103125 0.016666666666666666
42 0.490625 0.3958333333333333 0.1 0.019444444444444445
68 0.08984375 0.15833333333333333 0.1796875 0.31666666666666665
49 0.028125 0.2708333333333333 0.015625 0.041666666666666664
29 0.04296875 0.16111111111111112 0.0171875 0.03888888888888889
82 0.04921875 0.12777777777777777 0.0265625 0.027777777777777776
1 0.066796875 0.13902777777777778 0.02396875 0.0345
66 0.07764062499999999 0.1451111111111111 0.018265625 0.030444444444444448
84 0.7671875 0.8111111111111111 0.75 0.8166666666666667 0.7359375 0.8361111111111111 0.7296875 0.8805555555555555 0.74375 0.9277777777777778 0.7734375 0.9527777777777777 0.8015625 0.9222222222222223 0.8078125 0.8666666666666667 0.8015625 0.8361111111111111 0.790625 0.8194444444444444 0.78125 0.8111111111111111 0.76875 0.8138888888888889
85 0.8255208333333334 0.7 0.790625 0.7027777777777777 0.790625 0.7111111111111111 0.796875 0.7361111111111112 0.8046875 0.7444444444444445 0.8296875 0.7444444444444445 0.8484375 0.7166666666666667 0.8484375 0.7055555555555556 0.834375 0.7