56 0.4953125 0.46944444444444444 0.4796875 0.48333333333333334 0.4734375 0.5 0.484375 0.5083333333333333 0.484375 0.5944444444444444 0.5046875 0.5361111111111111 0.5328125 0.5277777777777778 0.5203125 0.5083333333333333 0.5265625 0.48333333333333334 0.509375 0.4861111111111111 0.4984375 0.46944444444444444
27 0.5 0.4166666666666667 0.4484375 0.425 0.4453125 0.43333333333333335 0.45 0.44166666666666665 0.4453125 0.4527777777777778 0.4546875 0.46944444444444444 0.45 0.49166666666666664 0.484375 0.4722222222222222 0.5 0.4722222222222222 0.5015625 0.4583333333333333 0.509375 0.4666666666666667 0.509375 0.48055555555555557 0.521875 0.48055555555555557 0.528125 0.4583333333333333 0.5359375 0.4527777777777778 0.5359375 0.4305555555555556 0.5328125 0.425 0.528125 0.43333333333333335 0.509375 0.4166666666666667
74 0.7125 0.1361111111111111 0.7046875 0.15833333333333333 0.696875 0.15555555555555556 0.6890625 0.175 0.6953125 0.20277777777777778 0.6828125 0.21388888888888888 0.69375 0.21666666666666667 0.6953125 0.23055555555555557 0.684375 0.2638888888888889 0.6875 0.28055555555555556 0.696875 0.25277777777777777 0.7109375 0.25833333333333336 0.7171875 0.17777777777777778 0.7140625 0.1361111111111111
17 0.6328125 0.4888888888888889 0.615625 0.5 0.628125 0.5194444444444445 0.628125 0.5333333333333333 0.6203125 0.5416666666666666 0.628125 0.5611111111111111 0.6 0.5611111111111111 0.5890625 0.5805555555555556 0.5953125 0.5888888888888889 0.6140625 0.575 0.6234375 0.5777777777777777 0.609375 0.6222222222222222 0.63125 0.5916666666666667 0.6421875 0.5916666666666667 0.6453125 0.65 0.6515625 0.6361111111111111 0.653125 0.6055555555555555 0.6578125 0.5972222222222222 0.6734375 0.5972222222222222 0.675 0.5611111111111111 0.68125 0.5583333333333333 0.6828125 0.5472222222222223 0.6640625 0.5138888888888888 0.646875 0.5111111111111111 0.646875 0.49166666666666664 0.634375 0.4888888888888889
84 0.7921875 0.6138888888888889 0.7671875 0.6222222222222222 0.7546875 0.6527777777777778 0.75625 0.6861111111111111 0.771875 0.7166666666666667 0.7953125 0.7166666666666667 0.8109375 0.6916666666666667 0.8140625 0.6472222222222223 0.809375 0.625 0.8 0.6138888888888889
24 0.303125 0.39444444444444443 0.290625 0.425 0.2984375 0.4722222222222222 0.3203125 0.4777777777777778 0.3359375 0.45555555555555555 0.3375 0.4305555555555556 0.321875 0.4388888888888889 0.3203125 0.4083333333333333 0.3125 0.39444444444444443
24 0.2703125 0.5944444444444444 0.24375 0.6138888888888889 0.2390625 0.6444444444444445 0.228125 0.6638888888888889 0.2296875 0.6861111111111111 0.2359375 0.6972222222222222 0.246875 0.7027777777777777 0.2640625 0.6694444444444444 0.26875 0.6722222222222223 0.2703125 0.6888888888888889 0.275 0.6888888888888889 0.278125 0.6 0.2734375 0.5944444444444444
24 0.2390625 0.7472222222222222 0.2328125 0.7833333333333333 0.2078125 0.7972222222222223 0.1953125 0.8277777777777777 0.209375 0.8305555555555556 0.2046875 0.9055555555555556 0.215625 0.9194444444444444 0.2515625 0.9166666666666666 0.2546875 0.8916666666666667 0.265625 0.8861111111111111 0.2703125 0.8527777777777777 0.2625 0.825 0.253125 0.825 0.246875 0.8138888888888889 0.2515625 0.8055555555555556 0.275 0.8222222222222222 0.2796875 0.8111111111111111 0.2703125 0.7888888888888889 0.25 0.7888888888888889 0.2453125 0.7805555555555556 0.24375 0.7472222222222222
90 0.0640625 0.5194444444444445 0.04375 0.5555555555555556 0 0.5666666666666667 0 0.5972222222222222 0.034375 0.5805555555555556 0.0453125 0.5805555555555556 0.05 0.5916666666666667 0.034375 0.6166666666666667 0 0.6166666666666667 0 0.6277777777777778 0.015625 0.6305555555555555 0.021875 0.6416666666666667 0.0171875 0.65 0.04375 0.6444444444444445 0.053125 0.6305555555555555 0.0765625 0.6388888888888888 0.06875 0.6833333333333333 0.059375 0.6916666666666667 0.0578125 0.7222222222222222 0.0625 0.7361111111111112 0.0640625 0.8027777777777778 0.0765625 0.8416666666666667 0.0796875 0.8694444444444445 0.0875 0.875 0.096875 0.9027777777777778 0.10625 0.8972222222222223 0.125 0.9194444444444444 0.16875 0.9305555555555556 0.134375 0.9138888888888889 0.121875 0.8944444444444445 0.125 0.8722222222222222 0.153125 0.8555555555555555 0.1609375 0.8333333333333334 0.1703125 0.8444444444444444 0.1546875 0.8722222222222222 0.1640625 0.8694444444444445 0.1765625 0.8333333333333334 0.1703125 0.8222222222222222 0.1765625 0.8166666666666667 0.171875 0.8138888888888889 0.1765625 0.8027777777777778 0.16875 0.7777777777777778 0.159375 0.7777777777777778 0.146875 0.7555555555555555 0.1265625 0.7444444444444445 0.1546875 0.7361111111111112 0.1609375 0.725 0.14375 0.65 0.15 0.5861111111111111 0.18125 0.5944444444444444 0.1265625 0.5555555555555556 0.10625 0.55 0.08125 0.5222222222222223 0.065625 0.5222222222222223
5 0.2984375 0.058333333333333334 0.2828125 0.06944444444444445 0.278125 0.08333333333333333 0.25625 0.08888888888888889 0.2375 0.11666666666666667 0.228125 0.11666666666666667 0.2234375 0.10555555555555556 0.2140625 0.11666666666666667 0.2 0.10833333333333334 0.1890625 0.1388888888888889 0.1609375 0.14722222222222223 0.159375 0.2833333333333333 0.1515625 0.3 0.1546875 0.30833333333333335 0.14375 0.3138888888888889 0.134375 0.3333333333333333 0.1359375 0.3416666666666667 0.15 0.3527777777777778 0.18125 0.3527777777777778 0.2171875 0.3333333333333333 0.2421875 0.30833333333333335 0.253125 0.275 0.2875 0.2388888888888889 0.303125 0.2111111111111111 0.334375 0.19166666666666668 0.365625 0.15833333333333333 0.3703125 0.12777777777777777 0.3671875 0.1111111111111111 0.328125 0.10833333333333334 0.31875 0.08888888888888889 0.3171875 0.06666666666666667 0.3 0.058333333333333334
5 0.86875 0.17777777777777778 0.853125 0.20277777777777778 0.840625 0.19166666666666668 0.8296875 0.20833333333333334 0.8265625 0.18888888888888888 0.8 0.19444444444444445 0.784375 0.2388888888888889 0.7859375 0.2777777777777778 0.78125 0.2861111111111111 0.7890625 0.3138888888888889 0.80625 0.3388888888888889 0.85625 0.35833333333333334 0.86875 0.375 0.9015625 0.39444444444444443 0.94375 0.4111111111111111 0.98125 0.4 0.984375 0.41944444444444445 0.9984375 0.425 0.9984375 0.25555555555555554 0.9859375 0.25833333333333336 0.978125 0.2722222222222222 0.9734375 0.2638888888888889 0.9671875 0.26666666666666666 0.95625 0.24722222222222223 0.9578125 0.2361111111111111 0.9453125 0.24166666666666667 0.940625 0.22777777777777777 0.93125 0.23055555555555557 0.928125 0.21944444444444444 0.934375 0.21388888888888888 0.9296875 0.20277777777777778 0.9 0.19722222222222222 0.8890625 0.18055555555555555 0.8765625 0.2 0.8703125 0.18055555555555555
45 0.64765625 0.8055555555555556 0.6359375 0.8083333333333333 0.625 0.8361111111111111 0.6265625 0.8666666666666667 0.6421875 0.8888888888888888 0.65625 0.8888888888888888 0.671875 0.8638888888888889 0.6703125 0.8222222222222222 0.65625 0.8055555555555556
68 0.08090625 0.19527777777777777 0.161796875 0.2876388888888889
67 0.082328125 0.1961111111111111 0.020515625000000003 0.035472222222222224
49 0.07234375 0.27052777777777776 0.01940625 0.030555555555555555
29 0.075953125 0.3163333333333333 0.017734375 0.035472222222222224
66 0.033265625 0.14288888888888887 0.016625 0.0335
82 0.019953125 0.11530555555555555 0.017734375 0.0335
2 0.029109375 0.09805555555555555 0.0171875 0.028583333333333332
23 0.5086875 0.4101944444444444 0.08837500000000001 0.00938888888888889
42 0.5090625 0.3974444444444445 0.083078125 0.010750000000000001
64 0.49887499999999996 0.3538055555555556 0.08534375 0.012083333333333333
40 0.499625 0.3417222222222222 0.08384375 0.017444444444444446
67 0.721296875 0.10405555555555555 0.083078125 0.00938888888888889
41 0.7205468749999999 0.09197222222222222 0.081578125 0.014777777777777779
22 0.152640625 0.3194444444444444 0.016828125 0.036333333333333336
35 0.013218750000000001 0.06944444444444445 0.016828125 0.036333333333333336