85 0.8292187500000001 0.6953611111111111 0.077984375 0.13708333333333333
5 0.85759375 0.3506388888888889 0.141015625 0.2167777777777778
5 0.48853125000000003 0.6682222222222223 0.20096875 0.2459722222222222
5 0.129390625 0.9235833333333333 0.14778125 0.14555555555555555
70 0.50703125 0.4527777777777778 0.4875 0.4583333333333333 0.4765625 0.48055555555555557 0.4703125 0.5111111111111111 0.4671875 0.5 0.4609375 0.5111111111111111 0.459375 0.5 0.4453125 0.49444444444444446 0.446875 0.5111111111111111 0.478125 0.5611111111111111 0.4875 0.5527777777777778 0.496875 0.5527777777777778 0.5015625 0.5638888888888889 0.5078125 0.5555555555555556 0.515625 0.5638888888888889 0.5328125 0.5583333333333333 0.5453125 0.5388888888888889 0.5484375 0.5166666666666667 0.5359375 0.4888888888888889 0.5328125 0.4666666666666667 0.515625 0.4527777777777778
42 0.49371875000000004 0.39822222222222226 0.09828125 0.01575
64 0.49278125 0.4146944444444444 0.094140625 0.012305555555555554
68 0.087234375 0.1569722222222222 0.17445312500000001 0.3139166666666667
92 0.40532812500000004 0.11733333333333335 0.065828125 0.09855555555555555
32 0.6109375 0.36944444444444446 0.6 0.375 0.5921875 0.39444444444444443 0.5953125 0.4166666666666667 0.6015625 0.425 0.6 0.4777777777777778 0.5625 0.5361111111111111 0.5640625 0.5583333333333333 0.5796875 0.5833333333333334 0.6046875 0.5944444444444444 0.6140625 0.5944444444444444 0.6296875 0.5777777777777777 0.6375 0.5861111111111111 0.6453125 0.5694444444444444 0.6390625 0.5555555555555556 0.6453125 0.5416666666666666 0.634375 0.5194444444444445 0.6328125 0.5 0.640625 0.4722222222222222 0.6421875 0.42777777777777776 0.653125 0.4111111111111111 0.6578125 0.3888888888888889 0.6375 0.38333333333333336 0.6328125 0.4 0.625 0.4027777777777778 0.621875 0.36944444444444446
40 0.625 0.3333333333333333 0.090625 0.022222222222222223
15 0.484375 0.8083333333333333 0.478125 0.8305555555555556 0.446875 0.8305555555555556 0.4421875 0.8111111111111111 0.4421875 0.825 0.425 0.8416666666666667 0.4171875 0.8638888888888889 0.41875 0.8861111111111111 0.4078125 0.9055555555555556 0.3765625 0.9472222222222222 0.3640625 0.9472222222222222 0.340625 0.9777777777777777 0.3578125 0.975 0.3671875 0.9972222222222222 0.390625 0.9972222222222222 0.403125 0.975 0.4125 0.9972222222222222 0.546875 0.9972222222222222 0.5484375 0.9805555555555555 0.5390625 0.9694444444444444 0.5515625 0.9611111111111111 0.5453125 0.9638888888888889 0.540625 0.9555555555555556 0.565625 0.9444444444444444 0.584375 0.9972222222222222 0.61875 0.9972222222222222 0.5859375 0.9527777777777777 0.546875 0.8694444444444445 0.5203125 0.8444444444444444 0.49375 0.8361111111111111 0.4875 0.825 0.4875 0.8083333333333333
62 0.1221875 0.22091666666666668 0.019765625000000002 0.04622222222222223
29 0.12478125 0.14975 0.01871875 0.029583333333333333
49 0.137265625 0.12108333333333335 0.0145625 0.03141666666666667
1 0.127390625 0.11925 0.017671875 0.03513888888888889
66 0.0083125 0.30597222222222226 0.016640625 0.03513888888888889