89 0.7828125 0.65 0.76875 0.6611111111111111 0.7546875 0.6527777777777778 0.7578125 0.6972222222222222 0.7703125 0.6972222222222222 0.7703125 0.7111111111111111 0.775 0.7138888888888889 0.784375 0.6888888888888889 0.7859375 0.65
89 0.6859375 0.5166666666666667 0.665625 0.5361111111111111 0.6578125 0.5194444444444445 0.6546875 0.5305555555555556 0.6484375 0.5277777777777778 0.6515625 0.6222222222222222 0.6609375 0.6527777777777778 0.68125 0.6527777777777778 0.675 0.6916666666666667 0.684375 0.7027777777777777 0.69375 0.6972222222222222 0.6984375 0.6277777777777778 0.7203125 0.6222222222222222 0.725 0.6388888888888888 0.7484375 0.6472222222222223 0.7375 0.6111111111111112 0.7375 0.5944444444444444 0.746875 0.5722222222222222 0.715625 0.55 0.70625 0.5194444444444445 0.6890625 0.5166666666666667
70 0.471875 0.4527777777777778 0.45 0.49444444444444446 0.4453125 0.5277777777777778 0.459375 0.5472222222222223 0.4828125 0.5083333333333333 0.4765625 0.5888888888888889 0.48125 0.5972222222222222 0.484375 0.5722222222222222 0.4984375 0.5416666666666666 0.50625 0.49444444444444446 0.5203125 0.4861111111111111 0.4890625 0.46944444444444444 0.484375 0.4527777777777778
5 0.3765625 0.38055555555555554 0.371875 0.39166666666666666 0.3546875 0.3888888888888889 0.3390625 0.4305555555555556 0.3171875 0.4444444444444444 0.309375 0.44166666666666665 0.3015625 0.45555555555555555 0.2984375 0.45 0.296875 0.4638888888888889 0.2765625 0.48333333333333334 0.2734375 0.49722222222222223 0.246875 0.5 0.23125 0.5305555555555556 0.221875 0.5305555555555556 0.2125 0.5472222222222223 0.2046875 0.5444444444444444 0.203125 0.5666666666666667 0.1953125 0.5861111111111111 0.1734375 0.5944444444444444 0.196875 0.625 0.2421875 0.7138888888888889 0.2375 0.7333333333333333 0.2375 0.8166666666666667 0.228125 0.8805555555555555 0.2203125 0.8916666666666667 0.2171875 0.8833333333333333 0.215625 0.7194444444444444 0.209375 0.7166666666666667 0.2015625 0.6722222222222223 0.1921875 0.6555555555555556 0.1546875 0.6333333333333333 0.1546875 0.6916666666666667 0.134375 0.7194444444444444 0.1328125 0.7694444444444445 0.128125 0.7805555555555556 0.11875 0.7722222222222223 0.1125 0.8083333333333333 0.1 0.8138888888888889 0.09375 0.8694444444444445 0.1015625 0.8888888888888888 0.125 0.9222222222222223 0.1375 0.9277777777777778 0.165625 0.9333333333333333 0.2109375 0.9222222222222223 0.23125 0.8944444444444445 0.23125 0.8833333333333333 0.246875 0.8833333333333333 0.253125 0.8666666666666667 0.275 0.8416666666666667 0.278125 0.825 0.290625 0.8055555555555556 0.3125 0.7277777777777777 0.3328125 0.7083333333333334 0.3515625 0.675 0.35 0.65 0.3578125 0.6472222222222223 0.3734375 0.6166666666666667 0.3953125 0.6111111111111112 0.415625 0.5805555555555556 0.4375 0.5638888888888889 0.4421875 0.5472222222222223 0.4375 0.5083333333333333 0.45 0.4888888888888889 0.459375 0.45555555555555555 0.4421875 0.4361111111111111 0.4234375 0.4305555555555556 0.4140625 0.41388888888888886 0.4125 0.39166666666666666 0.396875 0.38055555555555554 0.378125 0.38333333333333336
5 0.6296875 0.275 0.5 0.2833333333333333 0.5015625 0.3333333333333333 0.5109375 0.34444444444444444 0.5203125 0.3416666666666667 0.528125 0.3527777777777778 0.546875 0.35555555555555557 0.5546875 0.37222222222222223 0.5765625 0.37222222222222223 0.621875 0.32222222222222224 0.625 0.3055555555555556 0.6375 0.29444444444444445 0.63125 0.275
5 0.6375 0.26944444444444443 0.609375 0.2722222222222222 0.6015625 0.28055555555555556 0.5 0.28055555555555556 0.4984375 0.33055555555555555 0.5015625 0.34444444444444444 0.509375 0.35 0.54375 0.35555555555555557 0.5484375 0.375 0.5671875 0.37777777777777777 0.5875 0.3638888888888889 0.590625 0.3527777777777778 0.61875 0.325 0.634375 0.29444444444444445 0.6375 0.2722222222222222
5 0.7296875 0 0.721875 0.016666666666666666 0.6953125 0.016666666666666666 0.684375 0.027777777777777776 0.671875 0.05277777777777778 0.653125 0.06944444444444445 0.6421875 0.1111111111111111 0.625 0.125 0.6109375 0.15555555555555556 0.615625 0.17222222222222222 0.6421875 0.175 0.653125 0.18611111111111112 0.6546875 0.20833333333333334 0.65 0.21388888888888888 0.6546875 0.21666666666666667 0.65625 0.23333333333333334 0.68125 0.24166666666666667 0.703125 0.23333333333333334 0.728125 0.20277777777777778 0.7546875 0.18888888888888888 0.790625 0.15555555555555556 0.8421875 0.14166666666666666 0.86875 0.09166666666666666 0.8703125 0.07777777777777778 0.859375 0.044444444444444446 0.8453125 0.05 0.8390625 0.041666666666666664 0.84375 0.027777777777777776 0.8578125 0.027777777777777776 0.84375 0 0.74375 0
24 0.5573951579060088 0.83880908753107 0.5439492220793288 0.8301167653804888 0.5317256440550742 0.8235975237675532 0.51875 0.8388888888888889 0.5359375 0.8972222222222223 0.5453125 0.9083333333333333 0.55625 0.9027777777777778 0.5734375 0.8388888888888889 0.5696187359302634 0.8127321210793268
25 0.80625 0.24166666666666667 0.78125 0.2722222222222222 0.7546875 0.2777777777777778 0.7796875 0.28055555555555556 0.7828125 0.2861111111111111 0.778125 0.3138888888888889 0.7828125 0.3277777777777778 0.790625 0.3111111111111111 0.803125 0.3055555555555556 0.8140625 0.30833333333333335 0.821875 0.325 0.8328125 0.2972222222222222 0.83125 0.2777777777777778 0.8359375 0.26666666666666666 0.8203125 0.24444444444444444 0.8078125 0.24444444444444444
45 0.6625 0.8472222222222222 0.6546875 0.8527777777777777 0.6421875 0.8833333333333333 0.64375 0.9083333333333333 0.659375 0.9333333333333333 0.6765625 0.9333333333333333 0.690625 0.9111111111111111 0.6921875 0.8777777777777778 0.675 0.8472222222222222
64 0.718140625 0.4791666666666667 0.099015625 0.010861111111111111
40 0.718140625 0.4617777777777778 0.0965625 0.015222222222222224
64 0.731578125 0.4172222222222222 0.099015625 0.017388888888888888
41 0.73096875 0.39875000000000005 0.09778125 0.015222222222222224
64 0.49567187500000004 0.41180555555555554 0.101453125 0.015222222222222224
42 0.49871875 0.3944166666666667 0.10023437500000001 0.015222222222222224
68 0.089234375 0.16080555555555556 0.17846875 0.31727777777777777
66 0.14484375 0.30641666666666667 0.02078125 0.034777777777777776
30 0.15523437499999998 0.27488888888888885 0.0195625 0.04563888888888889
29 0.049109375 0.16988888888888887 0.022078125 0.03925
49 0.07765625000000001 0.16988888888888887 0.015234375 0.04466666666666666
67 0.092125 0.16377777777777777 0.019796875 0.03788888888888889
1 0.009140625 0.04669444444444444 0.01065625 0.04466666666666666
2 0.022468750000000003 0.04197222222222222 0.017515625 0.04061111111111111
22 0.16646875 0.3002222222222222 0.01803125 0.03205555555555555
35 0.0108125 0.017083333333333336 0.021640625 0.034194444444444444