70 0.4859375 0.46944444444444444 0.4609375 0.5388888888888889 0.4671875 0.6166666666666667 0.478125 0.6138888888888889 0.4859375 0.5916666666666667 0.5046875 0.5916666666666667 0.4984375 0.4861111111111111 0.49375 0.46944444444444444
17 0.85625 0.5055555555555555 0.8515625 0.5416666666666666 0.8421875 0.5555555555555556 0.840625 0.5722222222222222 0.8484375 0.5916666666666667 0.8515625 0.6472222222222223 0.8671875 0.6638888888888889 0.890625 0.65 0.8953125 0.6583333333333333 0.8921875 0.6805555555555556 0.896875 0.6833333333333333 0.915625 0.6555555555555556 0.890625 0.6055555555555555 0.8890625 0.5722222222222222 0.8953125 0.5472222222222223 0.8859375 0.5388888888888889 0.871875 0.5416666666666666 0.8609375 0.5055555555555555
73 0.9234375 0.39166666666666666 0.9125 0.4027777777777778 0.903125 0.4777777777777778 0.9203125 0.4777777777777778 0.9234375 0.4666666666666667 0.9359375 0.4583333333333333 0.934375 0.44166666666666665 0.9421875 0.43333333333333335 0.9453125 0.4 0.934375 0.39166666666666666
24 0.3453125 0.2222222222222222 0.3171875 0.24722222222222223 0.3234375 0.25555555555555554 0.3171875 0.2916666666666667 0.33125 0.3194444444444444 0.35 0.32222222222222224 0.3640625 0.3055555555555556 0.36875 0.2861111111111111 0.3671875 0.2638888888888889 0.3578125 0.25277777777777777 0.3609375 0.2388888888888889 0.346875 0.225
5 0.2375 0 0.2140625 0.013888888888888888 0.1984375 0.011111111111111112 0.203125 0.016666666666666666 0.2 0.030555555555555555 0.1890625 0.025 0.1953125 0.011111111111111112 0.184375 0.011111111111111112 0.18125 0.019444444444444445 0.1859375 0.030555555555555555 0.1796875 0.03611111111111111 0.1765625 0.06944444444444445 0.1796875 0.24722222222222223 0.1734375 0.26944444444444443 0.184375 0.2722222222222222 0.1890625 0.2611111111111111 0.20625 0.25 0.2171875 0.25277777777777777 0.24375 0.23055555555555557 0.2625 0.18888888888888888 0.30625 0.125 0.334375 0.10833333333333334 0.36875 0.06666666666666667 0.30625 0.058333333333333334 0.2953125 0 0.2390625 0
24 0.3578125 0.15833333333333333 0.3484375 0.20833333333333334 0.3546875 0.20555555555555555 0.3640625 0.2222222222222222 0.3734375 0.21666666666666667 0.38125 0.16111111111111112 0.3609375 0.15833333333333333
24 0.434375 0.08333333333333333 0.425 0.10277777777777777 0.425 0.13055555555555556 0.434375 0.1388888888888889 0.4515625 0.1111111111111111 0.4515625 0.09722222222222222 0.44375 0.08333333333333333
25 0.5015625 0.030555555555555555 0.4875 0.05277777777777778 0.4875 0.07222222222222222 0.49375 0.08888888888888889 0.50625 0.08611111111111111 0.5125 0.06944444444444445 0.5125 0.03888888888888889 0.5078125 0.030555555555555555
90 0.09375 0.4083333333333333 0.0859375 0.4111111111111111 0.0859375 0.4222222222222222 0.0703125 0.44722222222222224 0 0.4638888888888889 0 0.5222222222222223 0.021875 0.5333333333333333 0.028125 0.5444444444444444 0.0484375 0.5305555555555556 0.059375 0.5527777777777778 0.0765625 0.5388888888888889 0.1 0.55 0.0828125 0.6027777777777777 0.0828125 0.6305555555555555 0.09375 0.6638888888888889 0.1125 0.6888888888888889 0.1 0.7777777777777778 0.1046875 0.7861111111111111 0.103125 0.8111111111111111 0.1203125 0.8472222222222222 0.1515625 0.85 0.16875 0.8111111111111111 0.1734375 0.8194444444444444 0.1890625 0.8027777777777778 0.2 0.7777777777777778 0.2015625 0.7305555555555555 0.1765625 0.6888888888888889 0.15625 0.6694444444444444 0.1796875 0.6555555555555556 0.184375 0.6388888888888888 0.209375 0.6777777777777778 0.2125 0.7138888888888889 0.2265625 0.7222222222222222 0.21875 0.7222222222222222 0.2265625 0.7388888888888889 0.2203125 0.7611111111111111 0.2265625 0.7666666666666667 0.2203125 0.775 0.225 0.7833333333333333 0.2203125 0.7861111111111111 0.2203125 0.8166666666666667 0.2203125 0.8 0.23125 0.7944444444444444 0.234375 0.7833333333333333 0.225 0.6972222222222222 0.196875 0.6138888888888889 0.171875 0.5944444444444444 0.165625 0.5583333333333333 0.165625 0.5472222222222223 0.175 0.5361111111111111 0.171875 0.5083333333333333 0.1859375 0.5 0.1921875 0.4861111111111111 0.1890625 0.475 0.2 0.475 0.203125 0.4888888888888889 0.215625 0.48055555555555557 0.1578125 0.44722222222222224 0.1328125 0.44166666666666665 0.128125 0.42777777777777776 0.0984375 0.4083333333333333
5 0.915625 0.075 0.903125 0.1 0.8953125 0.10277777777777777 0.8890625 0.09444444444444444 0.8765625 0.11666666666666667 0.8734375 0.09444444444444444 0.865625 0.08611111111111111 0.85625 0.09444444444444444 0.8421875 0.09166666666666666 0.8296875 0.1388888888888889 0.825 0.18055555555555555 0.8359375 0.23055555555555557 0.875 0.2638888888888889 0.8875 0.25833333333333336 0.9984375 0.26944444444444443 0.9984375 0.11388888888888889 0.984375 0.09444444444444444 0.953125 0.09166666666666666 0.946875 0.1 0.9171875 0.07777777777777778
64 0.49453125 0.41388888888888886 0.1015625 0.011111111111111112
42 0.49765625 0.4 0.0921875 0.016666666666666666
64 0.95390625 0.30277777777777776 0.0921875 0.011111111111111112
41 0.9515625 0.2861111111111111 0.090625 0.016666666666666666
68 0.08828125 0.15694444444444444 0.1765625 0.3138888888888889
30 0.15078125 0.2638888888888889 0.0171875 0.03888888888888889
29 0.146875 0.17777777777777778 0.01875 0.03333333333333333
49 0.06640625 0.13194444444444445 0.0203125 0.03611111111111111
1 0.016359375000000002 0.07516666666666666 0.018187500000000002 0.04041666666666667
82 0.039546874999999995 0.08647222222222221 0.01909375 0.033944444444444444
83 0.030921874999999998 0.06547222222222222 0.010906250000000001 0.04041666666666667
2 0.046828125 0.059805555555555556 0.01728125 0.03233333333333333
66 0.062281249999999996 0.07838888888888888 0.013640625 0.050111111111111106
67 0.07046875 0.07597222222222223 0.01728125 0.035555555555555556
50 0.084109375 0.09294444444444444 0.01728125 0.033944444444444444
84 0.76875 0.8138888888888889 0.7484375 0.8166666666666667 0.73125 0.8583333333333333 0.73125 0.8944444444444445 0.7421875 0.9194444444444444 0.75625 0.9305555555555556 0.7796875 0.925 0.7890625 0.9111111111111111 0.796875 0.8805555555555555 0.790625 0.825 0.7765625 0.8138888888888889
45 0.66875 0.8472222222222222 0.653125 0.8527777777777777 0.6421875 0.8777777777777778 0.6453125 0.9166666666666666 0.659375 0.9361111111111111 0.6765625 0.9361111111111111 0.69375 0.9055555555555556 0.690625 0.8666666666666667 0.6765625 0.8472222222222222
22 0.1670625 0.30127777777777776 0.019234375 0.034194444444444444
22 0.009015625 0.01922222222222222 0.01803125 0.03847222222222222