45 0.6683125000000001 0.89075 0.051312500000000004 0.09172222222222223
85 0.829515625 0.6963888888888888 0.07721875 0.13775
5 0.1779375 0.2358888888888889 0.12459374999999999 0.19844444444444445
64 0.495109375 0.41325 0.097421875 0.006583333333333333
42 0.49221875 0.39852777777777776 0.09426562499999999 0.01675
41 0.9626250000000001 0.28111111111111114 0.06792187499999999 0.01325
40 0.538265625 0.4263888888888889 0.092484375 0.01972222222222222
68 0.08940624999999999 0.15675 0.17879687500000002 0.3135
29 0.0745 0.06830555555555555 0.0140625 0.033305555555555554
66 0.06903125 0.011666666666666667 0.02071875 0.02330555555555556
49 0.08215625 0.02761111111111111 0.017953125 0.042944444444444445
2 0.0990625 0.025777777777777774 0.017265625 0.036833333333333336
30 0.105625 0.016555555555555556 0.02071875 0.03313888888888889