5 0.5328125 0.2722222222222222 0.5203125 0.29444444444444445 0.509375 0.2916666666666667 0.5015625 0.3 0.4703125 0.3472222222222222 0.46875 0.37222222222222223 0.48125 0.37222222222222223 0.4828125 0.35833333333333334 0.509375 0.35833333333333334 0.515625 0.38055555555555554 0.5484375 0.38333333333333336 0.5125 0.3888888888888889 0.5484375 0.3888888888888889 0.5515625 0.4111111111111111 0.540625 0.41944444444444445 0.496875 0.4222222222222222 0.4953125 0.4666666666666667 0.4859375 0.4888888888888889 0.46875 0.48333333333333334 0.4578125 0.5166666666666667 0.4609375 0.5277777777777778 0.4453125 0.5611111111111111 0.4390625 0.5638888888888889 0.4328125 0.5527777777777778 0.4046875 0.6083333333333333 0.4 0.6083333333333333 0.39375 0.5888888888888889 0.378125 0.5916666666666667 0.3640625 0.6194444444444445 0.35625 0.6166666666666667 0.3625 0.6333333333333333 0.35 0.6361111111111111 0.3578125 0.6611111111111111 0.353125 0.6694444444444444 0.3671875 0.675 0.365625 0.7 0.371875 0.7055555555555556 0.375 0.75 0.3828125 0.7722222222222223 0.3953125 0.7777777777777778 0.4703125 0.7305555555555555 0.484375 0.7083333333333334 0.515625 0.6833333333333333 0.525 0.6638888888888889 0.5484375 0.6416666666666667 0.575 0.5944444444444444 0.5890625 0.5305555555555556 0.621875 0.49722222222222223 0.628125 0.4638888888888889 0.628125 0.44722222222222224 0.6171875 0.43333333333333335 0.621875 0.4027777777777778 0.6171875 0.39166666666666666 0.6 0.38333333333333336 0.5921875 0.3416666666666667 0.575 0.3138888888888889 0.559375 0.3194444444444444 0.54375 0.2833333333333333 0.534375 0.275
27 0.7375 0.41944444444444445 0.7234375 0.4388888888888889 0.6890625 0.425 0.6890625 0.4388888888888889 0.6765625 0.4583333333333333 0.6875 0.5166666666666667 0.7296875 0.49166666666666664 0.7359375 0.5166666666666667 0.7328125 0.5305555555555556 0.7515625 0.5333333333333333 0.7734375 0.49722222222222223 0.76875 0.4722222222222222 0.7546875 0.48055555555555557 0.7453125 0.475 0.753125 0.44166666666666665 0.740625 0.41944444444444445
85 0.790625 0.6111111111111112 0.7671875 0.6222222222222222 0.7546875 0.6555555555555556 0.75625 0.6888888888888889 0.7640625 0.7083333333333334 0.7765625 0.7194444444444444 0.803125 0.7138888888888889 0.8171875 0.6972222222222222 0.815625 0.6805555555555556 0.8234375 0.6722222222222223 0.8171875 0.6333333333333333 0.796875 0.6111111111111112
84 0.7432291666666667 0.7777777777777778 0.7171875 0.7861111111111111 0.7046875 0.8138888888888889 0.7046875 0.8472222222222222 0.7109375 0.8722222222222222 0.734375 0.8916666666666667 0.7546875 0.875 0.7625 0.8833333333333333 0.771875 0.8527777777777777 0.7703125 0.8111111111111111 0.7515625 0.7777777777777778
56 0.49675 0.49475 0.055984374999999996 0.08002777777777778
23 0.50828125 0.4088611111111111 0.08562499999999999 0.00975
42 0.508828125 0.39519444444444446 0.08453125 0.021472222222222222
64 0.738484375 0.36630555555555555 0.0863125 0.010805555555555556
40 0.73909375 0.35766666666666663 0.08509375 0.010805555555555556
68 0.08204687499999999 0.19449999999999998 0.161671875 0.28525
29 0.13834375000000002 0.30230555555555555 0.01921875 0.03075
66 0.04659375 0.2023888888888889 0.020171875 0.029027777777777777
49 0.03603125 0.1818888888888889 0.016328125 0.029027777777777777
83 0.073015625 0.18275000000000002 0.021140625 0.03416666666666667
82 0.039875 0.15030555555555555 0.01825 0.023916666666666666
1 0.030265625 0.15030555555555555 0.012484375 0.03758333333333333
50 0.056203125 0.15627777777777777 0.020171875 0.029027777777777777
35 0.011421875 0.07263888888888889 0.02284375 0.042722222222222224
22 0.152640625 0.3183888888888889 0.016828125 0.034194444444444444