70 0.4921875 0.4722222222222222 0.4765625 0.48055555555555557 0.4671875 0.5111111111111111 0.4640625 0.5472222222222223 0.453125 0.575 0.4546875 0.5861111111111111 0.459375 0.5861111111111111 0.45625 0.5805555555555556 0.4609375 0.575 0.4640625 0.5805555555555556 0.459375 0.5944444444444444 0.453125 0.5944444444444444 0.4734375 0.6 0.4890625 0.5638888888888889 0.490625 0.5833333333333334 0.484375 0.6 0.4875 0.6138888888888889 0.4953125 0.6111111111111112 0.4953125 0.5888888888888889 0.503125 0.575 0.5 0.5444444444444444 0.515625 0.5166666666666667 0.5203125 0.49444444444444446 0.51875 0.48333333333333334 0.49375 0.4722222222222222
42 0.494078125 0.3983611111111111 0.09601562500000001 0.015416666666666665
64 0.49235937500000004 0.41483333333333333 0.09428125000000001 0.0115
32 0.346875 0.4305555555555556 0.334375 0.4527777777777778 0.3390625 0.5027777777777778 0.3515625 0.5222222222222223 0.3453125 0.575 0.3546875 0.5833333333333334 0.35625 0.5611111111111111 0.3640625 0.5527777777777778 0.365625 0.5833333333333334 0.3765625 0.5833333333333334 0.3765625 0.5166666666666667 0.3890625 0.5166666666666667 0.390625 0.5083333333333333 0.371875 0.49166666666666664 0.3609375 0.4444444444444444 0.3515625 0.4305555555555556
25 0.41875 0.19444444444444445 0.41875 0.20833333333333334 0.4078125 0.20833333333333334 0.4125 0.21944444444444444 0.3875 0.26666666666666666 0.3921875 0.28055555555555556 0.4109375 0.3 0.4078125 0.3416666666666667 0.4265625 0.35 0.4390625 0.325 0.4375 0.3055555555555556 0.4421875 0.28888888888888886 0.465625 0.2777777777777778 0.4703125 0.25 0.4609375 0.24722222222222223 0.45 0.2222222222222222 0.4453125 0.2222222222222222 0.4421875 0.20277777777777778 0.43125 0.20555555555555555 0.4203125 0.19444444444444445
40 0.36015625 0.3736111111111111 0.0890625 0.025
85 0.82421875 0.6930555555555555 0.0859375 0.13055555555555556
68 0.08984375 0.15833333333333333 0.1796875 0.31666666666666665
62 0.12348437500000001 0.2195277777777778 0.027171875 0.05269444444444444
66 0.072859375 0.19427777777777777 0.022234375 0.03733333333333333
29 0.115453125 0.09 0.02346875 0.03952777777777778
49 0.13089062499999998 0.0746388888888889 0.01234375 0.030722222222222224
1 0.142625 0.07683333333333334 0.020999999999999998 0.03513888888888889
67 0.135125 0.036694444444444446 0.022515625 0.04002777777777778