85 0.8295937500000001 0.6966111111111111 0.07731249999999999 0.137
5 0.736515625 0.15963888888888889 0.327671875 0.2519166666666667
84 0.76775 0.8844166666666666 0.076 0.1371388888888889
86 0.929734375 0.5931388888888889 0.07718749999999999 0.13458333333333333
45 0.666671875 0.8903888888888889 0.04959375 0.09205555555555556
5 0.50234375 0.9149166666666667 0.210703125 0.15919444444444444
42 0.4928125 0.3980555555555556 0.09715625 0.013833333333333335
70 0.4798125 0.5347777777777778 0.039015625 0.1327222222222222
64 0.49260937499999996 0.41472222222222227 0.09465625 0.011083333333333334
68 0.089421875 0.15811111111111112 0.178859375 0.31622222222222224
61 0.053265625000000004 0.09294444444444444 0.0244375 0.05386111111111111
1 0.0781875 0.07644444444444444 0.027359375000000002 0.041694444444444444
29 0.056203125 0.20675000000000002 0.0244375 0.041694444444444444
49 0.076234375 0.19980555555555557 0.025406250000000002 0.03822222222222222
82 0.077203125 0.16419444444444445 0.023453125 0.036500000000000005
66 0.11728125 0.14941666666666667 0.01759375 0.034749999999999996
2 0.111421875 0.09122222222222223 0.025406250000000002 0.036500000000000005
50 0.11971875000000001 0.10338888888888889 0.02053125 0.033