5 0.3309375 0.38619444444444445 0.4894375 0.47350000000000003
85 0.8295781249999999 0.6865 0.07775 0.11866666666666667
45 0.666609375 0.8917777777777778 0.048390625 0.08477777777777777
86 0.930125 0.5856388888888889 0.0748125 0.12516666666666668
84 0.770046875 0.8855 0.07834375 0.13558333333333333
25 0.8531718749999999 0.4989722222222222 0.094328125 0.15366666666666667
25 0.76096875 0.6182222222222222 0.05121875 0.10116666666666667
42 0.49293750000000003 0.39822222222222226 0.098484375 0.015527777777777777
68 0.087046875 0.15511111111111112 0.17409375 0.31022222222222223
89 0.21787499999999999 0.46227777777777773 0.098546875 0.14775
40 0.20603125000000003 0.34697222222222224 0.087703125 0.015416666666666665
32 0.621875 0.7361111111111112 0.60625 0.7611111111111111 0.60625 0.8305555555555556 0.575 0.8305555555555556 0.5703125 0.8222222222222222 0.571875 0.8388888888888889 0.5984375 0.8472222222222222 0.615625 0.8777777777777778 0.6296875 0.8777777777777778 0.6375 0.8916666666666667 0.640625 0.8666666666666667 0.6515625 0.8527777777777777 0.69375 0.8333333333333334 0.7203125 0.8027777777777778 0.6578125 0.825 0.653125 0.8083333333333333 0.640625 0.7972222222222223 0.6421875 0.7611111111111111 0.6234375 0.7388888888888889
40 0.6435625 0.6691388888888888 0.094984375 0.021111111111111112
29 0.090515625 0.2199722222222222 0.021328125 0.036833333333333336
66 0.10393749999999999 0.16849999999999998 0.022546875 0.04225
82 0.06887499999999999 0.1441388888888889 0.0219375 0.036833333333333336
49 0.08534375 0.15983333333333333 0.01828125 0.029249999999999998
1 0.0816875 0.14358333333333334 0.01828125 0.03141666666666667