70 0.484375 0.4638888888888889 0.465625 0.4777777777777778 0.4421875 0.4777777777777778 0.434375 0.4888888888888889 0.4296875 0.5444444444444444 0.440625 0.5694444444444444 0.4578125 0.5694444444444444 0.4765625 0.5444444444444444 0.4859375 0.5527777777777778 0.484375 0.5277777777777778 0.49375 0.49722222222222223 0.50625 0.4888888888888889 0.4859375 0.4638888888888889
90 0.35625 0.21944444444444444 0.3421875 0.24166666666666667 0.3421875 0.275 0.3265625 0.24444444444444444 0.2890625 0.28055555555555556 0.278125 0.3138888888888889 0.275 0.36944444444444446 0.28125 0.38333333333333336 0.290625 0.39444444444444443 0.3 0.375 0.309375 0.375 0.3015625 0.4083333333333333 0.284375 0.44722222222222224 0.290625 0.48055555555555557 0.3 0.48055555555555557 0.3015625 0.5333333333333333 0.2953125 0.6 0.3953125 0.5944444444444444 0.3984375 0.49444444444444446 0.39375 0.4861111111111111 0.3984375 0.48055555555555557 0.38125 0.4777777777777778 0.38125 0.44722222222222224 0.36875 0.44166666666666665 0.375 0.42777777777777776 0.36875 0.33055555555555555 0.3734375 0.3277777777777778 0.3765625 0.34444444444444444 0.3890625 0.34444444444444444 0.403125 0.3388888888888889 0.4140625 0.3194444444444444 0.4 0.2916666666666667 0.3921875 0.2916666666666667 0.3875 0.30277777777777776 0.3703125 0.2777777777777778 0.3625 0.2777777777777778 0.35625 0.28888888888888886 0.3453125 0.28055555555555556 0.3484375 0.26944444444444443 0.3578125 0.26666666666666666 0.3671875 0.21944444444444444
17 0.9625 0.3277777777777778 0.9609375 0.35 0.9390625 0.3638888888888889 0.9296875 0.38333333333333336 0.9296875 0.4 0.9546875 0.38055555555555554 0.9625 0.425 0.98125 0.42777777777777776 0.9984375 0.41944444444444445 0.9984375 0.3388888888888889 0.984375 0.3388888888888889 0.975 0.3277777777777778
86 0.934375 0.5222222222222223 0.90625 0.5333333333333333 0.8953125 0.5472222222222223 0.890625 0.5666666666666667 0.8875 0.6055555555555555 0.903125 0.6361111111111111 0.91875 0.6472222222222223 0.9421875 0.6388888888888888 0.953125 0.6194444444444445 0.95625 0.6 0.9671875 0.5916666666666667 0.959375 0.5472222222222223 0.9359375 0.525
85 0.8234375 0.6277777777777778 0.796875 0.6416666666666667 0.7875 0.6722222222222223 0.790625 0.7138888888888889 0.8015625 0.7361111111111112 0.8140625 0.7444444444444445 0.8265625 0.7444444444444445 0.8421875 0.7305555555555555 0.853125 0.6972222222222222 0.8484375 0.6444444444444445 0.8328125 0.6277777777777778
84 0.7744791666666667 0.8138888888888889 0.753125 0.8166666666666667 0.7328125 0.8444444444444444 0.7296875 0.8861111111111111 0.734375 0.9055555555555556 0.7484375 0.9277777777777778 0.778125 0.9305555555555556 0.790625 0.9166666666666666 0.796875 0.8833333333333333 0.80625 0.8777777777777778 0.8015625 0.8416666666666667 0.7828125 0.8138888888888889
68 0.0890625 0.15694444444444444 0.178125 0.3138888888888889
30 0.150796875 0.26563888888888887 0.0220625 0.04086111111111111
29 0.08184375 0.24275 0.018390625 0.024527777777777777
49 0.078625 0.21986111111111112 0.024828125 0.03761111111111111
66 0.10390625 0.23213888888888887 0.02390625 0.03269444444444444
82 0.025750000000000002 0.11197222222222222 0.02390625 0.03761111111111111
1 0.010578124999999999 0.08583333333333333 0.021156249999999998 0.03761111111111111
67 0.043671875 0.1046111111111111 0.017468749999999998 0.03597222222222222
64 0.49664062500000006 0.4109722222222222 0.093953125 0.01125
42 0.49559375 0.3987777777777778 0.09182812500000001 0.013138888888888891
35 0.009015625 0.018166666666666668 0.01803125 0.036333333333333336
22 0.168265625 0.297 0.014421875 0.042722222222222224
73 0.8725937500000001 0.2361111111111111 0.0985625 0.14316666666666666