64 0.495875 0.22802777777777777 0.10320312499999999 0.015722222222222224
42 0.4959375 0.21500000000000002 0.099671875 0.019444444444444445
40 0.57353125 0.22452777777777777 0.059953124999999996 0.02272222222222222
64 0.621140625 0.17730555555555555 0.09471874999999999 0.014583333333333334
41 0.6216875 0.1616388888888889 0.09534375 0.015722222222222224
64 0.609296875 0.12791666666666665 0.096546875 0.012944444444444444
41 0.608484375 0.11616666666666667 0.09334375 0.017388888888888888
100 0.265625 0.1 0.2671875 0.18611111111111112 0.2625 0.21666666666666667 0.2734375 0.22777777777777777 0.2828125 0.175 0.28125 0.14166666666666666 0.2859375 0.13333333333333333 0.275 0.1
41 0.2609375 0.04694444444444444 0.082875 0.01941666666666667
64 0.267765625 0.06072222222222222 0.092890625 0.011333333333333334
68 0.08834375 0.15625 0.1766875 0.3125
66 0.053484374999999994 0.28391666666666665 0.022 0.03372222222222222
29 0.077765625 0.25355555555555553 0.023515625000000002 0.043166666666666666
82 0.1263125 0.12002777777777777 0.020484375 0.04047222222222222
67 0.124046875 0.0735 0.020484375 0.03372222222222222
1 0.1369375 0.09441666666666668 0.023515625000000002 0.02427777777777778
30 0.13465625 0.06675 0.017453125 0.03372222222222222
83 0.15059375 0.05461111111111111 0.01896875 0.03372222222222222