5 0.496875 0.4222222222222222 0.4890625 0.4444444444444444 0.4765625 0.4388888888888889 0.4671875 0.4583333333333333 0.4421875 0.46944444444444444 0.434375 0.4638888888888889 0.415625 0.48333333333333334 0.3953125 0.4888888888888889 0.3921875 0.5111111111111111 0.3796875 0.5083333333333333 0.3703125 0.5166666666666667 0.3703125 0.5388888888888889 0.359375 0.5444444444444444 0.3453125 0.5277777777777778 0.3359375 0.5472222222222223 0.328125 0.55 0.321875 0.5944444444444444 0.30625 0.5833333333333334 0.3015625 0.6027777777777777 0.3046875 0.6416666666666667 0.29375 0.6472222222222223 0.29375 0.6833333333333333 0.2875 0.6888888888888889 0.2921875 0.6972222222222222 0.2953125 0.75 0.3125 0.7888888888888889 0.3421875 0.7944444444444444 0.3546875 0.775 0.375 0.775 0.4 0.7333333333333333 0.4109375 0.7333333333333333 0.4328125 0.7111111111111111 0.45 0.7055555555555556 0.46875 0.6611111111111111 0.48125 0.6666666666666666 0.4921875 0.6527777777777778 0.50625 0.6555555555555556 0.5203125 0.6305555555555555 0.528125 0.6361111111111111 0.546875 0.6222222222222222 0.559375 0.6305555555555555 0.571875 0.5916666666666667 0.5921875 0.5888888888888889 0.6015625 0.5638888888888889 0.5984375 0.5583333333333333 0.5234375 0.5694444444444444 0.5078125 0.5388888888888889 0.5109375 0.5277777777777778 0.503125 0.5055555555555555 0.5 0.5361111111111111 0.49375 0.5416666666666666 0.4859375 0.5277777777777778 0.4875 0.5111111111111111 0.496875 0.48333333333333334 0.5015625 0.49722222222222223 0.50625 0.4861111111111111 0.50625 0.4527777777777778 0.4953125 0.4444444444444444 0.496875 0.425
56 0.5109375 0.45555555555555555 0.4875 0.5138888888888888 0.4875 0.525 0.496875 0.5416666666666666 0.5015625 0.5055555555555555 0.5171875 0.5138888888888888 0.5171875 0.45555555555555555
27 0.575 0.6 0.5671875 0.6194444444444445 0.5671875 0.6444444444444445 0.5359375 0.7 0.546875 0.7166666666666667 0.565625 0.7111111111111111 0.575 0.7305555555555555 0.5828125 0.7333333333333333 0.5875 0.6638888888888889 0.609375 0.6611111111111111 0.596875 0.6305555555555555 0.5984375 0.6083333333333333 0.578125 0.6
18 0.66953125 0.7638888888888888 0.6578125 0.7666666666666667 0.6578125 0.7944444444444444 0.6703125 0.8194444444444444 0.675 0.8666666666666667 0.6828125 0.8833333333333333 0.6703125 0.9138888888888889 0.66875 0.9416666666666667 0.6796875 0.9416666666666667 0.7 0.8166666666666667 0.7140625 0.7916666666666666 0.703125 0.7833333333333333 0.684375 0.7861111111111111 0.6859375 0.7694444444444445 0.6796875 0.7638888888888888
24 0.49375 0.7777777777777778 0.490625 0.7861111111111111 0.496875 0.8 0.4625 0.8555555555555555 0.4625 0.8638888888888889 0.49375 0.9138888888888889 0.5296875 0.8944444444444445 0.5375 0.8666666666666667 0.5328125 0.825 0.540625 0.8305555555555556 0.5484375 0.8583333333333333 0.5515625 0.8527777777777777 0.5515625 0.8222222222222222 0.5375 0.7972222222222223 0.525 0.7916666666666666 0.5171875 0.7805555555555556 0.5203125 0.7777777777777778 0.515625 0.7777777777777778 0.515625 0.7861111111111111 0.5046875 0.7861111111111111 0.5 0.7777777777777778
84 0.734375 0.7777777777777778 0.7171875 0.7861111111111111 0.703125 0.8194444444444444 0.703125 0.8444444444444444 0.7109375 0.8694444444444445 0.7328125 0.8861111111111111 0.7546875 0.8722222222222222 0.765625 0.8361111111111111 0.759375 0.7944444444444444 0.7390625 0.7777777777777778
85 0.78671875 0.6138888888888889 0.7765625 0.6138888888888889 0.7578125 0.6388888888888888 0.7515625 0.6916666666666667 0.7671875 0.7138888888888889 0.790625 0.7166666666666667 0.809375 0.6944444444444444 0.8109375 0.6361111111111111 0.796875 0.6138888888888889
64 0.583109375 0.5491666666666666 0.088140625 0.011083333333333334
40 0.582890625 0.5385555555555556 0.085015625 0.013888888888888888
64 0.68178125 0.7592777777777777 0.0826875 0.009694444444444445
40 0.68159375 0.7461388888888889 0.081109375 0.01563888888888889
23 0.5082187499999999 0.4091111111111111 0.08346875000000001 0.011083333333333334
42 0.508015625 0.39705555555555555 0.08234375000000001 0.012
5 0.2125 0.7638888888888888 0.2046875 0.7805555555555556 0.1890625 0.7861111111111111 0.1859375 0.8111111111111111 0.15625 0.8138888888888889 0.1375 0.7972222222222223 0.128125 0.8444444444444444 0.1015625 0.8305555555555556 0.1015625 0.9027777777777778 0.0828125 0.9138888888888889 0.0765625 0.9333333333333333 0.109375 0.9416666666666667 0.221875 0.9416666666666667 0.240625 0.925 0.2515625 0.9083333333333333 0.2515625 0.8916666666666667 0.265625 0.85 0.25 0.8416666666666667 0.246875 0.8305555555555556 0.25 0.8138888888888889 0.2625 0.8027777777777778 0.2359375 0.7972222222222223 0.215625 0.7638888888888888
68 0.08303125 0.19591666666666668 0.157 0.27911111111111114
49 0.070890625 0.22216666666666668 0.022046875 0.03733333333333333
30 0.13809375 0.30433333333333334 0.01575 0.029861111111111113
22 0.15084375 0.3183888888888889 0.015625 0.03847222222222222
29 0.1443125 0.2916666666666667 0.015921875 0.026055555555555557
35 0.012015625 0.07372222222222222 0.014421875 0.027777777777777776
66 0.033125 0.08552777777777777 0.02165625 0.014722222222222222
82 0.02803125 0.07022222222222223 0.01784375 0.02266666666666667