45 0.667828125 0.8905833333333334 0.049296875000000004 0.08913888888888889
86 0.930046875 0.5858888888888889 0.076890625 0.12675
5 0.24982812499999998 0.3855 0.49967187500000004 0.42163888888888884
64 0.49446874999999996 0.4131944444444444 0.090140625 0.011444444444444445
42 0.495625 0.39802777777777776 0.095984375 0.015333333333333332
70 0.507703125 0.5208333333333334 0.06628125 0.12819444444444444
89 0.53671875 0.3194444444444444 0.5265625 0.3194444444444444 0.5265625 0.3416666666666667 0.515625 0.34444444444444444 0.5078125 0.375 0.509375 0.38333333333333336 0.534375 0.38055555555555554 0.5421875 0.39166666666666666 0.5375 0.4166666666666667 0.5265625 0.41944444444444445 0.5171875 0.44722222222222224 0.5078125 0.45 0.5078125 0.4638888888888889 0.5328125 0.49722222222222223 0.5453125 0.48333333333333334 0.559375 0.4361111111111111 0.596875 0.425 0.571875 0.3638888888888889 0.5515625 0.35 0.546875 0.3194444444444444
64 0.5466249999999999 0.28844444444444445 0.096578125 0.013722222222222222
40 0.546203125 0.27425 0.09553125 0.015472222222222222
32 0.684375 0.8055555555555556 0.6578125 0.8138888888888889 0.65625 0.8388888888888889 0.671875 0.8388888888888889 0.68125 0.8166666666666667 0.6890625 0.8138888888888889 0.6859375 0.8083333333333333
32 0.690625 0.7027777777777777 0.6828125 0.7222222222222222 0.69375 0.7444444444444445 0.6921875 0.7694444444444445 0.7015625 0.7833333333333333 0.7 0.8583333333333333 0.70625 0.8833333333333333 0.703125 0.9111111111111111 0.715625 0.925 0.70625 0.9027777777777778 0.7078125 0.8916666666666667 0.71875 0.8833333333333333 0.7171875 0.8722222222222222 0.7375 0.8166666666666667 0.7359375 0.8055555555555556 0.7390625 0.8 0.7421875 0.8111111111111111 0.75 0.8083333333333333 0.7609375 0.7694444444444445 0.759375 0.7472222222222222 0.7484375 0.7277777777777777 0.7515625 0.7194444444444444 0.74375 0.7194444444444444 0.7375 0.7388888888888889 0.725 0.7305555555555555 0.725 0.7111111111111111 0.7203125 0.7027777777777777 0.70625 0.7166666666666667 0.69375 0.7027777777777777
68 0.0895 0.15566666666666668 0.178984375 0.31133333333333335
66 0.0955625 0.17691666666666667 0.021046875 0.0265
49 0.0911875 0.15663888888888888 0.022796875 0.02025
29 0.11529687500000001 0.16055555555555553 0.023671875000000002 0.034277777777777775
2 0.134578125 0.15041666666666667 0.021921875 0.029611111111111112
1 0.08196875 0.14416666666666667 0.021921875 0.0265
82 0.08196875 0.12702777777777777 0.021921875 0.02338888888888889
67 0.086359375 0.03116666666666667 0.020171875 0.028055555555555556
83 0.08065625 0.015583333333333334 0.01753125 0.03116666666666667