18 0.5390625 0.5305555555555556 0.528125 0.5583333333333333 0.5265625 0.5833333333333334 0.51875 0.5972222222222222 0.4796875 0.625 0.49375 0.6388888888888888 0.5109375 0.6388888888888888 0.53125 0.6222222222222222 0.54375 0.6 0.5625 0.6805555555555556 0.571875 0.6888888888888889 0.5703125 0.6305555555555555 0.54375 0.5472222222222223 0.54375 0.5305555555555556
27 0.2625 0.5694444444444444 0.2546875 0.6 0.234375 0.6111111111111112 0.259375 0.6861111111111111 0.2703125 0.6722222222222223 0.2828125 0.6777777777777778 0.284375 0.6472222222222223 0.2953125 0.6305555555555555 0.3046875 0.6361111111111111 0.2984375 0.6444444444444445 0.303125 0.6416666666666667 0.3015625 0.65 0.3078125 0.6333333333333333 0.3171875 0.6333333333333333 0.3171875 0.6166666666666667 0.3 0.5916666666666667 0.290625 0.5888888888888889 0.2859375 0.575 0.2671875 0.5694444444444444
56 0.503125 0.48333333333333334 0.46875 0.525 0.4625 0.5472222222222223 0.4609375 0.5638888888888889 0.465625 0.5694444444444444 0.4765625 0.5333333333333333 0.4859375 0.5333333333333333 0.4828125 0.5916666666666667 0.490625 0.5638888888888889 0.5046875 0.5583333333333333 0.50625 0.5388888888888889 0.5125 0.5333333333333333 0.509375 0.48333333333333334
89 0.7125 0.16944444444444445 0.703125 0.18611111111111112 0.7078125 0.20555555555555555 0.6734375 0.2833333333333333 0.6890625 0.2833333333333333 0.6953125 0.29444444444444445 0.6953125 0.325 0.7125 0.3055555555555556 0.7171875 0.31666666666666665 0.7296875 0.3111111111111111 0.734375 0.2833333333333333 0.74375 0.2638888888888889 0.7515625 0.2611111111111111 0.759375 0.2388888888888889 0.74375 0.19722222222222222 0.721875 0.16944444444444445
25 0.328125 0.4027777777777778 0.31875 0.41388888888888886 0.3046875 0.4083333333333333 0.3 0.4222222222222222 0.325 0.4777777777777778 0.3359375 0.48333333333333334 0.3484375 0.4583333333333333 0.3359375 0.4361111111111111 0.3359375 0.4111111111111111 0.3296875 0.4027777777777778
25 0.38125 0.3333333333333333 0.36875 0.3388888888888889 0.36875 0.35555555555555557 0.353125 0.3861111111111111 0.34375 0.38055555555555554 0.3453125 0.4027777777777778 0.35625 0.4166666666666667 0.359375 0.43333333333333335 0.3953125 0.4222222222222222 0.4 0.41388888888888886 0.4015625 0.37222222222222223 0.409375 0.35 0.3875 0.3333333333333333
25 0.2390625 0.5472222222222223 0.228125 0.5833333333333334 0.2359375 0.6055555555555555 0.253125 0.5972222222222222 0.2453125 0.5472222222222223
24 0.0875 0.6694444444444444 0.0796875 0.6805555555555556 0.090625 0.6861111111111111 0.0953125 0.7027777777777777 0.0890625 0.7055555555555556 0.05625 0.6833333333333333 0.059375 0.7 0.0546875 0.7111111111111111 0.028125 0.7305555555555555 0.028125 0.7527777777777778 0.0375 0.7833333333333333 0.053125 0.7972222222222223 0.0671875 0.7861111111111111 0.0875 0.7916666666666666 0.1171875 0.7527777777777778 0.125 0.7111111111111111 0.1109375 0.6777777777777778 0.0953125 0.6694444444444444
24 0.1296875 0.7972222222222223 0.1234375 0.8166666666666667 0.103125 0.8027777777777778 0.0890625 0.8194444444444444 0.0859375 0.8527777777777777 0.0984375 0.8861111111111111 0.121875 0.8805555555555555 0.121875 0.8361111111111111 0.1296875 0.8222222222222222 0.128125 0.8083333333333333 0.1359375 0.8055555555555556 0.1328125 0.7972222222222223
68 0.083203125 0.19466666666666665 0.16165625 0.2783611111111111
5 0.1640625 0.26666666666666666 0.1546875 0.29444444444444445 0.1578125 0.3277777777777778 0.153125 0.33611111111111114 0.1078125 0.3388888888888889 0.0953125 0.35833333333333334 0.10625 0.40555555555555556 0.14375 0.4444444444444444 0.1703125 0.4361111111111111 0.2109375 0.4 0.2390625 0.3472222222222222 0.240625 0.325 0.234375 0.29444444444444445 0.2203125 0.2972222222222222 0.2125 0.28055555555555556 0.1953125 0.2833333333333333 0.1890625 0.2722222222222222 0.18125 0.28888888888888886 0.165625 0.26666666666666666
29 0.13440625 0.31255555555555553 0.018890625 0.03875
49 0.08609375 0.24927777777777776 0.019609375000000002 0.031
82 0.022515625 0.0975 0.0174375 0.03744444444444445
1 0.034140625 0.09427777777777777 0.013078125 0.031
35 0.013218750000000001 0.07263888888888889 0.014421875 0.03847222222222222
83 0.0403125 0.07425 0.01815625 0.024527777777777777
67 0.07082812499999999 0.21116666666666667 0.01815625 0.03227777777777777
5 0.5828125 0.6972222222222222 0.571875 0.7 0.5609375 0.7333333333333333 0.59375 0.7333333333333333 0.59375 0.7916666666666666 0.559375 0.7916666666666666 0.55 0.7972222222222223 0.546875 0.8111111111111111 0.5296875 0.8138888888888889 0.528125 0.8305555555555556 0.5328125 0.8444444444444444 0.5265625 0.8555555555555555 0.5390625 0.875 0.5390625 0.9027777777777778 0.55 0.9111111111111111 0.559375 0.9388888888888889 0.76875 0.9388888888888889 0.7734375 0.9277777777777778 0.778125 0.9361111111111111 0.7734375 0.9166666666666666 0.7796875 0.9111111111111111 0.7796875 0.9 0.7828125 0.8944444444444445 0.7875 0.9027777777777778 0.79375 0.8944444444444445 0.790625 0.8861111111111111 0.7953125 0.875 0.8046875 0.8722222222222222 0.8 0.8638888888888889 0.8078125 0.8555555555555555 0.8046875 0.8444444444444444 0.796875 0.8527777777777777 0.7984375 0.8222222222222222 0.7875 0.8416666666666667 0.778125 0.8416666666666667 0.7734375 0.8555555555555555 0.765625 0.8555555555555555 0.7671875 0.8166666666666667 0.7578125 0.8083333333333333 0.7515625 0.8222222222222222 0.7484375 0.7944444444444444 0.740625 0.7805555555555556 0.7125 0.7805555555555556 0.70625 0.7638888888888888 0.7015625 0.7805555555555556 0.6953125 0.7833333333333333 0.66875 0.7333333333333333 0.65625 0.75 0.6421875 0.7222222222222222 0.634375 0.7333333333333333 0.6171875 0.725 0.60625 0.7416666666666667 0.6 0.7361111111111112 0.60625 0.7305555555555555 0.60625 0.7055555555555556 0.584375 0.6972222222222222
5 0.315625 0.1 0.309375 0.125 0.2734375 0.15555555555555556 0.26875 0.16666666666666666 0.2703125 0.19166666666666668 0.2625 0.2111111111111111 0.25 0.2111111111111111 0.2609375 0.24444444444444444 0.265625 0.2833333333333333 0.28125 0.3111111111111111 0.3234375 0.30277777777777776 0.3421875 0.28055555555555556 0.378125 0.2638888888888889 0.3953125 0.24166666666666667 0.428125 0.23333333333333334 0.4390625 0.21388888888888888 0.45 0.21388888888888888 0.45 0.20277777777777778 0.4375 0.19444444444444445 0.4484375 0.18611111111111112 0.4515625 0.1638888888888889 0.4390625 0.15833333333333333 0.428125 0.1361111111111111 0.428125 0.10833333333333334 0.328125 0.10833333333333334 0.3171875 0.1
5 0 0.4583333333333333 0 0.5861111111111111 0.00625 0.5805555555555556 0.0125 0.5527777777777778 0.0125 0.5083333333333333 0.0203125 0.5 0.0109375 0.4888888888888889 0.0015625 0.4583333333333333
23 0.508578125 0.41 0.08707812499999999 0.007861111111111112
42 0.509375 0.3990833333333333 0.08365625 0.01486111111111111
64 0.25329687500000003 0.5312777777777777 0.088296875 0.004944444444444445
40 0.25329687500000003 0.5196944444444445 0.082734375 0.01486111111111111
64 0.54959375 0.479 0.084546875 0.011222222222222222
40 0.54934375 0.4635277777777778 0.081796875 0.01486111111111111
64 0.7374375 0.16061111111111112 0.08590624999999999 0.007888888888888888
41 0.7380312499999999 0.14872222222222223 0.08365625 0.009916666666666666
91 0.796875 0.075 0.771875 0.09166666666666666 0.7671875 0.08055555555555556 0.7625 0.1 0.7625 0.11944444444444445 0.7796875 0.13055555555555556 0.78125 0.15833333333333333 0.778125 0.17777777777777778 0.759375 0.2111111111111111 0.759375 0.2222222222222222 0.7640625 0.24444444444444444 0.7828125 0.25833333333333336 0.8078125 0.25833333333333336 0.825 0.22777777777777777 0.815625 0.20833333333333334 0.8140625 0.17777777777777778 0.83125 0.08055555555555556 0.8078125 0.075
22 0.14903125 0.3183888888888889 0.019234375 0.029916666666666664