24 0.701546875 0.5531666666666666 0.10012499999999999 0.1565277777777778
84 0.769234375 0.8851388888888888 0.078671875 0.1348888888888889
85 0.829640625 0.6840555555555555 0.07625 0.12233333333333334
64 0.49609375 0.4166666666666667 0.0921875 0.011111111111111112
42 0.492 0.39775 0.093421875 0.012833333333333334
40 0.7324531249999999 0.19530555555555557 0.098828125 0.015194444444444444
32 0.7068125000000001 0.3308611111111111 0.081765625 0.16277777777777777
70 0.47481249999999997 0.5051944444444445 0.057703125 0.12644444444444444
68 0.08940624999999999 0.15616666666666668 0.17879687500000002 0.31233333333333335
61 0.052500000000000005 0.09611111111111112 0.021828125 0.04805555555555556
29 0.070171875 0.10441666666666667 0.01975 0.03880555555555556
1 0.09771875 0.12752777777777777 0.022875 0.04066666666666667
49 0.108109375 0.10627777777777778 0.01871875 0.027722222222222224
50 0.126296875 0.09147222222222222 0.021828125 0.035111111111111114
66 0.045734375 0.024944444444444446 0.022875 0.035111111111111114