85 0.830875 0.6966944444444445 0.079453125 0.13569444444444445
45 0.6682812499999999 0.8899999999999999 0.050609375 0.092
86 0.9303750000000001 0.5895 0.07670312500000001 0.13144444444444445
24 0.4286875 0.6735277777777777 0.098 0.14741666666666667
24 0.283640625 0.8562777777777778 0.10984374999999999 0.1703611111111111
68 0.086859375 0.1569722222222222 0.17371875 0.31327777777777777
25 0.636125 0.38711111111111113 0.076671875 0.13780555555555554
24 0.344203125 0.7876388888888889 0.05828124999999999 0.11433333333333333
70 0.5068125 0.5138333333333333 0.09468750000000001 0.12050000000000001
42 0.4954375 0.3978611111111111 0.094640625 0.013500000000000002
5 0.19175 0.25025000000000003 0.25065624999999997 0.27594444444444444
64 0.49221875 0.41380555555555554 0.0945 0.010555555555555556
92 0.86875 0.2 0.8265625 0.20833333333333334 0.825 0.21666666666666667 0.8375 0.21944444444444444 0.815625 0.24166666666666667 0.8140625 0.275 0.8109375 0.24166666666666667 0.80625 0.24722222222222223 0.809375 0.275 0.825 0.30833333333333335 0.871875 0.32222222222222224 0.8953125 0.3 0.896875 0.25277777777777777 0.8828125 0.20833333333333334 0.875 0.2
49 0.037875 0.28880555555555554 0.023921875000000002 0.03897222222222222
29 0.069765625 0.2338888888888889 0.029906250000000002 0.04252777777777778
82 0.068265625 0.19933333333333333 0.022921875 0.05491666666666666
1 0.0931875 0.1506111111111111 0.02690625 0.03897222222222222
66 0.1300625 0.1328888888888889 0.022921875 0.035444444444444445
61 0.0548125 0.09391666666666668 0.0199375 0.04252777777777778