56 0.48125 0.46111111111111114 0.475 0.4722222222222222 0.4890625 0.48055555555555557 0.4859375 0.5388888888888889 0.49375 0.5333333333333333 0.4953125 0.55 0.5109375 0.55 0.5125 0.5305555555555556 0.540625 0.5611111111111111 0.5203125 0.5194444444444445 0.5203125 0.4861111111111111 0.49375 0.46111111111111114
17 0.7828125 0.7861111111111111 0.765625 0.8 0.7703125 0.8111111111111111 0.7765625 0.8027777777777778 0.79375 0.8027777777777778 0.784375 0.7888888888888889
45 0.6453125 0.8027777777777778 0.6359375 0.8083333333333333 0.625 0.8333333333333334 0.625 0.8638888888888889 0.6390625 0.8888888888888888 0.6578125 0.8888888888888888 0.671875 0.8638888888888889 0.6703125 0.8222222222222222 0.653125 0.8027777777777778
17 0.7140625 0.7277777777777777 0.7109375 0.75 0.7046875 0.7583333333333333 0.6890625 0.7583333333333333 0.6875 0.7388888888888889 0.68125 0.7388888888888889 0.671875 0.7944444444444444 0.6734375 0.8138888888888889 0.696875 0.8305555555555556 0.6890625 0.8444444444444444 0.696875 0.8555555555555555 0.703125 0.8472222222222222 0.7078125 0.8027777777777778 0.7171875 0.7861111111111111 0.728125 0.7777777777777778 0.7515625 0.7861111111111111 0.75625 0.775 0.7359375 0.75 0.7265625 0.75 0.71875 0.7277777777777777
5 0.796875 0.24722222222222223 0.778125 0.275 0.7703125 0.26666666666666666 0.7578125 0.2777777777777778 0.7484375 0.2638888888888889 0.7328125 0.2638888888888889 0.725 0.275 0.7125 0.3055555555555556 0.7078125 0.33611111111111114 0.709375 0.3638888888888889 0.7234375 0.3972222222222222 0.7484375 0.4222222222222222 0.7609375 0.4222222222222222 0.7703125 0.43333333333333335 0.7828125 0.4305555555555556 0.8203125 0.4666666666666667 0.9171875 0.49722222222222223 0.9359375 0.5111111111111111 0.9703125 0.5083333333333333 0.9984375 0.5305555555555556 0.9984375 0.37777777777777777 0.990625 0.37222222222222223 0.9890625 0.35833333333333334 0.98125 0.36666666666666664 0.9734375 0.35 0.94375 0.33611111111111114 0.934375 0.3138888888888889 0.9265625 0.325 0.9140625 0.325 0.909375 0.30277777777777776 0.8921875 0.3194444444444444 0.8875 0.3055555555555556 0.875 0.3055555555555556 0.8609375 0.2916666666666667 0.85625 0.2722222222222222 0.8234375 0.26666666666666666 0.8140625 0.25 0.8046875 0.2638888888888889 0.7984375 0.24722222222222223
5 0.215625 0.1 0.2046875 0.10833333333333334 0.2 0.125 0.1828125 0.14722222222222223 0.1734375 0.15 0.165625 0.13055555555555556 0.1609375 0.1361111111111111 0.1609375 0.2777777777777778 0.1453125 0.31666666666666665 0.13125 0.33611111111111114 0.05 0.33611111111111114 0.0171875 0.34444444444444444 0.0125 0.3388888888888889 0.0109375 0.37222222222222223 0.0234375 0.4111111111111111 0.0515625 0.42777777777777776 0.0640625 0.41944444444444445 0.0921875 0.41944444444444445 0.1015625 0.40555555555555556 0.1109375 0.40555555555555556 0.14375 0.37222222222222223 0.159375 0.33611111111111114 0.1796875 0.3333333333333333 0.171875 0.3194444444444444 0.1765625 0.30277777777777776 0.1875 0.3 0.19375 0.30833333333333335 0.203125 0.28055555555555556 0.2859375 0.21388888888888888 0.2875 0.14444444444444443 0.278125 0.11666666666666667 0.2515625 0.11388888888888889 0.24375 0.10277777777777777 0.2203125 0.10833333333333334
23 0.508140625 0.4083333333333333 0.090140625 0.013166666666666667
42 0.510625 0.39516666666666667 0.087671875 0.017555555555555557
68 0.080265625 0.19319444444444445 0.16053125 0.28099999999999997
1 0.02425 0.11422222222222221 0.019578125 0.03177777777777778
94 0.049359375 0.13766666666666666 0.017015625 0.024194444444444446
82 0.069765625 0.13841666666666666 0.017015625 0.025722222222222223
49 0.07275000000000001 0.11572222222222221 0.02296875 0.028749999999999998
66 0.13996875 0.298 0.019578125 0.03327777777777778