5 0.4608125 0.27694444444444444 0.133046875 0.20536111111111113
91 0.9140625 0.25555555555555554 0.9109375 0.2611111111111111 0.9296875 0.3055555555555556 0.9296875 0.35833333333333334 0.934375 0.38333333333333336 0.9328125 0.39166666666666666 0.9203125 0.39166666666666666 0.9203125 0.38333333333333336 0.9140625 0.39166666666666666 0.9390625 0.39444444444444443 0.9609375 0.4305555555555556 0.9625 0.4638888888888889 0.96875 0.46944444444444444 0.94375 0.5027777777777778 0.940625 0.5222222222222223 0.9578125 0.5416666666666666 0.9671875 0.5638888888888889 0.96875 0.6055555555555555 0.9640625 0.6305555555555555 0.9546875 0.6388888888888888 0.95 0.6555555555555556 0.9359375 0.6638888888888889 0.915625 0.6638888888888889 0.9078125 0.6583333333333333 0.903125 0.6416666666666667 0.8921875 0.6416666666666667 0.8890625 0.6833333333333333 0.903125 0.7166666666666667 0.9046875 0.7333333333333333 0.9203125 0.7333333333333333 0.9359375 0.7194444444444444 0.9453125 0.75 0.965625 0.7527777777777778 0.98125 0.7444444444444445 0.99375 0.7166666666666667 0.9875 0.6527777777777778 0.978125 0.6305555555555555 0.984375 0.5944444444444444 0.9984375 0.5777777777777777 0.9984375 0.38055555555555554 0.984375 0.3888888888888889 0.984375 0.40555555555555556 0.9640625 0.40555555555555556 0.965625 0.3972222222222222 0.959375 0.3888888888888889 0.978125 0.3861111111111111 0.9609375 0.37777777777777777 0.9640625 0.37222222222222223 0.953125 0.3416666666666667 0.9515625 0.2916666666666667 0.94375 0.275 0.9171875 0.25555555555555554
25 0.9061562500000001 0.3605 0.0738125 0.12161111111111111
85 0.8287968749999999 0.68675 0.074984375 0.12044444444444444
25 0.84196875 0.49286111111111114 0.06153125 0.09130555555555554
42 0.49050000000000005 0.3928888888888889 0.088890625 0.015277777777777777
86 0.9289687499999999 0.5925555555555555 0.074515625 0.13377777777777777
64 0.493484375 0.40511111111111114 0.094 0.011805555555555555
25 0.70559375 0.5455833333333333 0.046234375 0.0921111111111111
25 0.695125 0.5641944444444444 0.030453124999999998 0.06341666666666666
68 0.08640624999999999 0.15630555555555556 0.17281249999999998 0.3120833333333333
5 0.015703125000000002 0.014222222222222223 0.031078125 0.028444444444444446
70 0.476265625 0.5573055555555555 0.09659375 0.22427777777777777
29 0.062468749999999997 0.11688888888888889 0.021609375 0.033388888888888885
82 0.081984375 0.1396388888888889 0.019890625000000002 0.032916666666666664
66 0.075625 0.09269444444444444 0.021609375 0.035083333333333334
49 0.0878125 0.11280555555555555 0.019203124999999998 0.028055555555555556
1 0.10896874999999999 0.09016666666666667 0.024421875000000003 0.04008333333333333