5 0.34375 0.325 0.3328125 0.34444444444444444 0.3203125 0.3472222222222222 0.3125 0.38055555555555554 0.3046875 0.3888888888888889 0.303125 0.4083333333333333 0.2921875 0.4222222222222222 0.2984375 0.46944444444444444 0.315625 0.49166666666666664 0.34375 0.5138888888888888 0.3625 0.5083333333333333 0.4046875 0.46944444444444444 0.43125 0.4166666666666667 0.4390625 0.41944444444444445 0.4375 0.38333333333333336 0.41875 0.3472222222222222 0.3796875 0.35 0.3609375 0.325 0.3453125 0.325
27 0.403125 0.26666666666666666 0.384375 0.2833333333333333 0.3671875 0.32222222222222224 0.3765625 0.3416666666666667 0.39375 0.3416666666666667 0.4046875 0.33055555555555555 0.41875 0.2916666666666667 0.428125 0.2916666666666667 0.4078125 0.26666666666666666
56 0.496875 0.4444444444444444 0.4921875 0.45555555555555555 0.4921875 0.5 0.4546875 0.5555555555555556 0.465625 0.5555555555555556 0.4828125 0.5388888888888889 0.4953125 0.5638888888888889 0.5046875 0.55 0.515625 0.5611111111111111 0.521875 0.5111111111111111 0.546875 0.49722222222222223 0.54375 0.48333333333333334 0.5390625 0.4888888888888889 0.5421875 0.49444444444444446 0.528125 0.49166666666666664 0.5015625 0.4666666666666667 0.4984375 0.44722222222222224
74 0.5171875 0.225 0.5078125 0.2388888888888889 0.5109375 0.26666666666666666 0.49375 0.3055555555555556 0.4921875 0.3416666666666667 0.5015625 0.3472222222222222 0.5109375 0.3333333333333333 0.528125 0.33055555555555555 0.5375 0.3527777777777778 0.5421875 0.33055555555555555 0.540625 0.3138888888888889 0.5328125 0.30277777777777776 0.5328125 0.2638888888888889 0.54375 0.25833333333333336 0.53125 0.22777777777777777 0.528125 0.25277777777777777 0.51875 0.225
24 0.3421875 0.6777777777777778 0.328125 0.6805555555555556 0.321875 0.7055555555555556 0.290625 0.7472222222222222 0.290625 0.7555555555555555 0.321875 0.8027777777777778 0.3375 0.7888888888888889 0.35625 0.7888888888888889 0.3640625 0.7722222222222223 0.365625 0.7472222222222222 0.3703125 0.7472222222222222 0.3734375 0.7611111111111111 0.3796875 0.75 0.3796875 0.7166666666666667 0.353125 0.6777777777777778
24 0.4484375 0.5583333333333333 0.44375 0.5861111111111111 0.4265625 0.5888888888888889 0.4359375 0.6083333333333333 0.4328125 0.6277777777777778 0.4375 0.6361111111111111 0.45 0.6194444444444445 0.4578125 0.6305555555555555 0.471875 0.625 0.4625 0.5888888888888889 0.465625 0.5694444444444444 0.459375 0.5583333333333333
5 0.609375 0.10555555555555556 0.5796875 0.12777777777777777 0.578125 0.18055555555555555 0.5625 0.19722222222222222 0.5015625 0.2 0.4953125 0.21388888888888888 0.484375 0.2 0.4703125 0.20555555555555555 0.465625 0.21388888888888888 0.46875 0.225 0.4578125 0.22777777777777777 0.446875 0.26944444444444443 0.4546875 0.28888888888888886 0.4546875 0.3138888888888889 0.4625 0.30833333333333335 0.4609375 0.29444444444444445 0.4703125 0.30833333333333335 0.4734375 0.26944444444444443 0.4796875 0.25833333333333336 0.4875 0.2611111111111111 0.4859375 0.3055555555555556 0.49375 0.275 0.5 0.2777777777777778 0.5 0.28888888888888886 0.5078125 0.26666666666666666 0.503125 0.25 0.509375 0.2222222222222222 0.5203125 0.2222222222222222 0.5265625 0.24166666666666667 0.5296875 0.225 0.5390625 0.23333333333333334 0.546875 0.2638888888888889 0.5359375 0.26666666666666666 0.5375 0.275 0.5515625 0.2777777777777778 0.5578125 0.2638888888888889 0.5640625 0.2638888888888889 0.571875 0.2916666666666667 0.58125 0.28055555555555556 0.5984375 0.3 0.61875 0.25833333333333336 0.6375 0.25277777777777777 0.653125 0.26944444444444443 0.6609375 0.26666666666666666 0.6609375 0.25555555555555554 0.678125 0.23333333333333334 0.6890625 0.19166666666666668 0.675 0.17222222222222222 0.6703125 0.14166666666666666 0.6609375 0.12222222222222222 0.653125 0.125 0.6453125 0.1111111111111111 0.6265625 0.11666666666666667 0.6109375 0.10555555555555556
25 0.6296875 0.25833333333333336 0.61875 0.2611111111111111 0.596875 0.30833333333333335 0.6203125 0.3388888888888889 0.6421875 0.3333333333333333 0.65 0.2972222222222222 0.6609375 0.28888888888888886 0.6609375 0.2722222222222222 0.653125 0.275 0.6375 0.25833333333333336
5 0.1625 0.5166666666666667 0.1453125 0.5277777777777778 0.1296875 0.5277777777777778 0.125 0.5194444444444445 0.1234375 0.5388888888888889 0.1015625 0.5694444444444444 0.071875 0.5833333333333334 0.065625 0.6111111111111112 0.0609375 0.6138888888888889 0.053125 0.5916666666666667 0.0484375 0.5916666666666667 0.05 0.6111111111111112 0.04375 0.6194444444444445 0.0359375 0.6166666666666667 0.0359375 0.6416666666666667 0 0.6333333333333333 0.003125 0.9361111111111111 0.0140625 0.9333333333333333 0.0109375 0.9083333333333333 0.0171875 0.8944444444444445 0.04375 0.8972222222222223 0.0484375 0.875 0.0671875 0.8638888888888889 0.08125 0.8361111111111111 0.0890625 0.8333333333333334 0.09375 0.8222222222222222 0.0921875 0.7861111111111111 0.1078125 0.7916666666666666 0.1296875 0.75 0.146875 0.7555555555555555 0.1734375 0.7222222222222222 0.184375 0.7305555555555555 0.2078125 0.7222222222222222 0.21875 0.7027777777777777 0.2265625 0.6416666666666667 0.2421875 0.6638888888888889 0.2546875 0.7361111111111112 0.2546875 0.7694444444444445 0.2625 0.7694444444444445 0.2625 0.7166666666666667 0.2578125 0.7111111111111111 0.2609375 0.7027777777777777 0.2546875 0.6694444444444444 0.246875 0.6416666666666667 0.2171875 0.5888888888888889 0.2234375 0.5777777777777777 0.2203125 0.5361111111111111 0.203125 0.5305555555555556 0.19375 0.5166666666666667 0.1796875 0.5333333333333333 0.1703125 0.5166666666666667
5 0.959375 0.8388888888888889 0.9390625 0.8472222222222222 0.9390625 0.8611111111111112 0.928125 0.8888888888888888 0.9015625 0.9111111111111111 0.8578125 0.9 0.8484375 0.9055555555555556 0.834375 0.8833333333333333 0.8234375 0.8833333333333333 0.8109375 0.8694444444444445 0.8015625 0.8722222222222222 0.790625 0.9083333333333333 0.7890625 0.9361111111111111 0.9796875 0.9416666666666667 0.990625 0.9027777777777778 0.9921875 0.8611111111111112 0.9984375 0.8444444444444444 0.978125 0.85 0.965625 0.8388888888888889
91 0.996875 0.06388888888888888 0.9703125 0.08611111111111111 0.9734375 0.11388888888888889 0.96875 0.13333333333333333 0.9546875 0.18333333333333332 0.9421875 0.18611111111111112 0.9390625 0.19722222222222222 0.9390625 0.20555555555555555 0.9484375 0.20277777777777778 0.94375 0.24444444444444444 0.946875 0.2777777777777778 0.98125 0.30833333333333335 0.9984375 0.30833333333333335 0.9984375 0.125 0.984375 0.1361111111111111 0.975 0.1111111111111111 0.9828125 0.10555555555555556 0.9859375 0.08333333333333333 0.9921875 0.08888888888888889 0.9984375 0.06388888888888888
68 0.08104687499999999 0.19897222222222222 0.15590625 0.2826666666666667
49 0.104640625 0.29005555555555557 0.021421875 0.029305555555555557
22 0.1514375 0.3226388888888889 0.016828125 0.042722222222222224
30 0.149546875 0.28491666666666665 0.01565625 0.03075
66 0.06839062500000001 0.20213888888888887 0.016484375000000002 0.03222222222222222
67 0.0856875 0.21533333333333332 0.018125 0.029305555555555557
35 0.013828125 0.07477777777777778 0.015625 0.03847222222222222
1 0.0243125 0.09375 0.02225 0.017583333333333333
2 0.023890625 0.07691666666666667 0.021421875 0.03075
64 0.530921875 0.17119444444444445 0.0870625 0.007138888888888888
41 0.5307031249999999 0.15725 0.087484375 0.013833333333333335
64 0.385390625 0.2263611111111111 0.0865 0.013833333333333335
40 0.384421875 0.21166666666666667 0.082625 0.012083333333333333
23 0.50884375 0.4109166666666667 0.085203125 0.011222222222222222
42 0.50834375 0.3983055555555555 0.08553125 0.015555555555555555