5 0.640109375 0.7110833333333334 0.206703125 0.2530277777777778
85 0.829484375 0.6975277777777779 0.07753125 0.1356388888888889
86 0.9284375 0.5878055555555556 0.0711875 0.1280277777777778
5 0.294328125 0.9561388888888889 0.12484375 0.08772222222222222
5 0.9489218749999999 0.35961111111111116 0.09223437500000001 0.23544444444444446
84 0.76809375 0.8848333333333334 0.07573437499999999 0.13624999999999998
40 0.8687343750000001 0.057805555555555554 0.092796875 0.014416666666666668
89 0.8504375 0.17941666666666667 0.08509375 0.18880555555555556
64 0.8689375 0.06969444444444445 0.093671875 0.009277777777777777
70 0.534375 0.44722222222222224 0.5 0.45555555555555555 0.4796875 0.475 0.484375 0.5138888888888888 0.4734375 0.5194444444444445 0.4625 0.5 0.465625 0.5222222222222223 0.453125 0.5472222222222223 0.4609375 0.5388888888888889 0.4796875 0.5388888888888889 0.4875 0.5527777777777778 0.4890625 0.5833333333333334 0.496875 0.5805555555555556 0.4953125 0.5638888888888889 0.5078125 0.5527777777777778 0.540625 0.5472222222222223 0.5421875 0.5416666666666666 0.53125 0.525 0.5203125 0.5194444444444445 0.5453125 0.5166666666666667 0.553125 0.5083333333333333 0.5484375 0.4888888888888889 0.5375 0.4888888888888889 0.5453125 0.4583333333333333 0.540625 0.44722222222222224
42 0.49507812500000004 0.39755555555555555 0.0954375 0.014444444444444446
64 0.49259375 0.414 0.09459375 0.011416666666666667
32 0.85625 0.4222222222222222 0.85 0.43333333333333335 0.846875 0.48333333333333334 0.81875 0.5805555555555556 0.8265625 0.5805555555555556 0.8453125 0.5361111111111111 0.8484375 0.5555555555555556 0.821875 0.625 0.834375 0.6222222222222222 0.8546875 0.5861111111111111 0.8703125 0.5805555555555556 0.88125 0.5222222222222223 0.903125 0.4861111111111111 0.903125 0.475 0.8984375 0.475 0.8875 0.4888888888888889 0.884375 0.4666666666666667 0.871875 0.45 0.8640625 0.4222222222222222
40 0.857 0.3841666666666667 0.049390625 0.013166666666666667
100 0.6390625 0 0.625 0.030555555555555555 0.6296875 0.08333333333333333 0.6453125 0.03888888888888889 0.6484375 0
68 0.08890624999999999 0.15805555555555556 0.177828125 0.3161388888888889
29 0.07840625 0.2601388888888889 0.025937500000000002 0.04172222222222222
1 0.12364062499999999 0.12108333333333335 0.021687500000000002 0.04163888888888889
49 0.13664062500000002 0.1233888888888889 0.01475 0.02775
67 0.131578125 0.08908333333333333 0.020515625000000003 0.036472222222222225
82 0.142421875 0.10525 0.0140625 0.025
60 0.1629375 0.1521388888888889 0.01875 0.05002777777777778