100 0.8203125 0.4638888888888889 0.821875 0.475 0.8390625 0.49444444444444446 0.840625 0.5277777777777778 0.8328125 0.5472222222222223 0.83125 0.5694444444444444 0.8359375 0.6222222222222222 0.840625 0.6222222222222222 0.853125 0.6083333333333333 0.85 0.5861111111111111 0.8609375 0.5861111111111111 0.8609375 0.5638888888888889 0.8703125 0.5388888888888889 0.8578125 0.4777777777777778 0.8359375 0.48333333333333334 0.821875 0.4638888888888889
89 0.671875 0.3611111111111111 0.6578125 0.37777777777777777 0.6796875 0.39444444444444443 0.6828125 0.41944444444444445 0.6625 0.45555555555555555 0.6890625 0.4888888888888889 0.6984375 0.5055555555555555 0.7 0.5333333333333333 0.7078125 0.5361111111111111 0.7109375 0.5111111111111111 0.7265625 0.5027777777777778 0.7296875 0.4305555555555556 0.7171875 0.3861111111111111 0.7046875 0.37777777777777777 0.7046875 0.36944444444444446 0.684375 0.3611111111111111
11 0.5875 0.34444444444444444 0.5734375 0.37777777777777777 0.5546875 0.375 0.55625 0.3861111111111111 0.5671875 0.39166666666666666 0.56875 0.4111111111111111 0.56875 0.46944444444444444 0.5625 0.5 0.5875 0.5305555555555556 0.6046875 0.525 0.621875 0.5055555555555555 0.6390625 0.46111111111111114 0.6359375 0.4388888888888889 0.6140625 0.40555555555555556 0.6078125 0.38333333333333336 0.6078125 0.35555555555555557 0.590625 0.34444444444444444
32 0.30625 0.16944444444444445 0.3015625 0.20277777777777778 0.3109375 0.2361111111111111 0.309375 0.2916666666666667 0.3171875 0.2972222222222222 0.3140625 0.3638888888888889 0.340625 0.2972222222222222 0.34375 0.2638888888888889 0.3390625 0.25277777777777777 0.3375 0.20277777777777778 0.3265625 0.19722222222222222 0.3171875 0.17222222222222222 0.3109375 0.16944444444444445
5 0.21875 0.1527777777777778 0.215625 0.19722222222222222 0.203125 0.20555555555555555 0.2140625 0.21666666666666667 0.215625 0.2388888888888889 0.2078125 0.25 0.1734375 0.25833333333333336 0.1859375 0.2611111111111111 0.203125 0.2916666666666667 0.19375 0.3 0.20625 0.3333333333333333 0.2625 0.3388888888888889 0.30625 0.30277777777777776 0.3078125 0.2388888888888889 0.303125 0.21388888888888888 0.2890625 0.19166666666666668 0.2234375 0.1527777777777778
70 0.19375 0.2 0.1796875 0.20277777777777778 0.1765625 0.21388888888888888 0.1828125 0.21944444444444444 0.1765625 0.225 0.175 0.25555555555555554 0.1671875 0.2722222222222222 0.171875 0.2972222222222222 0.1890625 0.3277777777777778 0.1984375 0.3277777777777778 0.196875 0.3138888888888889 0.209375 0.30833333333333335 0.2125 0.2833333333333333 0.190625 0.26944444444444443 0.196875 0.25277777777777777 0.2109375 0.24722222222222223 0.215625 0.2361111111111111 0.2140625 0.21944444444444444 0.2046875 0.21388888888888888 0.2 0.2
86 0.921875 0.525 0.9 0.5416666666666666 0.890625 0.5694444444444444 0.896875 0.625 0.9171875 0.6444444444444445 0.940625 0.6388888888888888 0.9609375 0.5944444444444444 0.9671875 0.5916666666666667 0.959375 0.5472222222222223 0.94375 0.5277777777777778 0.9296875 0.525
64 0.876390625 0.44766666666666666 0.093296875 0.012888888888888887
41 0.8754843749999999 0.4356111111111111 0.093296875 0.014499999999999999
64 0.5933125 0.3140277777777778 0.097828125 0.009666666666666667
41 0.59240625 0.30033333333333334 0.09601562500000001 0.011277777777777777
64 0.714703125 0.28825 0.09601562500000001 0.006444444444444444
40 0.716046875 0.2721388888888889 0.093296875 0.019333333333333334
40 0.316140625 0.1272222222222222 0.09601562500000001 0.01611111111111111
68 0.08695312499999999 0.15216666666666667 0.173921875 0.30433333333333334
66 0.07065625 0.29388888888888887 0.018109375 0.033805555555555554
29 0.0679375 0.16586111111111113 0.019921875 0.03219444444444444
1 0.039859375 0.0636111111111111 0.018109375 0.04025
50 0.056609374999999997 0.07166666666666667 0.01540625 0.03702777777777778
67 0.066578125 0.07811111111111112 0.01540625 0.03702777777777778
5 0.603125 0.04722222222222222 0.5875 0.06388888888888888 0.55 0.05277777777777778 0.5328125 0.06666666666666667 0.50625 0.1361111111111111 0.4984375 0.2611111111111111 0.54375 0.2861111111111111 0.61875 0.28055555555555556 0.615625 0.25833333333333336 0.609375 0.2722222222222222 0.6046875 0.26944444444444443 0.609375 0.24444444444444444 0.5953125 0.2361111111111111 0.5828125 0.19166666666666668 0.584375 0.16666666666666666 0.5921875 0.1527777777777778 0.5875 0.13333333333333333 0.6015625 0.1 0.60625 0.1 0.621875 0.1361111111111111 0.6140625 0.1361111111111111 0.609375 0.15 0.6234375 0.1527777777777778 0.628125 0.1361111111111111 0.63125 0.08888888888888889 0.621875 0.05 0.615625 0.04722222222222222