5 0.340625 0.17222222222222222 0.3328125 0.18055555555555555 0.3203125 0.17777777777777778 0.278125 0.2111111111111111 0.2515625 0.2611111111111111 0.2453125 0.29444444444444445 0.2484375 0.31666666666666665 0.259375 0.3472222222222222 0.284375 0.38055555555555554 0.3125 0.39166666666666666 0.35 0.4305555555555556 0.44375 0.46111111111111114 0.4703125 0.48055555555555557 0.4796875 0.4527777777777778 0.490625 0.44722222222222224 0.5015625 0.4583333333333333 0.5609375 0.45555555555555555 0.5484375 0.45 0.5484375 0.4361111111111111 0.559375 0.4388888888888889 0.5625 0.45 0.5796875 0.45 0.5828125 0.4583333333333333 0.5890625 0.45 0.5953125 0.46111111111111114 0.6015625 0.45555555555555555 0.5984375 0.43333333333333335 0.6078125 0.36944444444444446 0.5953125 0.3388888888888889 0.590625 0.35 0.575 0.325 0.55 0.3194444444444444 0.50625 0.28055555555555556 0.496875 0.28888888888888886 0.4890625 0.2777777777777778 0.46875 0.2722222222222222 0.4546875 0.24722222222222223 0.446875 0.25555555555555554 0.41875 0.25555555555555554 0.4125 0.24166666666666667 0.3984375 0.24166666666666667 0.3921875 0.21944444444444444 0.384375 0.22777777777777777 0.3734375 0.20555555555555555 0.3609375 0.21944444444444444 0.340625 0.175
5 0.8838541666666666 0.1388888888888889 0.8671875 0.1388888888888889 0.8328125 0.16666666666666666 0.815625 0.2 0.8046875 0.25277777777777777 0.7984375 0.25833333333333336 0.8078125 0.39166666666666666 0.8140625 0.4166666666666667 0.8125 0.4444444444444444 0.8359375 0.4583333333333333 0.88125 0.4666666666666667 0.909375 0.4583333333333333 0.93125 0.4777777777777778 0.95 0.4777777777777778 0.9671875 0.45555555555555555 0.965625 0.4361111111111111 0.9546875 0.425 0.95 0.4388888888888889 0.9390625 0.4361111111111111 0.934375 0.4527777777777778 0.925 0.4583333333333333 0.928125 0.44166666666666665 0.9234375 0.43333333333333335 0.9359375 0.39166666666666666 0.9234375 0.39166666666666666 0.91875 0.35 0.903125 0.33611111111111114 0.90625 0.3 0.9140625 0.2833333333333333 0.9078125 0.2777777777777778 0.903125 0.2861111111111111 0.890625 0.2861111111111111 0.8765625 0.25833333333333336 0.8859375 0.23333333333333334 0.9234375 0.20833333333333334 0.91875 0.15 0.8921875 0.1388888888888889
86 0.934375 0.525 0.9125 0.5277777777777778 0.89375 0.5555555555555556 0.890625 0.6 0.9 0.6305555555555555 0.9359375 0.6416666666666667 0.965625 0.6055555555555555 0.965625 0.5638888888888889 0.9578125 0.5416666666666666 0.9421875 0.525
85 0.83125 0.625 0.8046875 0.6333333333333333 0.7859375 0.6722222222222223 0.7890625 0.7111111111111111 0.80625 0.7416666666666667 0.8328125 0.7416666666666667 0.84375 0.7277777777777777 0.85625 0.6916666666666667 0.8640625 0.6888888888888889 0.85625 0.6472222222222223 0.8359375 0.625
84 0.75625 0.8138888888888889 0.734375 0.8388888888888889 0.7296875 0.8861111111111111 0.74375 0.9222222222222223 0.7578125 0.9305555555555556 0.7703125 0.9305555555555556 0.790625 0.9111111111111111 0.7984375 0.8722222222222222 0.7890625 0.825 0.7703125 0.8138888888888889
45 0.665625 0.8472222222222222 0.6453125 0.8694444444444445 0.6421875 0.9 0.65 0.925 0.66875 0.9361111111111111 0.68125 0.9277777777777778 0.6921875 0.9 0.6875 0.8638888888888889 0.671875 0.8472222222222222
70 0.540625 0.5333333333333333 0.5171875 0.6055555555555555 0.5171875 0.6583333333333333 0.5234375 0.6694444444444444 0.5203125 0.6722222222222223 0.53125 0.6777777777777778 0.55 0.6666666666666666 0.5515625 0.5416666666666666 0.546875 0.5333333333333333
89 0.9328125 0.37222222222222223 0.075 0.17222222222222222
64 0.9546875 0.26944444444444443 0.090625 0.005555555555555556
40 0.9546875 0.25416666666666665 0.090625 0.019444444444444445
64 0.55271875 0.4865555555555555 0.10092187500000001 0.019
42 0.553125 0.4722222222222222 0.1 0.016666666666666666
68 0.09082812500000001 0.15725 0.179296875 0.3060833333333333
66 0.09439062499999999 0.2870833333333333 0.0225625 0.038
29 0.04215625 0.18047222222222223 0.0249375 0.03588888888888889
49 0.0463125 0.16252777777777777 0.021374999999999998 0.025333333333333333
1 0.04215625 0.07072222222222223 0.017812500000000002 0.03588888888888889
82 0.05878124999999999 0.059111111111111114 0.0225625 0.03377777777777778
22 0.1640625 0.29380555555555554 0.015625 0.04486111111111111
35 0.009609375 0.018166666666666668 0.019234375 0.036333333333333336