5 0.6296875 0.26666666666666666 0.6125 0.28888888888888886 0.5359375 0.2972222222222222 0.5203125 0.32222222222222224 0.50625 0.32222222222222224 0.5015625 0.3416666666666667 0.496875 0.3277777777777778 0.4875 0.3333333333333333 0.478125 0.3638888888888889 0.4625 0.3611111111111111 0.459375 0.37222222222222223 0.4703125 0.36944444444444446 0.4890625 0.3861111111111111 0.509375 0.37777777777777777 0.540625 0.38055555555555554 0.55 0.3888888888888889 0.5515625 0.4111111111111111 0.54375 0.41944444444444445 0.465625 0.41944444444444445 0.459375 0.42777777777777776 0.4328125 0.4222222222222222 0.41875 0.4388888888888889 0.4 0.6305555555555555 0.415625 0.6444444444444445 0.45625 0.6527777777777778 0.496875 0.6333333333333333 0.5203125 0.6 0.553125 0.5361111111111111 0.55 0.5277777777777778 0.5546875 0.5111111111111111 0.575 0.4722222222222222 0.578125 0.45 0.6375 0.38055555555555554 0.64375 0.3472222222222222 0.64375 0.2972222222222222 0.6296875 0.26944444444444443
56 0.55625 0.4444444444444444 0.53125 0.46111111111111114 0.528125 0.475 0.5203125 0.46111111111111114 0.490625 0.46111111111111114 0.4890625 0.5083333333333333 0.5046875 0.5277777777777778 0.5234375 0.5222222222222223 0.525 0.4861111111111111 0.55625 0.45555555555555555 0.559375 0.4444444444444444
25 0.73125 0.34444444444444444 0.7265625 0.3638888888888889 0.7078125 0.38333333333333336 0.7 0.36666666666666664 0.6921875 0.3638888888888889 0.6890625 0.39444444444444443 0.7 0.4305555555555556 0.7390625 0.44166666666666665 0.7703125 0.39166666666666666 0.7703125 0.375 0.7546875 0.35555555555555557 0.7375 0.3527777777777778 0.7328125 0.34444444444444444
5 0.7203125 0.09444444444444444 0.6875 0.1388888888888889 0.6671875 0.19722222222222222 0.6640625 0.2222222222222222 0.671875 0.24166666666666667 0.6890625 0.25833333333333336 0.73125 0.2611111111111111 0.7578125 0.23333333333333334 0.7703125 0.20833333333333334 0.775 0.18333333333333332 0.7828125 0.175 0.7703125 0.1388888888888889 0.7453125 0.13333333333333333 0.7375 0.1111111111111111 0.725 0.10833333333333334 0.721875 0.09444444444444444
5 0.79375 0.05555555555555555 0.7734375 0.058333333333333334 0.7671875 0.06666666666666667 0.7671875 0.09166666666666666 0.759375 0.09444444444444444 0.759375 0.10277777777777777 0.765625 0.10555555555555556 0.765625 0.125 0.7828125 0.15833333333333333 0.7953125 0.1638888888888889 0.809375 0.1638888888888889 0.865625 0.11944444444444445 0.875 0.08333333333333333 0.890625 0.09166666666666666 0.890625 0.08333333333333333 0.903125 0.08055555555555556 0.9078125 0.08888888888888889 0.91875 0.06388888888888888 0.8953125 0.05555555555555555 0.8046875 0.05555555555555555
68 0.082484375 0.19597222222222221 0.158984375 0.27997222222222223
84 0.7390625 0.7777777777777778 0.7125 0.7916666666666666 0.703125 0.8222222222222222 0.7078125 0.8694444444444445 0.7359375 0.8972222222222223 0.7625 0.8833333333333333 0.771875 0.8527777777777777 0.7703125 0.8083333333333333 0.7625 0.7888888888888889 0.75 0.7777777777777778
85 0.7921875 0.6138888888888889 0.771875 0.6166666666666667 0.7578125 0.6388888888888888 0.7546875 0.6805555555555556 0.7625 0.7111111111111111 0.7859375 0.7222222222222222 0.8078125 0.7083333333333334 0.815625 0.6555555555555556 0.8109375 0.625 0.8 0.6138888888888889
86 0.88125 0.5222222222222223 0.859375 0.5305555555555556 0.846875 0.5638888888888889 0.8515625 0.6111111111111112 0.8765625 0.6361111111111111 0.8984375 0.6194444444444445 0.915625 0.5805555555555556 0.9109375 0.5472222222222223 0.8921875 0.5222222222222223
83 0.09671874999999999 0.31727777777777777 0.01496875 0.027694444444444445
30 0.108390625 0.31886111111111115 0.01796875 0.028749999999999998
67 0.10245312499999999 0.30191666666666667 0.015765625 0.02661111111111111
49 0.044609375 0.21294444444444444 0.019765625000000002 0.036194444444444446
82 0.054203125 0.19005555555555556 0.018562500000000003 0.033
1 0.010484375 0.10275000000000001 0.020953125 0.033
94 0.11109374999999999 0.25233333333333335 0.018562500000000003 0.029805555555555557
23 0.507796875 0.4106666666666667 0.085171875 0.01
42 0.507390625 0.39852777777777776 0.08275 0.014277777777777776
22 0.15325 0.3183888888888889 0.015625 0.029916666666666664
35 0.013218750000000001 0.07263888888888889 0.021640625 0.03847222222222222