5 0.903125 0.35555555555555557 0.8875 0.375 0.871875 0.36944444444444446 0.8546875 0.39166666666666666 0.8484375 0.36666666666666664 0.825 0.3611111111111111 0.8109375 0.39166666666666666 0.8015625 0.4583333333333333 0.8109375 0.5 0.825 0.525 0.840625 0.5277777777777778 0.846875 0.5388888888888889 0.86875 0.5194444444444445 0.89375 0.5194444444444445 0.9171875 0.5527777777777778 0.921875 0.5805555555555556 0.9296875 0.5916666666666667 0.9984375 0.6166666666666667 0.9984375 0.4166666666666667 0.9859375 0.41388888888888886 0.9734375 0.425 0.9671875 0.4083333333333333 0.9734375 0.4027777777777778 0.959375 0.3972222222222222 0.9546875 0.375 0.95 0.3861111111111111 0.94375 0.38333333333333336 0.93125 0.3972222222222222 0.925 0.35833333333333334 0.9125 0.37222222222222223 0.9046875 0.35555555555555557
5 0.29375 0.18611111111111112 0.2609375 0.19166666666666668 0.246875 0.2111111111111111 0.2140625 0.23333333333333334 0.20625 0.25 0.1984375 0.25 0.1828125 0.26944444444444443 0.1734375 0.26666666666666666 0.1578125 0.2861111111111111 0.15 0.3277777777777778 0.1171875 0.3388888888888889 0.1140625 0.3472222222222222 0.1 0.3416666666666667 0.0921875 0.39444444444444443 0.0796875 0.3888888888888889 0.0765625 0.4166666666666667 0.0640625 0.4166666666666667 0.0640625 0.44166666666666665 0.05 0.45 0.04375 0.5166666666666667 0.0515625 0.5138888888888888 0.0703125 0.5388888888888889 0.103125 0.5472222222222223 0.1359375 0.5388888888888889 0.1828125 0.49444444444444446 0.2203125 0.4166666666666667 0.2484375 0.39166666666666666 0.25 0.38055555555555554 0.265625 0.3611111111111111 0.290625 0.3472222222222222 0.30625 0.3277777777777778 0.3046875 0.3055555555555556 0.3140625 0.28055555555555556 0.3359375 0.2777777777777778 0.3390625 0.26944444444444443 0.3359375 0.2222222222222222 0.3296875 0.20277777777777778 0.2953125 0.18888888888888888
5 0.4078125 0.10555555555555556 0.39375 0.10833333333333334 0.3828125 0.125 0.3875 0.17222222222222222 0.4015625 0.19166666666666668 0.4390625 0.2 0.475 0.16944444444444445 0.4828125 0.1527777777777778 0.478125 0.14444444444444443 0.4421875 0.1527777777777778 0.43125 0.13333333333333333 0.434375 0.10833333333333334 0.421875 0.10555555555555556
56 0.5203125 0.41944444444444445 0.5078125 0.46111111111111114 0.4890625 0.48333333333333334 0.475 0.5444444444444444 0.4859375 0.5888888888888889 0.490625 0.5833333333333334 0.4890625 0.5555555555555556 0.4984375 0.5611111111111111 0.5046875 0.5833333333333334 0.5109375 0.5833333333333334 0.5109375 0.48055555555555557 0.521875 0.41944444444444445
27 0.3796875 0.3611111111111111 0.3703125 0.3888888888888889 0.35 0.3861111111111111 0.3453125 0.37777777777777777 0.3328125 0.4 0.340625 0.4083333333333333 0.3390625 0.4388888888888889 0.3578125 0.4527777777777778 0.359375 0.48333333333333334 0.365625 0.49166666666666664 0.3734375 0.49166666666666664 0.38125 0.4777777777777778 0.3875 0.4361111111111111 0.403125 0.4583333333333333 0.425 0.4166666666666667 0.415625 0.3888888888888889 0.40625 0.3861111111111111 0.4015625 0.39444444444444443 0.4 0.36666666666666664 0.38125 0.3611111111111111
24 0.41875 0.2777777777777778 0.4140625 0.28888888888888886 0.4171875 0.33055555555555555 0.4234375 0.3416666666666667 0.434375 0.33611111111111114 0.4296875 0.32222222222222224 0.428125 0.2777777777777778
24 0.3765625 0.4666666666666667 0.3671875 0.4888888888888889 0.3796875 0.4777777777777778 0.3796875 0.4666666666666667
24 0.340625 0.39166666666666666 0.3234375 0.4361111111111111 0.325 0.4583333333333333 0.359375 0.48333333333333334 0.359375 0.45555555555555555 0.3421875 0.4388888888888889 0.3421875 0.39166666666666666
25 0.453125 0.25277777777777777 0.4421875 0.2638888888888889 0.4328125 0.30277777777777776 0.4390625 0.33611111111111114 0.4546875 0.3277777777777778 0.459375 0.31666666666666665 0.4625 0.28055555555555556 0.4546875 0.25277777777777777
25 0.496875 0.21944444444444444 0.4859375 0.2361111111111111 0.484375 0.2861111111111111 0.4890625 0.2916666666666667 0.5078125 0.2722222222222222 0.503125 0.25555555555555554 0.5109375 0.2388888888888889 0.4984375 0.2222222222222222
25 0.546875 0.16111111111111112 0.5328125 0.18888888888888888 0.5234375 0.17777777777777778 0.5171875 0.18333333333333332 0.5171875 0.20277777777777778 0.525 0.21388888888888888 0.528125 0.24166666666666667 0.5390625 0.23333333333333334 0.5703125 0.2388888888888889 0.5765625 0.23055555555555557 0.5765625 0.20833333333333334 0.5671875 0.17222222222222222 0.5625 0.17222222222222222 0.5625 0.16111111111111112 0.55 0.16111111111111112
89 0.6140625 0.10555555555555556 0.596875 0.11388888888888889 0.60625 0.14444444444444443 0.59375 0.16944444444444445 0.6046875 0.16944444444444445 0.60625 0.17777777777777778 0.5984375 0.17777777777777778 0.5953125 0.20555555555555555 0.60625 0.21944444444444444 0.6140625 0.2111111111111111 0.6171875 0.23333333333333334 0.621875 0.2361111111111111 0.628125 0.22777777777777777 0.6265625 0.18611111111111112 0.6421875 0.15 0.634375 0.12222222222222222 0.615625 0.10833333333333334
23 0.508 0.4095833333333333 0.09032812500000001 0.018055555555555554
42 0.5085 0.39516666666666667 0.08931249999999999 0.014444444444444446
64 0.6429843749999999 0.08661111111111111 0.049734375 0.010833333333333334
41 0.6429843749999999 0.0748888888888889 0.049734375 0.01625
68 0.081703125 0.19683333333333333 0.15732812499999999 0.2811666666666667
82 0.013984374999999999 0.10147222222222223 0.015875 0.03091666666666667
1 0.0230625 0.1108888888888889 0.014359374999999999 0.02822222222222222
83 0.025328125 0.082 0.012859375000000001 0.029583333333333333
49 0.05292187499999999 0.1498611111111111 0.0226875 0.036305555555555556
94 0.047640625 0.13508333333333333 0.015125 0.022861111111111113
30 0.13760937499999998 0.3138611111111111 0.021171875 0.02822222222222222
30 0.13646875 0.2856388888888889 0.017390625 0.03361111111111111
64 0.37653125 0.3125277777777778 0.0846875 0.012111111111111112
40 0.37765624999999997 0.3031111111111111 0.083921875 0.012111111111111112