85 0.829515625 0.6963333333333334 0.078984375 0.13633333333333333
5 0.11471875000000001 0.8318888888888889 0.22943750000000002 0.33622222222222226
5 0.8274531250000001 0.23130555555555554 0.12715625 0.21108333333333332
86 0.9309687500000001 0.5978888888888889 0.077328125 0.1461111111111111
84 0.767375 0.8846944444444444 0.07678125 0.13636111111111113
64 0.49651562499999996 0.4111944444444445 0.0984375 0.013583333333333333
42 0.49576562500000004 0.3983333333333334 0.095859375 0.014666666666666668
40 0.50971875 0.48358333333333337 0.09703125 0.016416666666666666
40 0.571296875 0.3020277777777778 0.0964375 0.013833333333333335
64 0.569265625 0.3185 0.09434375 0.009777777777777778
15 0.5625 0.6555555555555556 0.5296875 0.6611111111111111 0.5125 0.6805555555555556 0.453125 0.6694444444444444 0.415625 0.6722222222222223 0.40625 0.6833333333333333 0.4484375 0.6888888888888889 0.4609375 0.7055555555555556 0.4625 0.7638888888888888 0.4734375 0.7555555555555555 0.48125 0.7722222222222223 0.48125 0.825 0.4765625 0.8333333333333334 0.465625 0.8305555555555556 0.4609375 0.85 0.4515625 0.8666666666666667 0.446875 0.8638888888888889 0.4484375 0.8722222222222222 0.4390625 0.875 0.4546875 0.9027777777777778 0.4734375 0.9027777777777778 0.4765625 0.9222222222222223 0.4328125 0.9972222222222222 0.5671875 0.9972222222222222 0.5671875 0.9694444444444444 0.5609375 0.9666666666666667 0.553125 0.9305555555555556 0.5515625 0.875 0.5421875 0.8666666666666667 0.5484375 0.8638888888888889 0.5234375 0.8611111111111112 0.525 0.8527777777777777 0.5140625 0.8305555555555556 0.490625 0.8277777777777777 0.4890625 0.775 0.4953125 0.7666666666666667 0.5203125 0.7666666666666667 0.5234375 0.8166666666666667 0.5296875 0.825 0.5359375 0.7833333333333333 0.5265625 0.7777777777777778 0.540625 0.7555555555555555 0.5265625 0.7416666666666667 0.5359375 0.7111111111111111 0.5265625 0.6916666666666667 0.5484375 0.6833333333333333 0.575 0.6555555555555556
68 0.088484375 0.15627777777777777 0.17696875 0.3125833333333333
29 0.101953125 0.2622777777777778 0.01984375 0.04011111111111111
60 0.161515625 0.21816666666666668 0.018046875 0.04811111111111111
49 0.130390625 0.13875 0.018953125 0.04011111111111111
1 0.13443750000000002 0.12272222222222222 0.02165625 0.02727777777777778
82 0.14571875 0.10505555555555555 0.020749999999999998 0.03688888888888889
67 0.133546875 0.077 0.01984375 0.035277777777777776
30 0.139859375 0.07058333333333333 0.01984375 0.041694444444444444
50 0.160609375 0.08822222222222223 0.01984375 0.0385