56 0.5 0.4444444444444444 0.4921875 0.45 0.4859375 0.49166666666666664 0.5 0.5833333333333334 0.5078125 0.5444444444444444 0.5296875 0.5833333333333334 0.5171875 0.5444444444444444 0.5140625 0.49444444444444446 0.5 0.4777777777777778 0.5046875 0.4527777777777778 0.5015625 0.4444444444444444
25 0.0953125 0.5555555555555556 0.0890625 0.5944444444444444 0.0859375 0.5972222222222222 0.0828125 0.5833333333333334 0.071875 0.5888888888888889 0.0625 0.6222222222222222 0.0484375 0.6472222222222223 0.065625 0.6444444444444445 0.0703125 0.6611111111111111 0.0859375 0.6666666666666666 0.1203125 0.6638888888888889 0.1296875 0.6527777777777778 0.13125 0.6333333333333333 0.1453125 0.6222222222222222 0.146875 0.5833333333333334 0.1421875 0.5666666666666667 0.1359375 0.5555555555555556 0.1265625 0.5555555555555556 0.1046875 0.5722222222222222 0.0984375 0.5555555555555556
74 0.125 0.4666666666666667 0.1109375 0.4777777777777778 0.1046875 0.5027777777777778 0.10625 0.5166666666666667 0.115625 0.5138888888888888 0.1421875 0.5611111111111111 0.1625 0.5583333333333333 0.1640625 0.5472222222222223 0.15 0.525 0.175 0.4861111111111111 0.1625 0.4861111111111111 0.1609375 0.46944444444444444 0.14375 0.4888888888888889 0.1265625 0.4666666666666667
25 0.228125 0.6388888888888888 0.2046875 0.6722222222222223 0.175 0.6722222222222223 0.1703125 0.6833333333333333 0.175 0.6944444444444444 0.2140625 0.6861111111111111 0.2234375 0.725 0.2390625 0.7194444444444444 0.24375 0.7111111111111111 0.2421875 0.6972222222222222 0.2296875 0.6388888888888888
5 0.3140625 0.06944444444444445 0.3046875 0.08333333333333333 0.3078125 0.09166666666666666 0.2921875 0.1111111111111111 0.290625 0.125 0.2828125 0.11666666666666667 0.275 0.14166666666666666 0.265625 0.14166666666666666 0.265625 0.18333333333333332 0.25 0.19722222222222222 0.2609375 0.25555555555555554 0.278125 0.2861111111111111 0.290625 0.29444444444444445 0.31875 0.28888888888888886 0.3359375 0.26666666666666666 0.3765625 0.24444444444444444 0.384375 0.23055555555555557 0.421875 0.21666666666666667 0.428125 0.18888888888888888 0.440625 0.17777777777777778 0.4421875 0.15555555555555556 0.421875 0.11944444444444445 0.43125 0.1111111111111111 0.328125 0.10833333333333334 0.3171875 0.09166666666666666 0.3171875 0.06944444444444445
5 0.16875 0.24166666666666667 0.159375 0.25555555555555554 0.15625 0.33055555555555555 0.1421875 0.3333333333333333 0.14375 0.3527777777777778 0.159375 0.3861111111111111 0.1609375 0.41388888888888886 0.2015625 0.38333333333333336 0.2109375 0.3611111111111111 0.215625 0.32222222222222224 0.2140625 0.2861111111111111 0.2015625 0.25833333333333336 0.19375 0.26666666666666666 0.1765625 0.26666666666666666 0.16875 0.24722222222222223
5 0.5578125 0.6555555555555556 0.53125 0.7361111111111112 0.5359375 0.7444444444444445 0.53125 0.7555555555555555 0.5359375 0.7777777777777778 0.5359375 0.75 0.540625 0.7416666666666667 0.54375 0.7583333333333333 0.55 0.7611111111111111 0.54375 0.7638888888888888 0.54375 0.7722222222222223 0.5546875 0.7722222222222223 0.55625 0.7888888888888889 0.5328125 0.7944444444444444 0.5171875 0.7777777777777778 0.51875 0.7972222222222223 0.503125 0.8083333333333333 0.5078125 0.825 0.5015625 0.8444444444444444 0.5046875 0.8611111111111112 0.5109375 0.8527777777777777 0.50625 0.8138888888888889 0.515625 0.8111111111111111 0.51875 0.8194444444444444 0.5140625 0.8444444444444444 0.51875 0.8722222222222222 0.525 0.8638888888888889 0.5359375 0.8722222222222222 0.5421875 0.8944444444444445 0.5515625 0.8972222222222223 0.5578125 0.9138888888888889 0.571875 0.925 0.584375 0.9194444444444444 0.584375 0.9388888888888889 0.775 0.9416666666666667 0.7828125 0.9361111111111111 0.7734375 0.9166666666666666 0.7734375 0.8972222222222223 0.778125 0.8916666666666667 0.784375 0.8972222222222223 0.7859375 0.9194444444444444 0.7890625 0.9111111111111111 0.79375 0.9138888888888889 0.79375 0.9361111111111111 0.79375 0.9055555555555556 0.7875 0.9055555555555556 0.79375 0.8972222222222223 0.796875 0.8722222222222222 0.8109375 0.8722222222222222 0.809375 0.8222222222222222 0.784375 0.8472222222222222 0.759375 0.8444444444444444 0.759375 0.8555555555555555 0.75 0.8694444444444445 0.7578125 0.8777777777777778 0.74375 0.8944444444444445 0.7375 0.8833333333333333 0.7140625 0.8833333333333333 0.703125 0.8333333333333334 0.70625 0.8027777777777778 0.715625 0.7861111111111111 0.715625 0.775 0.709375 0.7722222222222223 0.7109375 0.7416666666666667 0.7 0.7444444444444445 0.6859375 0.7305555555555555 0.678125 0.75 0.6609375 0.7166666666666667 0.6546875 0.7611111111111111 0.6390625 0.7805555555555556 0.6265625 0.7805555555555556 0.609375 0.7527777777777778 0.6078125 0.6944444444444444 0.6 0.6888888888888889 0.59375 0.6972222222222222 0.5875 0.6833333333333333 0.5890625 0.6722222222222223 0.5640625 0.6694444444444444 0.5609375 0.6555555555555556
86 0.88125 0.5194444444444445 0.85625 0.5361111111111111 0.846875 0.5638888888888889 0.853125 0.6111111111111112 0.8734375 0.6277777777777778 0.9 0.6138888888888889 0.915625 0.5805555555555556 0.9109375 0.5444444444444444 0.9 0.5277777777777778 0.884375 0.5194444444444445
23 0.51015625 0.40938888888888886 0.08503125 0.008388888888888888
42 0.50896875 0.3967777777777778 0.087390625 0.012583333333333334
64 0.10982812500000001 0.40308333333333335 0.087390625 0.008388888888888888
41 0.109234375 0.3883888888888889 0.086203125 0.016805555555555556
91 0.7546875 0.058333333333333334 0.740625 0.13333333333333333 0.7375 0.19722222222222222 0.7421875 0.21944444444444444 0.7671875 0.2388888888888889 0.7796875 0.24166666666666667 0.790625 0.23055555555555557 0.7984375 0.2361111111111111 0.79375 0.23055555555555557 0.803125 0.21944444444444444 0.80625 0.20277777777777778 0.8 0.1638888888888889 0.8015625 0.13055555555555556 0.8140625 0.09722222222222222 0.815625 0.06944444444444445 0.775 0.06388888888888888 0.7578125 0.075 0.7546875 0.06666666666666667
68 0.08089062500000001 0.19419444444444445 0.1570625 0.2708333333333333
29 0.0885625 0.3138611111111111 0.01653125 0.0315
30 0.11573437499999999 0.31805555555555554 0.01653125 0.035694444444444445
82 0.0685 0.27397222222222223 0.018890625 0.0315
66 0.051375000000000004 0.22777777777777777 0.020078125 0.027305555555555555
49 0.0460625 0.20677777777777778 0.01653125 0.0315
35 0.014421875 0.07372222222222222 0.026437500000000003 0.036333333333333336
2 0.015437500000000002 0.09205555555555556 0.01634375 0.029055555555555557
1 0.033609375000000004 0.09044444444444445 0.018171875 0.035527777777777776
22 0.152046875 0.31730555555555556 0.015625 0.027777777777777776