5 0.484375 0.2722222222222222 0.4703125 0.2861111111111111 0.4546875 0.2861111111111111 0.446875 0.3138888888888889 0.4265625 0.3138888888888889 0.4265625 0.32222222222222224 0.41875 0.32222222222222224 0.4109375 0.3416666666666667 0.3890625 0.3611111111111111 0.3765625 0.35555555555555557 0.353125 0.3888888888888889 0.35625 0.40555555555555556 0.3453125 0.3888888888888889 0.3375 0.4222222222222222 0.3265625 0.4166666666666667 0.3265625 0.44166666666666665 0.31875 0.4527777777777778 0.309375 0.4527777777777778 0.3078125 0.48333333333333334 0.29375 0.5083333333333333 0.290625 0.5444444444444444 0.2734375 0.5833333333333334 0.2671875 0.6527777777777778 0.275 0.6527777777777778 0.2828125 0.6722222222222223 0.328125 0.6833333333333333 0.3578125 0.6722222222222223 0.3984375 0.625 0.4265625 0.5638888888888889 0.4296875 0.5388888888888889 0.4578125 0.5 0.4734375 0.4583333333333333 0.4953125 0.44722222222222224 0.5046875 0.425 0.46875 0.41944444444444445 0.4484375 0.42777777777777776 0.4390625 0.41388888888888886 0.4390625 0.3861111111111111 0.4453125 0.375 0.471875 0.38055555555555554 0.478125 0.3611111111111111 0.4953125 0.3611111111111111 0.4921875 0.36666666666666664 0.5125 0.37222222222222223 0.515625 0.38055555555555554 0.5296875 0.38055555555555554 0.5359375 0.37222222222222223 0.5375 0.31666666666666665 0.528125 0.2916666666666667 0.5203125 0.28055555555555556 0.5109375 0.2861111111111111 0.4859375 0.2722222222222222
56 0.525 0.46944444444444444 0.5078125 0.4888888888888889 0.49375 0.4861111111111111 0.4828125 0.5361111111111111 0.475 0.55 0.4578125 0.5583333333333333 0.4734375 0.5666666666666667 0.484375 0.5527777777777778 0.490625 0.5555555555555556 0.496875 0.5694444444444444 0.4921875 0.5972222222222222 0.5 0.6027777777777777 0.5 0.5888888888888889 0.5125 0.5694444444444444 0.51875 0.5305555555555556 0.5125 0.5083333333333333 0.5265625 0.46944444444444444
89 0.903125 0.2833333333333333 0.890625 0.2972222222222222 0.890625 0.325 0.8484375 0.3388888888888889 0.8375 0.3611111111111111 0.840625 0.38333333333333336 0.85625 0.4083333333333333 0.865625 0.37777777777777777 0.884375 0.37777777777777777 0.8671875 0.41388888888888886 0.871875 0.4305555555555556 0.903125 0.4222222222222222 0.915625 0.3888888888888889 0.9328125 0.375 0.9375 0.32222222222222224 0.9109375 0.2833333333333333
24 0.6296875 0.425 0.6109375 0.44722222222222224 0.61875 0.4666666666666667 0.615625 0.49444444444444446 0.6203125 0.5 0.6375 0.49722222222222223 0.653125 0.48333333333333334 0.6421875 0.46111111111111114 0.6421875 0.43333333333333335 0.6375 0.425
24 0.5671875 0.49166666666666664 0.5328125 0.5444444444444444 0.534375 0.5555555555555556 0.559375 0.5916666666666667 0.5828125 0.5888888888888889 0.5984375 0.5527777777777778 0.60625 0.5583333333333333 0.60625 0.525 0.6015625 0.5361111111111111 0.5984375 0.525 0.603125 0.5194444444444445 0.5984375 0.5194444444444445 0.6048064633467538 0.48590480175751716 0.5828125 0.5027777777777778 0.578125 0.49166666666666664 0.571875 0.5 0.56875 0.49166666666666664
24 0.6890625 0.3333333333333333 0.6640625 0.38055555555555554 0.690625 0.4 0.7296875 0.39166666666666666 0.73125 0.35 0.7265625 0.36666666666666664 0.7171875 0.36944444444444446 0.709375 0.3333333333333333 0.690625 0.3333333333333333
25 0.7875 0.21388888888888888 0.7671875 0.24722222222222223 0.75625 0.24166666666666667 0.7421875 0.25833333333333336 0.7421875 0.26944444444444443 0.7546875 0.29444444444444445 0.7546875 0.3138888888888889 0.7625 0.31666666666666665 0.775 0.2972222222222222 0.7859375 0.3055555555555556 0.80625 0.2833333333333333 0.8078125 0.25833333333333336 0.815625 0.2361111111111111 0.790625 0.21388888888888888
25 0.678125 0.35555555555555557 0.6765625 0.3638888888888889 0.671875 0.37222222222222223 0.66875 0.37222222222222223 0.6625 0.37777777777777777 0.659375 0.38333333333333336 0.6546875 0.3861111111111111 0.653125 0.39166666666666666 0.6546875 0.39444444444444443 0.6625 0.39444444444444443 0.6640625 0.3972222222222222 0.6640625 0.41388888888888886 0.665625 0.4166666666666667 0.665625 0.4222222222222222 0.671875 0.4305555555555556 0.684375 0.4305555555555556 0.690625 0.425 0.69375 0.4166666666666667 0.6953125 0.3972222222222222 0.6984375 0.3861111111111111 0.696875 0.38333333333333336 0.696875 0.37777777777777777 0.69375 0.36666666666666664 0.6921875 0.36666666666666664 0.6875 0.35833333333333334 0.684375 0.35833333333333334 0.6828125 0.35555555555555557
27 0.95625 0.7861111111111111 0.94375 0.8166666666666667 0.9625 0.8694444444444445 0.9578125 0.9055555555555556 0.95 0.9138888888888889 0.95 0.925 0.965625 0.9222222222222223 0.9765625 0.8944444444444445 0.9984375 0.8972222222222223 0.9984375 0.8222222222222222 0.9875 0.7972222222222223 0.9703125 0.8083333333333333 0.9609375 0.7861111111111111
5 0.6328125 0.10555555555555556 0.6 0.1388888888888889 0.5921875 0.1527777777777778 0.5921875 0.16666666666666666 0.5765625 0.19444444444444445 0.5703125 0.21388888888888888 0.5703125 0.2361111111111111 0.5796875 0.2611111111111111 0.603125 0.2777777777777778 0.6375 0.2777777777777778 0.665625 0.24722222222222223 0.6875 0.19722222222222222 0.690625 0.18333333333333332 0.684375 0.15833333333333333 0.6578125 0.14722222222222223 0.65 0.1361111111111111 0.65 0.125 0.6421875 0.125 0.634375 0.10555555555555556
5 0.6921875 0.05555555555555555 0.6703125 0.09166666666666666 0.671875 0.14444444444444443 0.68125 0.14722222222222223 0.690625 0.175 0.703125 0.17777777777777778 0.7359375 0.17222222222222222 0.8 0.11666666666666667 0.81875 0.1111111111111111 0.8171875 0.09166666666666666 0.821875 0.08055555555555556 0.828125 0.10555555555555556 0.8328125 0.10555555555555556 0.8390625 0.08611111111111111 0.8453125 0.09722222222222222 0.853125 0.09722222222222222 0.8546875 0.08333333333333333 0.8640625 0.09166666666666666 0.8734375 0.058333333333333334 0.69375 0.05555555555555555
23 0.50853125 0.41047222222222224 0.085390625 0.009305555555555556
42 0.507953125 0.39755555555555555 0.0830625 0.012388888888888889
84 0.73515625 0.7777777777777778 0.7265625 0.7777777777777778 0.709375 0.7972222222222223 0.7046875 0.8444444444444444 0.7140625 0.875 0.7359375 0.8861111111111111 0.75625 0.8694444444444445 0.7640625 0.8388888888888889 0.759375 0.7944444444444444 0.74375 0.7777777777777778
45 0.64921875 0.8055555555555556 0.634375 0.8111111111111111 0.625 0.8388888888888889 0.6265625 0.8694444444444445 0.640625 0.8888888888888888 0.6609375 0.8861111111111111 0.671875 0.8638888888888889 0.6703125 0.825 0.6578125 0.8055555555555556
68 0.08154687499999999 0.19758333333333333 0.156765625 0.28194444444444444
30 0.1453125 0.2916666666666667 0.14375 0.29444444444444445 0.1390625 0.29444444444444445 0.134375 0.30277777777777776 0.134375 0.3194444444444444 0.1375 0.325 0.1453125 0.325 0.1453125 0.31666666666666665 0.1515625 0.3055555555555556 0.15 0.30277777777777776 0.15 0.2972222222222222 0.146875 0.2916666666666667
49 0.0453125 0.21666666666666667 0.040625 0.23055555555555557 0.0421875 0.23333333333333334 0.0421875 0.24444444444444444 0.0453125 0.25277777777777777 0.0484375 0.25277777777777777 0.05 0.25 0.05625 0.24722222222222223 0.05625 0.24444444444444444 0.059375 0.2388888888888889 0.0609375 0.23333333333333334 0.0609375 0.225 0.0578125 0.21944444444444444 0.0578125 0.21666666666666667
66 0.0703125 0.17777777777777778 0.06875 0.18055555555555555 0.065625 0.18055555555555555 0.0609375 0.19166666666666668 0.0625 0.20555555555555555 0.0640625 0.20555555555555555 0.0671875 0.2111111111111111 0.075 0.2111111111111111 0.0796875 0.2 0.0796875 0.18611111111111112 0.0765625 0.18055555555555555 0.0734375 0.18055555555555555 0.071875 0.17777777777777778
1 0.008292655942475935 0.1146638846367043 0.005067734187068629 0.10565457941524896 0.004607031079153298 0.09173110770936342 0.012438983913713902 0.0851788857301232 0.017506718100782533 0.0884549967197433 0.018888827424528513 0.10647360716265399
82 0.022574452287851158 0.1318634673322099 0.029484998906581107 0.13022541183739988 0.03455273309364973 0.12121610661594454 0.03501343620156506 0.10565457941524894 0.023035155395766487 0.1040165239204389 0.017506718100782526 0.11630194013151435
83 0.01981023364035918 0.0958262464463886 0.020731639856189837 0.08144411920191048 0.028563592690750438 0.0757109249700753 0.03501343620156506 0.08553925793893562 0.03685624863322638 0.09864370189741614 0.029945702014496433 0.10519592387665644
64 0.9230625 0.2734166666666667 0.082375 0.01025
41 0.921890625 0.26180555555555557 0.085234375 0.013416666666666667
64 0.925078125 0.25294444444444447 0.079484375 0.008194444444444445
41 0.925078125 0.23758333333333334 0.08409375 0.02047222222222222
22 0.15240625000000002 0.31922222222222224 0.01234375 0.028527777777777777
35 0.012656249999999999 0.06855555555555555 0.015421874999999998 0.029611111111111112