56 0.34375 0.24166666666666667 0.31875 0.275 0.3109375 0.26944444444444443 0.3125 0.2861111111111111 0.290625 0.31666666666666665 0.2984375 0.35 0.2984375 0.325 0.3078125 0.3111111111111111 0.3234375 0.3194444444444444 0.3390625 0.28888888888888886 0.35 0.2916666666666667 0.35 0.25 0.3453125 0.24166666666666667
24 0.4859375 0.5388888888888889 0.4734375 0.5555555555555556 0.471875 0.5777777777777777 0.48125 0.625 0.4953125 0.6388888888888888 0.515625 0.6222222222222222 0.5203125 0.5944444444444444 0.5015625 0.5888888888888889 0.4984375 0.5472222222222223 0.4921875 0.5388888888888889
24 0.475 0.7944444444444444 0.4671875 0.8222222222222222 0.453125 0.8222222222222222 0.4390625 0.8583333333333333 0.4375 0.8805555555555555 0.4484375 0.9027777777777778 0.4421875 0.9138888888888889 0.446875 0.9222222222222223 0.4640625 0.925 0.4765625 0.9111111111111111 0.475 0.8666666666666667 0.4796875 0.8583333333333333 0.4828125 0.8194444444444444 0.4796875 0.7944444444444444
90 0.284375 0.8083333333333333 0.1546875 0.8805555555555555 0.1375 0.8833333333333333 0.1265625 0.8583333333333333 0.1296875 0.8666666666666667 0.11875 0.8805555555555555 0.1265625 0.8861111111111111 0.1296875 0.8722222222222222 0.1375 0.8916666666666667 0.128125 0.9 0.115625 0.8916666666666667 0.115625 0.9111111111111111 0.1203125 0.9222222222222223 0.1296875 0.925 0.2375 0.9416666666666667 0.4078125 0.9388888888888889 0.4078125 0.9166666666666666 0.4359375 0.9111111111111111 0.434375 0.8861111111111111 0.3953125 0.8666666666666667 0.3703125 0.8333333333333334 0.325 0.8083333333333333 0.29375 0.8083333333333333
68 0.082828125 0.196 0.156125 0.2818055555555556
23 0.332625 0.1933888888888889 0.086390625 0.010083333333333333
42 0.33192187500000003 0.18008333333333332 0.082234375 0.012722222222222222
22 0.1514375 0.3205 0.016828125 0.034194444444444444
30 0.14265624999999998 0.28350000000000003 0.014875 0.03336111111111111
82 0.019734375000000002 0.2915555555555555 0.0200625 0.03336111111111111
49 0.042703124999999995 0.1983888888888889 0.022 0.03794444444444445
66 0.013265625 0.14147222222222222 0.022640625 0.03219444444444444
1 0.00840625 0.09602777777777778 0.01553125 0.035666666666666666
83 0.08378125 0.20127777777777775 0.017468749999999998 0.0345
84 0.74375 0.7777777777777778 0.7234375 0.7805555555555556 0.70625 0.8083333333333333 0.7046875 0.8472222222222222 0.7203125 0.8805555555555555 0.7421875 0.8833333333333333 0.75625 0.875 0.7625 0.8611111111111112 0.7640625 0.8416666666666667 0.7703125 0.8333333333333334 0.7703125 0.8111111111111111 0.7515625 0.7777777777777778
85 0.79375 0.6111111111111112 0.76875 0.6194444444444445 0.7546875 0.65 0.759375 0.7055555555555556 0.7734375 0.7222222222222222 0.8109375 0.7138888888888889 0.8171875 0.7 0.8234375 0.6666666666666666 0.8171875 0.6333333333333333 0.8015625 0.6111111111111112
35 0.014421875 0.07477777777777778 0.016828125 0.034194444444444444