70 0.48125 0.46111111111111114 0.4703125 0.48055555555555557 0.4609375 0.5194444444444445 0.4453125 0.5416666666666666 0.4453125 0.5777777777777777 0.4546875 0.575 0.4703125 0.5861111111111111 0.465625 0.6027777777777777 0.4625 0.5972222222222222 0.465625 0.6166666666666667 0.475 0.6138888888888889 0.49375 0.5388888888888889 0.496875 0.49166666666666664 0.5046875 0.4777777777777778 0.490625 0.46111111111111114
73 0.6609375 0.12777777777777777 0.653125 0.1388888888888889 0.634375 0.1388888888888889 0.6140625 0.2 0.6140625 0.21666666666666667 0.625 0.2 0.634375 0.20555555555555555 0.628125 0.2388888888888889 0.65 0.20555555555555555 0.6578125 0.23055555555555557 0.6578125 0.18611111111111112 0.665625 0.18333333333333332 0.6671875 0.15555555555555556 0.6625 0.12777777777777777
5 0.684375 0.5944444444444444 0.6640625 0.6611111111111111 0.6546875 0.675 0.6578125 0.6944444444444444 0.6484375 0.7027777777777777 0.653125 0.7444444444444445 0.6640625 0.7666666666666667 0.659375 0.7833333333333333 0.6625 0.8055555555555556 0.675 0.825 0.7171875 0.8694444444444445 0.7515625 0.8138888888888889 0.8046875 0.8083333333333333 0.8 0.8 0.8046875 0.7888888888888889 0.8203125 0.7777777777777778 0.828125 0.7777777777777778 0.8296875 0.7944444444444444 0.8296875 0.775 0.821875 0.7777777777777778 0.79375 0.7444444444444445 0.7828125 0.6972222222222222 0.7828125 0.675 0.7953125 0.6416666666666667 0.7859375 0.6416666666666667 0.778125 0.6527777777777778 0.7734375 0.6083333333333333 0.765625 0.6111111111111112 0.7515625 0.6361111111111111 0.7390625 0.6138888888888889 0.728125 0.6333333333333333 0.7203125 0.6333333333333333 0.7171875 0.5944444444444444 0.690625 0.5944444444444444
5 0.402734375 0.06111111111111111 0.3453125 0.06111111111111111 0.3390625 0.075 0.3296875 0.06944444444444445 0.31875 0.11666666666666667 0.3203125 0.175 0.3234375 0.19444444444444445 0.3359375 0.21666666666666667 0.353125 0.22777777777777777 0.3828125 0.21666666666666667 0.403125 0.19166666666666668 0.45 0.1638888888888889 0.4578125 0.1388888888888889 0.4671875 0.14722222222222223 0.4921875 0.1388888888888889 0.503125 0.11944444444444445 0.503125 0.1111111111111111 0.4875 0.10555555555555556 0.4703125 0.10555555555555556 0.465625 0.11666666666666667 0.4578125 0.10833333333333334 0.4234375 0.10833333333333334 0.421875 0.08055555555555556 0.4171875 0.075 0.4234375 0.06666666666666667 0.4109375 0.06111111111111111
5 0.221875 0.1527777777777778 0.2140625 0.17222222222222222 0.203125 0.17222222222222222 0.1984375 0.19722222222222222 0.1890625 0.2 0.184375 0.18333333333333332 0.1796875 0.18888888888888888 0.178125 0.21388888888888888 0.1828125 0.22777777777777777 0.171875 0.2777777777777778 0.175 0.325 0.196875 0.3333333333333333 0.2046875 0.35833333333333334 0.2328125 0.3527777777777778 0.2515625 0.3277777777777778 0.2640625 0.325 0.2953125 0.2722222222222222 0.3 0.25277777777777777 0.296875 0.19722222222222222 0.28125 0.2 0.2625 0.175 0.24375 0.175 0.2296875 0.1527777777777778
5 0 0.4027777777777778 0 0.5722222222222222 0.0109375 0.5638888888888889 0.0109375 0.5361111111111111 0.04375 0.5388888888888889 0.059375 0.525 0.075 0.475 0.0734375 0.42777777777777776 0.0625 0.4083333333333333 0.0109375 0.4027777777777778
25 0.21328125 0.5777777777777777 0.19375 0.5861111111111111 0.190625 0.6138888888888889 0.2296875 0.7 0.2515625 0.6611111111111111 0.25625 0.625 0.225 0.6 0.221875 0.5777777777777777
25 0.05625 0.7277777777777777 0.0359375 0.7583333333333333 0.05 0.7972222222222223 0.065625 0.825 0.090625 0.8166666666666667 0.0921875 0.7833333333333333 0.06875 0.7611111111111111 0.059375 0.7277777777777777
91 0.9041015625 0 0.84375 0.002777777777777778 0.83125 0.10277777777777777 0.83125 0.11944444444444445 0.8390625 0.13333333333333333 0.8765625 0.15833333333333333 0.896875 0.15555555555555556 0.9125 0.1361111111111111 0.9125 0.10277777777777777 0.9015625 0.07222222222222222 0.903125 0.03333333333333333 0.9125 0
68 0.08828125 0.15694444444444444 0.1765625 0.3138888888888889
30 0.15145312500000002 0.29688888888888887 0.023921875000000002 0.03825
29 0.143890625 0.27705555555555555 0.021515625 0.03825
67 0.072140625 0.1651111111111111 0.016734375000000003 0.03258333333333333
49 0.031484374999999995 0.08219444444444444 0.02471875 0.03969444444444444
35 0.011421875 0.023500000000000004 0.02284375 0.04700000000000001
2 0.008765625 0.040388888888888884 0.01753125 0.043944444444444446
1 0.026703125 0.04463888888888889 0.023125 0.03825
83 0.033484375 0.02125 0.02071875 0.034
64 0.49546875 0.41288888888888886 0.09384375 0.015027777777777779
42 0.4953125 0.3961111111111111 0.096875 0.014444444444444446
64 0.6657968750000001 0.07925 0.09290625 0.011666666666666667
41 0.666734375 0.06338888888888888 0.09665625 0.020027777777777776
22 0.168875 0.297 0.015625 0.03847222222222222