56 0.4875 0.4666666666666667 0.48125 0.475 0.4875 0.49722222222222223 0.478125 0.5277777777777778 0.48125 0.5416666666666666 0.475 0.5694444444444444 0.496875 0.525 0.5328125 0.5472222222222223 0.528125 0.5277777777777778 0.5078125 0.49722222222222223 0.5125 0.49166666666666664 0.528125 0.5027777777777778 0.528125 0.49166666666666664 0.49375 0.4666666666666667
86 0.871875 0.5222222222222223 0.8515625 0.5444444444444444 0.846875 0.6027777777777777 0.8484375 0.6222222222222222 0.8625 0.6194444444444445 0.8765625 0.6333333333333333 0.9 0.6083333333333333 0.9125 0.5611111111111111 0.8953125 0.5277777777777778 0.884375 0.5222222222222223
74 0.925 0.5111111111111111 0.9109375 0.5472222222222223 0.9171875 0.5722222222222222 0.90625 0.5777777777777777 0.8921875 0.625 0.884375 0.625 0.8734375 0.6583333333333333 0.8765625 0.6666666666666666 0.8828125 0.6666666666666666 0.8953125 0.6416666666666667 0.903125 0.6583333333333333 0.903125 0.6722222222222223 0.915625 0.625 0.9203125 0.6722222222222223 0.925 0.6527777777777778 0.921875 0.5916666666666667 0.9328125 0.5666666666666667 0.9328125 0.5111111111111111
89 0.8453125 0.2833333333333333 0.8578125 0.30277777777777776 0.8578125 0.3277777777777778 0.878125 0.35 0.878125 0.3611111111111111 0.86875 0.37222222222222223 0.871875 0.4 0.8609375 0.4166666666666667 0.8640625 0.425 0.8890625 0.4166666666666667 0.9078125 0.38333333333333336 0.934375 0.37222222222222223 0.9359375 0.3527777777777778 0.9484375 0.32222222222222224 0.946875 0.3111111111111111 0.93125 0.30833333333333335 0.909375 0.3111111111111111 0.8921875 0.325 0.890625 0.31666666666666665 0.8953125 0.3138888888888889 0.8828125 0.3111111111111111 0.8765625 0.2972222222222222 0.8671875 0.3111111111111111 0.8609375 0.29444444444444445 0.8640625 0.2861111111111111 0.85 0.2833333333333333
5 0.6421875 0.25833333333333336 0.6375 0.28055555555555556 0.6265625 0.28055555555555556 0.61875 0.29444444444444445 0.5890625 0.28888888888888886 0.5546875 0.2972222222222222 0.5484375 0.30833333333333335 0.5421875 0.30277777777777776 0.5296875 0.31666666666666665 0.515625 0.3138888888888889 0.509375 0.34444444444444444 0.5015625 0.33611111111111114 0.484375 0.3416666666666667 0.48125 0.3638888888888889 0.4734375 0.37222222222222223 0.484375 0.38333333333333336 0.4984375 0.36944444444444446 0.5125 0.37222222222222223 0.5171875 0.38333333333333336 0.5484375 0.38333333333333336 0.5546875 0.45555555555555555 0.5515625 0.46944444444444444 0.54375 0.46944444444444444 0.553125 0.46944444444444444 0.5734375 0.49166666666666664 0.5890625 0.48333333333333334 0.5953125 0.4638888888888889 0.63125 0.4527777777777778 0.6421875 0.4361111111111111 0.6828125 0.4361111111111111 0.70625 0.39444444444444443 0.7171875 0.3388888888888889 0.6984375 0.30833333333333335 0.7 0.2861111111111111 0.6921875 0.26944444444444443 0.65 0.25833333333333336
5 0.3609375 0.49166666666666664 0.3390625 0.5305555555555556 0.3296875 0.525 0.325 0.5722222222222222 0.30625 0.5611111111111111 0.2984375 0.5972222222222222 0.2859375 0.6166666666666667 0.284375 0.6444444444444445 0.275 0.6416666666666667 0.26875 0.6527777777777778 0.278125 0.6583333333333333 0.2765625 0.675 0.2828125 0.6944444444444444 0.3296875 0.75 0.35 0.7444444444444445 0.3796875 0.7194444444444444 0.4359375 0.6305555555555555 0.4375 0.5944444444444444 0.421875 0.5805555555555556 0.434375 0.5527777777777778 0.4078125 0.5472222222222223 0.4015625 0.5305555555555556 0.378125 0.525 0.365625 0.49166666666666664
5 0.15625 0.7694444444444445 0.1515625 0.7833333333333333 0.1359375 0.7916666666666666 0.11875 0.7722222222222223 0.1015625 0.7944444444444444 0.0984375 0.8111111111111111 0.0921875 0.8055555555555556 0.0921875 0.7805555555555556 0.0875 0.7805555555555556 0.078125 0.8027777777777778 0.0921875 0.825 0.0875 0.8333333333333334 0.0921875 0.8361111111111111 0.0953125 0.8638888888888889 0.10625 0.875 0.109375 0.8888888888888888 0.115625 0.8888888888888888 0.11875 0.9027777777777778 0.1375 0.9055555555555556 0.1375 0.9194444444444444 0.1265625 0.9194444444444444 0.121875 0.9083333333333333 0.10625 0.9027777777777778 0.0734375 0.8416666666666667 0.0640625 0.8388888888888889 0.0640625 0.8277777777777777 0.05625 0.8444444444444444 0.01875 0.8638888888888889 0.009375 0.9111111111111111 0.0125 0.9333333333333333 0.0046875 0.9361111111111111 0 0.925 0 0.9416666666666667 0.190625 0.9388888888888889 0.190625 0.8777777777777778 0.203125 0.8694444444444445 0.20625 0.8555555555555555 0.19375 0.8277777777777777 0.19375 0.8111111111111111 0.1859375 0.7888888888888889 0.1625 0.7805555555555556 0.159375 0.7694444444444445
23 0.5084375 0.4111388888888889 0.0848125 0.010888888888888889
42 0.5084375 0.39791666666666664 0.0813125 0.012444444444444445
64 0.9333750000000001 0.4865277777777778 0.0848125 0.012444444444444445
41 0.9320625 0.47100000000000003 0.0821875 0.015555555555555555
64 0.9639843750000001 0.2316111111111111 0.07082812499999999 0.009333333333333332
41 0.96340625 0.21994444444444447 0.0731875 0.0077777777777777776
68 0.082625 0.19663888888888892 0.15826562500000002 0.2720277777777778
66 0.103609375 0.3279722222222222 0.014859375 0.024861111111111108
29 0.12196875 0.31555555555555553 0.016609375000000003 0.03108333333333333
49 0.09575 0.1748611111111111 0.018359375 0.03263888888888889
82 0.023609375 0.0855 0.013984374999999999 0.03108333333333333
2 0.03628125 0.0816111111111111 0.014859375 0.03263888888888889
1 0.020984375 0.0715 0.017484375 0.02175
94 0.050734375 0.1363888888888889 0.01690625 0.02361111111111111
83 0.04153125 0.06683333333333333 0.014859375 0.018666666666666665
27 0.5625 0.65 0.5484375 0.6694444444444444 0.5125 0.6944444444444444 0.49375 0.7361111111111112 0.5265625 0.7444444444444445 0.5359375 0.7361111111111112 0.5828125 0.7333333333333333 0.5828125 0.6972222222222222 0.571875 0.7083333333333334 0.5671875 0.7277777777777777 0.559375 0.7138888888888889 0.5734375 0.6805555555555556 0.565625 0.65
64 0.54778125 0.5937777777777777 0.0848125 0.009333333333333332
40 0.54778125 0.5836944444444444 0.0883125 0.014