40 0.530734375 0.6336111111111111 0.092828125 0.014805555555555556
64 0.496625 0.41411111111111115 0.094484375 0.01172222222222222
42 0.4971875 0.3978055555555556 0.09915625 0.015166666666666667
85 0.828890625 0.6977777777777777 0.07640625 0.13544444444444445
25 0.6836875 0.6059166666666667 0.044640625 0.08277777777777778
91 0.9875 0.36944444444444446 0.990625 0.4027777777777778 0.9859375 0.4111111111111111 0.9765625 0.4083333333333333 0.9765625 0.4166666666666667 0.9671875 0.4222222222222222 0.9546875 0.44722222222222224 0.9390625 0.4388888888888889 0.9390625 0.4222222222222222 0.9484375 0.4305555555555556 0.9515625 0.4222222222222222 0.9375 0.40555555555555556 0.9265625 0.40555555555555556 0.9125 0.42777777777777776 0.915625 0.4388888888888889 0.93125 0.4527777777777778 0.9375 0.5222222222222223 0.95 0.5277777777777778 0.9625 0.55 0.96875 0.575 0.96875 0.6222222222222222 0.9828125 0.6055555555555555 0.990625 0.5805555555555556 0.9828125 0.525 0.9984375 0.5194444444444445 0.99375 0.46944444444444444 0.984375 0.4638888888888889 0.9875 0.44166666666666665 0.9984375 0.4361111111111111 0.9984375 0.36944444444444446
41 0.9728749999999999 0.3525277777777778 0.0473125 0.016305555555555556
68 0.085484375 0.15858333333333335 0.17096875 0.3128888888888889
5 0.01578125 0.020388888888888887 0.031453125 0.040777777777777774
64 0.5859375 0.5430555555555555 0.09375 0.013888888888888888
40 0.5841093749999999 0.5295277777777778 0.091609375 0.013527777777777777
25 0.7733125000000001 0.5856666666666667 0.09709375 0.1643888888888889
91 0.884375 0.2833333333333333 0.884375 0.3 0.9015625 0.3333333333333333 0.9234375 0.3416666666666667 0.921875 0.3111111111111111 0.8859375 0.2833333333333333
91 0.9546875 0.6416666666666667 0.953125 0.6555555555555556 0.934375 0.6694444444444444 0.9140625 0.6638888888888889 0.8953125 0.6444444444444445 0.884375 0.6527777777777778 0.8875 0.6555555555555556 0.8671875 0.6916666666666667 0.871875 0.7361111111111112 0.878125 0.7472222222222222 0.9078125 0.7444444444444445 0.928125 0.7305555555555555 0.946875 0.7388888888888889 0.9484375 0.7138888888888889 0.965625 0.6944444444444444 0.9546875 0.6527777777777778 0.959375 0.6416666666666667
5 0.41609375000000004 0.3368055555555556 0.082796875 0.1846111111111111
60 0.060140625 0.29183333333333333 0.01971875 0.04733333333333333
49 0.112890625 0.10166666666666667 0.020703125 0.035055555555555555
1 0.11014062499999999 0.07791666666666666 0.020984375 0.02263888888888889
40 0.54965625 0.3729166666666667 0.093046875 0.022444444444444444