70 0.490625 0.4527777777777778 0.48125 0.4638888888888889 0.484375 0.49444444444444446 0.4765625 0.49444444444444446 0.4703125 0.4666666666666667 0.46875 0.49722222222222223 0.4796875 0.5472222222222223 0.5078125 0.575 0.5171875 0.5972222222222222 0.528125 0.5888888888888889 0.5265625 0.5638888888888889 0.5390625 0.5555555555555556 0.5375 0.5388888888888889 0.528125 0.5277777777777778 0.540625 0.5083333333333333 0.559375 0.5055555555555555 0.5375 0.4888888888888889 0.51875 0.4888888888888889 0.5046875 0.4638888888888889 0.4921875 0.45555555555555555
5 0.3296875 0.17222222222222222 0.3265625 0.18611111111111112 0.2984375 0.18611111111111112 0.2671875 0.21388888888888888 0.2421875 0.26666666666666666 0.2359375 0.30277777777777776 0.2515625 0.3472222222222222 0.275 0.38055555555555554 0.3 0.3888888888888889 0.340625 0.4305555555555556 0.4140625 0.4527777777777778 0.4609375 0.48055555555555557 0.471875 0.48055555555555557 0.475 0.4777777777777778 0.465625 0.4777777777777778 0.4859375 0.45 0.496875 0.45 0.5171875 0.48055555555555557 0.559375 0.4861111111111111 0.5859375 0.4527777777777778 0.5984375 0.37222222222222223 0.584375 0.3388888888888889 0.5046875 0.28888888888888886 0.496875 0.2722222222222222 0.4734375 0.2777777777777778 0.4546875 0.26666666666666666 0.446875 0.25 0.4109375 0.25277777777777777 0.4 0.2361111111111111 0.3921875 0.24166666666666667 0.384375 0.2222222222222222 0.3765625 0.225 0.36875 0.20833333333333334 0.3515625 0.21944444444444444 0.3296875 0.175
5 0.859375 0.1388888888888889 0.8265625 0.16666666666666666 0.809375 0.19722222222222222 0.7890625 0.2638888888888889 0.8046875 0.44166666666666665 0.8125 0.4527777777777778 0.834375 0.46111111111111114 0.9171875 0.4666666666666667 0.921875 0.4777777777777778 0.946875 0.4722222222222222 0.95625 0.45 0.9546875 0.4305555555555556 0.946875 0.41388888888888886 0.9265625 0.41944444444444445 0.9265625 0.38333333333333336 0.9125 0.38055555555555554 0.909375 0.2972222222222222 0.9171875 0.26944444444444443 0.9140625 0.18333333333333332 0.90625 0.15833333333333333 0.8875 0.15833333333333333 0.88125 0.14166666666666666 0.865625 0.1388888888888889
17 0.278125 0.6583333333333333 0.2671875 0.7361111111111112 0.2546875 0.7444444444444445 0.2515625 0.7861111111111111 0.259375 0.8166666666666667 0.2828125 0.8166666666666667 0.3046875 0.8305555555555556 0.3140625 0.8194444444444444 0.325 0.8194444444444444 0.328125 0.8611111111111112 0.334375 0.875 0.3390625 0.8666666666666667 0.340625 0.8305555555555556 0.346875 0.8555555555555555 0.3546875 0.8583333333333333 0.3484375 0.7777777777777778 0.35625 0.7583333333333333 0.3609375 0.775 0.384375 0.7805555555555556 0.403125 0.7666666666666667 0.39375 0.7472222222222222 0.3953125 0.725 0.3875 0.6888888888888889 0.3875 0.7388888888888889 0.3671875 0.7472222222222222 0.35625 0.7277777777777777 0.3609375 0.6861111111111111 0.3421875 0.6833333333333333 0.3359375 0.7 0.309375 0.6944444444444444 0.278125 0.7111111111111111 0.28125 0.6777777777777778 0.2953125 0.675 0.2875 0.6694444444444444 0.290625 0.6611111111111111 0.303125 0.6611111111111111 0.28125 0.6583333333333333
85 0.8328125 0.625 0.8046875 0.6333333333333333 0.784375 0.6722222222222223 0.790625 0.7166666666666667 0.8046875 0.7416666666666667 0.821875 0.7472222222222222 0.84375 0.7333333333333333 0.853125 0.7416666666666667 0.8640625 0.7138888888888889 0.8640625 0.6722222222222223 0.85625 0.6472222222222223 0.834375 0.625
84 0.7671875 0.8111111111111111 0.740625 0.8277777777777777 0.7296875 0.8666666666666667 0.74375 0.9388888888888889 0.7640625 0.9527777777777777 0.7796875 0.95 0.796875 0.9305555555555556 0.8078125 0.8833333333333333 0.8015625 0.8388888888888889 0.7828125 0.8138888888888889 0.76875 0.8111111111111111
45 0.665625 0.8472222222222222 0.65625 0.8527777777777777 0.64375 0.8833333333333333 0.6453125 0.9111111111111111 0.659375 0.9333333333333333 0.68125 0.9277777777777778 0.6921875 0.9027777777777778 0.6890625 0.8666666666666667 0.671875 0.8472222222222222
64 0.49524999999999997 0.4142222222222222 0.0960625 0.015694444444444445
42 0.49375 0.3958333333333333 0.1 0.019444444444444445
68 0.0894375 0.15605555555555556 0.178890625 0.3121388888888889
1 0.042203125 0.06619444444444444 0.021515625 0.035305555555555555
66 0.062890625 0.11180555555555556 0.018203125 0.035305555555555555
82 0.074890625 0.114 0.01571875 0.025
49 0.07860937500000001 0.08975000000000001 0.021515625 0.03825
50 0.09515625 0.08752777777777779 0.019859375000000002 0.03972222222222222
29 0.069921875 0.26405555555555554 0.01903125 0.03972222222222222