100 0.703125 0.225 0.6939016391186242 0.2714183679370265 0.678125 0.26944444444444443 0.6734375 0.2833333333333333 0.6609375 0.2833333333333333 0.6734375 0.3 0.6873895278025997 0.31901305804920654 0.684375 0.35 0.703125 0.3527777777777778 0.7078125 0.3416666666666667 0.70625 0.3055555555555556 0.7125 0.25555555555555554 0.709375 0.225
20 0.7125 0.19444444444444445 0.7 0.20833333333333334 0.684375 0.20555555555555555 0.675 0.22777777777777777 0.665625 0.23333333333333334 0.665625 0.25277777777777777 0.6765625 0.26666666666666666 0.6765625 0.28888888888888886 0.6875 0.28888888888888886 0.696875 0.25 0.7125 0.23333333333333334 0.7109375 0.2222222222222222 0.71875 0.21388888888888888 0.7140625 0.19444444444444445
24 0.553125 0.25 0.5265625 0.29444444444444445 0.5265625 0.3055555555555556 0.5421875 0.33611111111111114 0.565625 0.3416666666666667 0.58125 0.325 0.5796875 0.2861111111111111 0.59375 0.29444444444444445 0.5953125 0.2861111111111111 0.5890625 0.26944444444444443 0.5625 0.25
24 0.565625 0.19444444444444445 0.559375 0.2 0.5546875 0.2361111111111111 0.5640625 0.24722222222222223 0.584375 0.24722222222222223 0.590625 0.20277777777777778 0.571875 0.19444444444444445
41 0.70284375 0.13005555555555556 0.09862499999999999 0.017333333333333333
64 0.70284375 0.14450000000000002 0.096453125 0.011555555555555557
25 0.65 0.075 0.6515625 0.1111111111111111 0.6734375 0.11944444444444445 0.675 0.07777777777777778 0.659375 0.08888888888888889 0.65625 0.075
25 0.7078125 0.025 0.684375 0.06388888888888888 0.6765625 0.05555555555555555 0.6734375 0.06388888888888888 0.675 0.09444444444444444 0.6875 0.1111111111111111 0.7 0.1111111111111111 0.7078125 0.1 0.721875 0.10555555555555556 0.725 0.09444444444444444 0.7359375 0.044444444444444446 0.721875 0.027777777777777776 0.709375 0.027777777777777776
5 0.5 0.03611111111111111 0.4796875 0.03888888888888889 0.475 0.04722222222222222 0.4421875 0.041666666666666664 0.434375 0.06388888888888888 0.3796875 0.06111111111111111 0.3453125 0.09444444444444444 0.340625 0.10833333333333334 0.3296875 0.1111111111111111 0.325 0.125 0.3140625 0.13333333333333333 0.309375 0.125 0.303125 0.20277777777777778 0.2875 0.2722222222222222 0.2890625 0.29444444444444445 0.3015625 0.325 0.3296875 0.3416666666666667 0.3546875 0.3388888888888889 0.4015625 0.30277777777777776 0.41875 0.2722222222222222 0.4296875 0.2361111111111111 0.4515625 0.2111111111111111 0.4734375 0.16666666666666666 0.4953125 0.15833333333333333 0.528125 0.11388888888888889 0.5328125 0.07777777777777778 0.5296875 0.058333333333333334 0.51875 0.03888888888888889 0.5046875 0.03611111111111111
90 0.359375 0.5305555555555556 0.3515625 0.5305555555555556 0.321875 0.5638888888888889 0.246875 0.5888888888888889 0.203125 0.6222222222222222 0.2390625 0.6388888888888888 0.303125 0.6388888888888888 0.3078125 0.6638888888888889 0.3171875 0.6527777777777778 0.3328125 0.6527777777777778 0.3390625 0.6611111111111111 0.340625 0.6916666666666667 0.334375 0.7083333333333334 0.3328125 0.7444444444444445 0.3515625 0.8 0.3515625 0.8166666666666667 0.3296875 0.8611111111111112 0.3296875 0.9138888888888889 0.3359375 0.9361111111111111 0.3609375 0.9777777777777777 0.3734375 0.9777777777777777 0.3765625 0.9666666666666667 0.38125 0.9666666666666667 0.3828125 0.9777777777777777 0.39375 0.9777777777777777 0.4265625 0.9277777777777778 0.4359375 0.8777777777777778 0.43125 0.8444444444444444 0.4203125 0.8222222222222222 0.403125 0.8111111111111111 0.396875 0.7888888888888889 0.3984375 0.7722222222222223 0.4125 0.75 0.40625 0.6555555555555556 0.415625 0.6472222222222223 0.4296875 0.6555555555555556 0.428125 0.6333333333333333 0.4328125 0.625 0.4640625 0.6222222222222222 0.471875 0.6055555555555555 0.465625 0.5861111111111111 0.453125 0.575 0.43125 0.5611111111111111 0.3984375 0.5555555555555556 0.3671875 0.5305555555555556
89 0.571875 0.8333333333333334 0.565625 0.8444444444444444 0.5546875 0.8361111111111111 0.5453125 0.8444444444444444 0.5453125 0.8583333333333333 0.534375 0.8638888888888889 0.534375 0.9083333333333333 0.51875 0.9444444444444444 0.528125 0.9555555555555556 0.528125 0.9694444444444444 0.5359375 0.9722222222222222 0.5484375 0.9944444444444445 0.5609375 0.975 0.5765625 0.9722222222222222 0.56875 0.9583333333333334 0.571875 0.9277777777777778 0.5640625 0.9138888888888889 0.5609375 0.8888888888888888 0.5671875 0.8555555555555555 0.590625 0.8388888888888889 0.5734375 0.8333333333333334
84 0.821875 0.6277777777777778 0.8046875 0.6333333333333333 0.7875 0.6722222222222223 0.790625 0.7138888888888889 0.8125 0.7444444444444445 0.8390625 0.7361111111111112 0.853125 0.7 0.8484375 0.6527777777777778 0.840625 0.6333333333333333 0.8296875 0.6277777777777778
68 0.08778125 0.15991666666666668 0.175578125 0.31983333333333336
29 0.129515625 0.24083333333333334 0.02059375 0.034694444444444444
49 0.030343750000000003 0.12041666666666667 0.02384375 0.04047222222222222
1 0.008671874999999999 0.10116666666666667 0.017343749999999998 0.03661111111111111
82 0.013546875 0.08477777777777777 0.014093749999999999 0.026972222222222224
67 0.017890625 0.057805555555555554 0.02059375 0.03852777777777778
64 0.7207343749999999 0.17822222222222223 0.095375 0.013500000000000002
41 0.719109375 0.16377777777777777 0.094296875 0.015416666666666665
35 0.01021875 0.020305555555555556 0.0204375 0.04061111111111111
22 0.165859375 0.3002222222222222 0.019234375 0.04486111111111111