70 0.4890625 0.4527777777777778 0.48125 0.46944444444444444 0.484375 0.49444444444444446 0.4796875 0.5055555555555555 0.4671875 0.48055555555555557 0.46875 0.5055555555555555 0.48125 0.5333333333333333 0.484375 0.5888888888888889 0.4890625 0.5583333333333333 0.496875 0.5527777777777778 0.5171875 0.5722222222222222 0.5359375 0.5694444444444444 0.5328125 0.5583333333333333 0.5421875 0.55 0.534375 0.5277777777777778 0.5359375 0.5111111111111111 0.50625 0.46111111111111114 0.49375 0.4527777777777778
20 0.77734375 0 0.76875 0 0.7734375 0.022222222222222223 0.7703125 0.05 0.7828125 0.07777777777777778 0.78125 0.09166666666666666 0.7875 0.09444444444444444 0.7921875 0.03333333333333333 0.7859375 0.019444444444444445 0.7859375 0
24 0.5265625 0.14722222222222223 0.5140625 0.175 0.4984375 0.19166666666666668 0.50625 0.21944444444444444 0.5203125 0.2361111111111111 0.546875 0.23333333333333334 0.553125 0.2111111111111111 0.5453125 0.18333333333333332 0.5484375 0.16944444444444445 0.5328125 0.14722222222222223
24 0.5609375 0.13055555555555556 0.5515625 0.1527777777777778 0.5625 0.2 0.56875 0.19722222222222222 0.578125 0.1527777777777778 0.56875 0.13055555555555556
24 0.63125 0.044444444444444446 0.6265625 0.058333333333333334 0.6140625 0.06111111111111111 0.6140625 0.1 0.621875 0.08333333333333333 0.63125 0.10555555555555556 0.65 0.09166666666666666 0.65 0.06944444444444445 0.640625 0.044444444444444446
25 0.665625 0.016666666666666666 0.6484375 0.044444444444444446 0.65625 0.07777777777777778 0.6859375 0.06388888888888888 0.678125 0.025 0.671875 0.016666666666666666
90 0.26510416666666664 0.5305555555555556 0.2484375 0.5305555555555556 0.2265625 0.5666666666666667 0.153125 0.5861111111111111 0.146875 0.6 0.1359375 0.5944444444444444 0.1359375 0.6166666666666667 0.13125 0.6222222222222222 0.140625 0.6388888888888888 0.203125 0.6416666666666667 0.2125 0.6694444444444444 0.2203125 0.6611111111111111 0.246875 0.6583333333333333 0.2515625 0.6805555555555556 0.2359375 0.7194444444444444 0.2359375 0.7472222222222222 0.2578125 0.8 0.2921875 0.7972222222222223 0.30625 0.7694444444444445 0.3265625 0.7527777777777778 0.315625 0.6555555555555556 0.321875 0.65 0.3328125 0.6583333333333333 0.3359375 0.625 0.3609375 0.6305555555555555 0.4 0.6111111111111112 0.371875 0.5861111111111111 0.353125 0.5861111111111111 0.33125 0.5638888888888889 0.29375 0.5527777777777778 0.2734375 0.5305555555555556
45 0.6609375 0.8444444444444444 0.6421875 0.875 0.6421875 0.9083333333333333 0.65 0.9277777777777778 0.665625 0.9388888888888889 0.684375 0.9305555555555556 0.69375 0.9055555555555556 0.6890625 0.8611111111111112 0.675 0.8444444444444444
5 0.4421875 0.041666666666666664 0.434375 0.06111111111111111 0.340625 0.06111111111111111 0.33125 0.06944444444444445 0.3140625 0.06388888888888888 0.278125 0.11666666666666667 0.2671875 0.11944444444444445 0.265625 0.13333333333333333 0.2578125 0.13055555555555556 0.2578125 0.1527777777777778 0.2515625 0.16111111111111112 0.246875 0.1527777777777778 0.246875 0.12777777777777777 0.246875 0.16666666666666666 0.221875 0.25555555555555554 0.2234375 0.29444444444444445 0.2453125 0.3333333333333333 0.265625 0.3416666666666667 0.3015625 0.3388888888888889 0.3375 0.3055555555555556 0.3546875 0.2833333333333333 0.359375 0.25277777777777777 0.396875 0.20555555555555555 0.415625 0.16666666666666666 0.434375 0.16111111111111112 0.4671875 0.12777777777777777 0.4765625 0.08333333333333333 0.4734375 0.05555555555555555 0.44375 0.041666666666666664
64 0.495421875 0.41263888888888894 0.095421875 0.011472222222222222
42 0.49653125 0.40025 0.09521874999999999 0.016916666666666667
68 0.087890625 0.15625 0.17578125 0.3125
22 0.16646875 0.2991388888888889 0.01803125 0.042722222222222224
30 0.16107812500000002 0.26594444444444443 0.019375 0.03952777777777778
29 0.078203125 0.2551111111111111 0.022953124999999998 0.05102777777777778
49 0.044484375 0.16327777777777777 0.024390625 0.04080555555555555
66 0.083234375 0.1498611111111111 0.017218749999999998 0.042083333333333334
67 0.0979375 0.14797222222222223 0.022234375 0.04080555555555555
1 0.013984374999999999 0.07016666666666667 0.025109375 0.04591666666666667
35 0.0108125 0.022444444444444444 0.016828125 0.04486111111111111
2 0.02403125 0.03252777777777778 0.017937500000000002 0.037
82 0.0373125 0.05294444444444444 0.017218749999999998 0.042083333333333334