5 0.777640625 0.11866666666666667 0.19103125 0.12102777777777778
24 0.621984375 0.494 0.076796875 0.11808333333333333
45 0.6501875 0.8461111111111111 0.046734375 0.08869444444444444
84 0.7401875 0.84025 0.06934375000000001 0.12111111111111111
5 0.637765625 0.20130555555555554 0.11764062500000001 0.1745
85 0.7883281249999999 0.6663888888888889 0.06625 0.10455555555555555
5 0.371234375 0.5447500000000001 0.17089062500000002 0.31555555555555553
25 0.84865625 0.1603611111111111 0.06209375 0.08911111111111111
56 0.48465625 0.5226388888888889 0.08790624999999999 0.11163888888888888
23 0.49664062500000006 0.41100000000000003 0.084484375 0.010138888888888888
42 0.4949375 0.39741666666666664 0.080875 0.012805555555555556
5 0.5114687499999999 0.3358888888888889 0.082875 0.11302777777777777
68 0.079984375 0.19575 0.159953125 0.27775
49 0.08484375 0.25025000000000003 0.01853125 0.03197222222222222
24 0.66759375 0.4433888888888889 0.047828125 0.06383333333333334
31 0.46010937500000004 0.4241944444444445 0.086765625 0.13397222222222221
64 0.4421875 0.3375 0.0875 0.013888888888888888
40 0.44165625000000003 0.32319444444444445 0.08509375 0.013805555555555555
54 0.9487500000000001 0.3298333333333333 0.086765625 0.10758333333333332
64 0.974375 0.2374722222222222 0.05125 0.01625
41 0.973234375 0.22427777777777777 0.053531249999999996 0.010138888888888888
29 0.10332812499999999 0.22427777777777777 0.021687500000000002 0.0345
30 0.092484375 0.17455555555555557 0.018265625 0.03247222222222222
66 0.011421875 0.32375 0.022828124999999998 0.0345
1 0.01484375 0.10452777777777779 0.020546875 0.030444444444444448
82 0.008203125 0.08975000000000001 0.016421875 0.027722222222222224
2 0.031968750000000004 0.09133333333333334 0.022828124999999998 0.028416666666666666