45 0.6501406249999999 0.8457222222222222 0.051000000000000004 0.0916388888888889
56 0.500390625 0.5109166666666667 0.117203125 0.10016666666666667
42 0.494546875 0.39822222222222226 0.083328125 0.014777777777777779
5 0.45701562500000004 0.6743055555555556 0.189046875 0.23044444444444442
31 0.6685 0.36980555555555555 0.09990625 0.17697222222222223
86 0.8801718749999999 0.5762777777777778 0.06692187499999999 0.10877777777777776
64 0.49303125000000003 0.4143888888888889 0.084265625 0.01163888888888889
68 0.079484375 0.1941111111111111 0.15871875 0.27919444444444447
37 0.7171875 0.5361111111111111 0.715625 0.5527777777777778 0.73125 0.5888888888888889 0.7125 0.5944444444444444 0.709375 0.6111111111111112 0.728125 0.6138888888888889 0.73125 0.65 0.7359375 0.6527777777777778 0.7515625 0.6305555555555555 0.7484375 0.6083333333333333 0.753125 0.6 0.7765625 0.5916666666666667 0.7578125 0.5611111111111111 0.7546875 0.5444444444444444 0.721875 0.5361111111111111
85 0.786078125 0.6701944444444444 0.064234375 0.11019444444444446
59 0.1875 0.05555555555555555 0.159375 0.06388888888888888 0.1609375 0.2861111111111111 0.1546875 0.325 0.1390625 0.34444444444444444 0.1390625 0.37777777777777777 0.146875 0.4 0.14375 0.4083333333333333 0.15 0.4222222222222222 0.18125 0.4388888888888889 0.2546875 0.4027777777777778 0.2765625 0.3638888888888889 0.275 0.35 0.265625 0.33611111111111114 0.2625 0.30833333333333335 0.234375 0.28055555555555556 0.21875 0.25 0.2109375 0.21666666666666667 0.2109375 0.17222222222222222 0.2171875 0.16944444444444445 0.2203125 0.18611111111111112 0.23125 0.18333333333333332 0.2421875 0.19722222222222222 0.2359375 0.21944444444444444 0.2421875 0.23055555555555557 0.2515625 0.2388888888888889 0.265625 0.23333333333333334 0.2640625 0.16666666666666666 0.2546875 0.12222222222222222 0.25625 0.08611111111111111 0.234375 0.06944444444444445 0.228125 0.07222222222222222 0.2203125 0.058333333333333334 0.1953125 0.05555555555555555
66 0.087125 0.17122222222222222 0.019359375 0.03269444444444444
61 0.0526875 0.13705555555555557 0.014859375 0.035222222222222224
1 0.06340625 0.15144444444444446 0.016453125 0.030972222222222224
49 0.07496875 0.15530555555555556 0.015562500000000002 0.023888888888888887
82 0.0714375 0.13580555555555557 0.015562500000000002 0.02766666666666667
29 0.08453125 0.10186111111111111 0.01909375 0.030166666666666665
2 0.10079687500000001 0.08424999999999999 0.01909375 0.030166666666666665