5 0.161875 0.7401388888888889 0.314921875 0.3918611111111111
85 0.78575 0.6658888888888889 0.0615 0.10491666666666667
25 0.687890625 0.41636111111111107 0.06925 0.10122222222222221
86 0.879875 0.5730277777777778 0.06642187499999999 0.10677777777777778
5 0.621875 0.25294444444444447 0.245359375 0.2688055555555555
24 0.43367187500000004 0.7745 0.08803125 0.13297222222222221
5 0.44106249999999997 0.43375 0.14728125 0.21558333333333332
68 0.081375 0.19616666666666668 0.153109375 0.27566666666666667
24 0.58371875 0.5440277777777778 0.044984375 0.10391666666666666
24 0.49709375 0.6976944444444444 0.047390625 0.0748888888888889
25 0.62490625 0.4956388888888889 0.047375 0.07844444444444444
23 0.49396874999999996 0.40938888888888886 0.07856250000000001 0.012222222222222223
42 0.494734375 0.3980555555555556 0.0819375 0.012527777777777777
56 0.49907812500000004 0.5257222222222222 0.0721875 0.12566666666666668
66 0.07659375 0.20425000000000001 0.0235625 0.034916666666666665
49 0.101640625 0.25925 0.0166875 0.033166666666666664
29 0.129625 0.28980555555555554 0.021609375 0.034916666666666665
22 0.1514375 0.3183888888888889 0.016828125 0.03847222222222222
30 0.143375 0.3046388888888889 0.017671875 0.029666666666666668
35 0.013828125 0.07158333333333333 0.015625 0.027777777777777776
1 0.021609375 0.08555555555555555 0.0235625 0.03141666666666667
82 0.053078125 0.10133333333333333 0.013265625 0.028944444444444443
2 0.05646875 0.08902777777777778 0.020624999999999998 0.03141666666666667