5 0.290703125 0.5281666666666667 0.29695312500000004 0.4421111111111111
5 0.54325 0.22680555555555557 0.12164062499999999 0.16930555555555557
85 0.7884218749999999 0.6635000000000001 0.067328125 0.10241666666666666
24 0.522984375 0.6391666666666667 0.04628125 0.08333333333333333
25 0.6515625 0.33194444444444443 0.046875 0.09722222222222222
25 0.710515625 0.24747222222222223 0.065046875 0.10647222222222222
5 0.694859375 0.12697222222222224 0.20037500000000003 0.14283333333333334
24 0.460359375 0.6666388888888889 0.08692187500000001 0.11863888888888889
56 0.48125 0.5263888888888889 0.06875 0.1527777777777778
23 0.49453125 0.4097222222222222 0.0921875 0.019444444444444445
42 0.49603125 0.39691666666666664 0.082875 0.012833333333333334
5 0.988671875 0.5734444444444444 0.02265625 0.21
68 0.076546875 0.199 0.15309375 0.27830555555555553
24 0.450671875 0.5648055555555556 0.03959375 0.06572222222222222
49 0.058125 0.17272222222222222 0.015609375 0.03391666666666667
82 0.063328125 0.1418888888888889 0.0208125 0.03391666666666667
66 0.07373437499999999 0.16425 0.0208125 0.035472222222222224
29 0.078078125 0.1411111111111111 0.022546875 0.029305555555555557
1 0.016484375000000002 0.10025 0.0208125 0.03391666666666667