5 0.77715625 0.3238888888888889 0.09003125 0.2118611111111111
5 0.03603125 0.6854722222222223 0.0720625 0.26683333333333337
56 0.475 0.475 0.4703125 0.48333333333333334 0.4734375 0.5916666666666667 0.4796875 0.5555555555555556 0.4984375 0.5388888888888889 0.5078125 0.5527777777777778 0.5125 0.5472222222222223 0.50625 0.5277777777777778 0.509375 0.5027777777777778 0.525 0.475 0.5359375 0.4722222222222222 0.515625 0.4638888888888889 0.503125 0.4777777777777778
23 0.49595312500000005 0.4115 0.0829375 0.013527777777777777
42 0.494765625 0.39749999999999996 0.0839375 0.013027777777777779
45 0.6505156249999999 0.8462777777777778 0.0458125 0.08622222222222221
5 0.44853125 0.10125 0.082328125 0.08363888888888889
102 0.88034375 0.5823888888888888 0.06859375 0.12319444444444445
68 0.08004687499999999 0.19563888888888892 0.160109375 0.27891666666666665
41 0.779921875 0.1648888888888889 0.084734375 0.014444444444444446
5 0.9845625 0.21819444444444444 0.03025 0.10502777777777779
82 0.069234375 0.2711111111111111 0.022078125 0.035666666666666666
49 0.092671875 0.26330555555555557 0.01946875 0.027083333333333334
66 0.11370312499999999 0.20155555555555557 0.018734375 0.034472222222222224
1 0.089296875 0.13733333333333334 0.019390625 0.03211111111111111
83 0.10200000000000001 0.11891666666666667 0.018062500000000002 0.03805555555555555
67 0.12440625000000001 0.11652777777777779 0.018734375 0.035666666666666666
50 0.088953125 0.0755 0.0200625 0.03211111111111111