56 0.4890625 0.4583333333333333 0.475 0.49722222222222223 0.4734375 0.5555555555555556 0.48125 0.5916666666666667 0.4890625 0.5805555555555556 0.4984375 0.5805555555555556 0.496875 0.5333333333333333 0.503125 0.46944444444444444 0.5015625 0.4583333333333333 0.4953125 0.4583333333333333
90 0.546875 0.39444444444444443 0.53125 0.4027777777777778 0.54375 0.4 0.5453125 0.41388888888888886 0.4890625 0.41388888888888886 0.4859375 0.42777777777777776 0.496875 0.4444444444444444 0.496875 0.45555555555555555 0.509375 0.4527777777777778 0.5109375 0.4666666666666667 0.53125 0.46944444444444444 0.5359375 0.4666666666666667 0.5375 0.4388888888888889 0.55625 0.41944444444444445 0.55 0.4111111111111111 0.5484375 0.39444444444444443
90 0.453125 0.15555555555555556 0.4203125 0.17222222222222222 0.45 0.19444444444444445 0.48125 0.18611111111111112 0.475 0.2222222222222222 0.49375 0.25 0.4921875 0.325 0.5046875 0.35 0.5078125 0.37222222222222223 0.521875 0.3888888888888889 0.5375 0.3888888888888889 0.5296875 0.38333333333333336 0.5421875 0.37222222222222223 0.53871469838364 0.3244433127141406 0.5533536847527606 0.30362342098916906 0.5504258874789365 0.2585136555850639 0.5640889414234491 0.23595877288301134 0.5777519953679617 0.2064639262726349 0.5884872520386502 0.2081989172497159 0.5984375 0.21944444444444444 0.60625 0.21388888888888888 0.6140625 0.22777777777777777 0.6265625 0.2 0.609375 0.19722222222222222 0.609375 0.18611111111111112 0.621875 0.18333333333333332 0.6234375 0.17222222222222222 0.6140625 0.17777777777777778 0.596875 0.1638888888888889 0.540625 0.17222222222222222 0.5234375 0.18611111111111112 0.515625 0.1638888888888889 0.4828125 0.17222222222222222 0.459375 0.15555555555555556
58 0.64609375 0.07777777777777778 0.625 0.08888888888888889 0.609375 0.13333333333333333 0.6046875 0.13333333333333333 0.6015625 0.11944444444444445 0.6015625 0.10277777777777777 0.609375 0.09444444444444444 0.6015625 0.09444444444444444 0.6 0.08611111111111111 0.5953125 0.09166666666666666 0.596875 0.16666666666666666 0.621875 0.18055555555555555 0.6546875 0.21388888888888888 0.6734375 0.21666666666666667 0.6921875 0.17777777777777778 0.6921875 0.125 0.6546875 0.07777777777777778
85 0.790625 0.6111111111111112 0.765625 0.6222222222222222 0.75625 0.6444444444444445 0.7546875 0.6805555555555556 0.76875 0.7138888888888889 0.790625 0.7194444444444444 0.803125 0.7083333333333334 0.8125 0.6833333333333333 0.8109375 0.6305555555555555 0.796875 0.6111111111111112
86 0.8765625 0.5194444444444445 0.8609375 0.5277777777777778 0.846875 0.5611111111111111 0.846875 0.5888888888888889 0.853125 0.6138888888888889 0.875 0.6305555555555555 0.896875 0.6166666666666667 0.9140625 0.5777777777777777 0.90625 0.5444444444444444 0.896875 0.5277777777777778 0.8828125 0.5194444444444445
5 0.4265625 0.7416666666666667 0.4234375 0.7638888888888888 0.4078125 0.8027777777777778 0.39375 0.7861111111111111 0.390625 0.7916666666666666 0.3921875 0.8416666666666667 0.378125 0.8722222222222222 0.3796875 0.9388888888888889 0.5234375 0.9388888888888889 0.521875 0.9111111111111111 0.5125 0.9138888888888889 0.5078125 0.9 0.5125 0.8944444444444445 0.5 0.8944444444444445 0.484375 0.8583333333333333 0.4859375 0.7972222222222223 0.478125 0.7916666666666666 0.4703125 0.8 0.4625 0.7777777777777778 0.4515625 0.7861111111111111 0.4375 0.7666666666666667 0.4296875 0.7416666666666667
23 0.49528125 0.4111944444444445 0.08490625 0.013888888888888888
42 0.49578125 0.39816666666666667 0.0839375 0.01213888888888889
68 0.081 0.19605555555555554 0.162 0.28105555555555556
29 0.135265625 0.3045555555555556 0.013375000000000001 0.02511111111111111
30 0.14046875 0.2946388888888889 0.013375000000000001 0.026416666666666665
49 0.07765625000000001 0.2906666666666667 0.0200625 0.03172222222222222
66 0.07171875 0.1948888888888889 0.018578125 0.019805555555555555
67 0.06540625 0.17969444444444443 0.01634375 0.026416666666666665
1 0.011140625 0.14005555555555557 0.019328124999999998 0.03172222222222222
82 0.0074375 0.12022222222222223 0.014859375 0.0185
2 0.011515625 0.10502777777777779 0.017093749999999998 0.03302777777777778
83 0.018953125 0.11627777777777777 0.015609375 0.02377777777777778
22 0.152046875 0.31730555555555556 0.013218750000000001 0.027777777777777776
35 0.015625 0.07158333333333333 0.021640625 0.04486111111111111