5 0.438953125 0.6898611111111111 0.298375 0.49413888888888885
5 0.677875 0.3377777777777778 0.129375 0.1971111111111111
24 0.72503125 0.5956111111111111 0.080859375 0.1324722222222222
5 0.828515625 0.185 0.218421875 0.2459722222222222
84 0.74046875 0.8386944444444444 0.068625 0.12247222222222223
56 0.49173437499999995 0.5096666666666666 0.071078125 0.11097222222222224
23 0.494796875 0.4111666666666667 0.08215625 0.009000000000000001
42 0.4966875 0.3976944444444444 0.08340625 0.017972222222222223
68 0.082109375 0.19549999999999998 0.160390625 0.2851388888888889
82 0.008687499999999999 0.12566666666666668 0.01403125 0.03191666666666667
1 0.01009375 0.08975000000000001 0.019078125 0.03191666666666667
66 0.095921875 0.20744444444444446 0.016828125 0.03191666666666667
67 0.10434375 0.19697222222222222 0.015703125000000002 0.034916666666666665
29 0.1374375 0.2498055555555556 0.015703125000000002 0.026916666666666665
49 0.130421875 0.23436111111111113 0.01178125 0.03191666666666667
30 0.144734375 0.2328611111111111 0.0213125 0.03091666666666667