45 0.6501718750000001 0.8464166666666666 0.04571875 0.08722222222222221
85 0.78975 0.6639444444444444 0.070140625 0.10366666666666667
23 0.4955 0.40694444444444444 0.082203125 0.010138888888888888
42 0.4959375 0.3973333333333333 0.0824375 0.013277777777777779
84 0.74009375 0.8383333333333334 0.074015625 0.12422222222222222
5 0.184390625 0.4653611111111111 0.14353125 0.2798055555555556
91 0.8731875 0.20936111111111114 0.073375 0.27058333333333334
68 0.079796875 0.19616666666666668 0.159 0.2782222222222222
25 0.7388281250000001 0.3411388888888889 0.06637499999999999 0.10661111111111111
56 0.50184375 0.5123055555555556 0.06882812499999999 0.08727777777777779
64 0.413875 0.5896388888888889 0.092484375 0.010138888888888888
40 0.415625 0.575 0.084375 0.016666666666666666
50 0.12273437499999999 0.32169444444444445 0.017125 0.030444444444444448
49 0.056515625 0.1623888888888889 0.017125 0.028416666666666666
82 0.040531250000000005 0.1298888888888889 0.01940625 0.03652777777777778
66 0.111890625 0.13802777777777778 0.015984375000000002 0.028416666666666666
29 0.106171875 0.10352777777777779 0.018265625 0.03247222222222222
1 0.11756249999999999 0.12494444444444444 0.013015625 0.03702777777777778
4 0.309375 0.17222222222222222 0.3015625 0.18055555555555555 0.3 0.20833333333333334 0.3046875 0.21944444444444444 0.2984375 0.2388888888888889 0.30625 0.2361111111111111 0.309375 0.25833333333333336 0.321875 0.2722222222222222 0.3265625 0.25555555555555554 0.34375 0.2361111111111111 0.3234375 0.20555555555555555 0.321875 0.17777777777777778 0.3125 0.17222222222222222
40 0.3171875 0.10694444444444444 0.084375 0.019444444444444445