84 0.735 0.8444166666666667 0.065640625 0.12005555555555555
45 0.649796875 0.8451944444444444 0.04771875 0.09016666666666667
85 0.7867031250000001 0.6655555555555556 0.06940625 0.10475
5 0.029406250000000002 0.47433333333333333 0.058796875000000005 0.26125
24 0.358375 0.6274166666666667 0.059921875 0.11802777777777779
5 0.905875 0.7709166666666666 0.18375 0.3288055555555556
24 0.213046875 0.7818611111111112 0.125109375 0.21611111111111111
72 0.6328125 0.17222222222222222 0.6296875 0.2111111111111111 0.65 0.2222222222222222 0.6828125 0.16111111111111112 0.66875 0.14166666666666666 0.65 0.15 0.6390625 0.1361111111111111
40 0.670640625 0.09305555555555556 0.05559375 0.010527777777777778
64 0.493953125 0.41055555555555556 0.08785937499999999 0.019
42 0.494671875 0.39711111111111114 0.0809375 0.01311111111111111
59 0.120046875 0.7889722222222222 0.2340625 0.31155555555555553
56 0.48290625 0.5296666666666667 0.08253125 0.16266666666666668
68 0.081328125 0.19208333333333336 0.157921875 0.2870833333333333
60 0.08459375 0.1951111111111111 0.016484375000000002 0.04163888888888889
1 0.095 0.1758333333333333 0.01821875 0.033944444444444444
66 0.10107812499999999 0.15191666666666667 0.01821875 0.029305555555555557
82 0.10628125 0.13805555555555557 0.016484375000000002 0.02622222222222222
49 0.12059375000000001 0.13497222222222224 0.0225625 0.029305555555555557
50 0.125375 0.10025 0.01821875 0.03086111111111111