84 0.734890625 0.8435833333333334 0.066609375 0.12252777777777778
5 0.07475000000000001 0.5369444444444444 0.149484375 0.27169444444444446
45 0.65034375 0.8458055555555556 0.046125 0.08636111111111111
40 0.781015625 0.5087222222222222 0.08190625 0.015222222222222224
85 0.788578125 0.6614166666666667 0.067140625 0.10333333333333335
58 0.94375 0.3333333333333333 0.9203125 0.3333333333333333 0.903125 0.3611111111111111 0.8984375 0.4027777777777778 0.90625 0.4444444444444444 0.9203125 0.44722222222222224 0.93125 0.43333333333333335 0.9375 0.43333333333333335 0.9390625 0.44166666666666665 0.95 0.4361111111111111 0.9453125 0.43333333333333335 0.95625 0.425 0.965625 0.39166666666666666 0.9765625 0.3972222222222222 0.9765625 0.37777777777777777 0.96875 0.3527777777777778 0.9515625 0.3333333333333333
41 0.9597031250000001 0.30291666666666667 0.076828125 0.013555555555555555
72 0.77625 0.5791111111111111 0.0705 0.09988888888888889
64 0.7815624999999999 0.5200277777777778 0.08165625 0.01025
56 0.5125 0.4583333333333333 0.5015625 0.4722222222222222 0.4890625 0.4638888888888889 0.4828125 0.46944444444444444 0.4578125 0.5388888888888889 0.4609375 0.5694444444444444 0.4734375 0.5555555555555556 0.49375 0.5666666666666667 0.496875 0.5611111111111111 0.496875 0.5194444444444445 0.51875 0.4583333333333333
23 0.495796875 0.41161111111111115 0.085203125 0.015361111111111112
42 0.49598437500000003 0.3973333333333333 0.08401562500000001 0.013333333333333332
68 0.0775625 0.2018611111111111 0.155140625 0.2751944444444444
25 0.758203125 0.39516666666666667 0.091375 0.12294444444444444
31 0.1625 0.19166666666666668 0.159375 0.28888888888888886 0.2 0.3055555555555556 0.215625 0.29444444444444445 0.21875 0.26944444444444443 0.2078125 0.2361111111111111 0.2015625 0.225 0.1703125 0.21388888888888888 0.1625 0.2
82 0.0765625 0.15477777777777776 0.014812500000000001 0.032916666666666664
1 0.08978125 0.17177777777777778 0.01365625 0.02775
66 0.10003124999999999 0.17958333333333334 0.016593749999999997 0.0295
49 0.114671875 0.18825 0.018546874999999997 0.0295
83 0.106859375 0.16569444444444445 0.014640624999999999 0.0295
67 0.1141875 0.1431388888888889 0.019515625 0.03297222222222222
29 0.12296875 0.1708888888888889 0.0175625 0.026027777777777775