5 0.19471875 0.31827777777777777 0.127640625 0.2373611111111111
102 0.8890156250000001 0.5821388888888889 0.069140625 0.11869444444444444
68 0.0828125 0.18919444444444444 0.165609375 0.2893888888888889
5 0.70175 0.7007222222222222 0.361609375 0.3586944444444444
64 0.49487500000000006 0.40208333333333335 0.085078125 0.010472222222222223
42 0.49379687499999997 0.3896111111111111 0.086046875 0.014
89 0.4799375 0.5027777777777778 0.066109375 0.16144444444444445
45 0.652625 0.8531666666666666 0.046109375 0.08016666666666666
14 0.555828125 0.49863888888888885 0.19246875000000002 0.24322222222222223
5 0.8465624999999999 0.10541666666666667 0.123703125 0.11124999999999999
29 0.0754375 0.2787777777777778 0.02134375 0.03702777777777778
26 0.720625 0.12502777777777777 0.103609375 0.12130555555555556
49 0.056859375000000004 0.13927777777777778 0.019375 0.03294444444444444
82 0.022328124999999997 0.2163888888888889 0.02275 0.03744444444444445
66 0.07876562499999999 0.13402777777777777 0.017687500000000002 0.04044444444444444
61 0.053484374999999994 0.12205555555555556 0.016 0.028444444444444446
1 0.09603125 0.10708333333333332 0.02021875 0.034444444444444444
50 0.11203125 0.10258333333333333 0.016843749999999998 0.028444444444444446
2 0.10698437499999999 0.06738888888888889 0.01853125 0.035944444444444446