84 0.74140625 0.7861111111111111 0.7203125 0.7944444444444444 0.709375 0.825 0.7125 0.8666666666666667 0.7328125 0.8916666666666667 0.746875 0.8916666666666667 0.7578125 0.8805555555555555 0.76875 0.8472222222222222 0.7640625 0.8055555555555556 0.75 0.7861111111111111
86 0.89140625 0.5222222222222223 0.8703125 0.5277777777777778 0.85625 0.5555555555555556 0.85625 0.6027777777777777 0.871875 0.6305555555555555 0.896875 0.6305555555555555 0.909375 0.6166666666666667 0.9171875 0.5972222222222222 0.915625 0.5888888888888889 0.925 0.5805555555555556 0.9171875 0.5416666666666666 0.9015625 0.5222222222222223
45 0.6453125 0.8138888888888889 0.634375 0.825 0.6296875 0.8666666666666667 0.6390625 0.8888888888888888 0.653125 0.8972222222222223 0.66875 0.8833333333333333 0.675 0.8611111111111112 0.671875 0.8333333333333334 0.6546875 0.8138888888888889
89 0.5015625 0.44166666666666665 0.4734375 0.46111111111111114 0.4484375 0.4638888888888889 0.4359375 0.49444444444444446 0.4390625 0.5194444444444445 0.4609375 0.5694444444444444 0.4890625 0.5555555555555556 0.49375 0.5444444444444444 0.5078125 0.5638888888888889 0.51875 0.5583333333333333 0.5125 0.5361111111111111 0.5203125 0.5 0.515625 0.475 0.5015625 0.4444444444444444
24 0.409375 0.6111111111111112 0.403125 0.6166666666666667 0.4 0.6361111111111111 0.3984375 0.6888888888888889 0.403125 0.6944444444444444 0.415625 0.6916666666666667 0.434375 0.6638888888888889 0.4390625 0.6722222222222223 0.4296875 0.625 0.415625 0.6111111111111112
24 0.4078125 0.6194444444444445 0.40625 0.6361111111111111 0.4109375 0.6416666666666667 0.403125 0.6527777777777778 0.4078125 0.6777777777777778 0.4265625 0.6361111111111111 0.4234375 0.6277777777777778 0.4140625 0.6361111111111111 0.415625 0.6277777777777778 0.409375 0.6222222222222222
24 0.3984375 0.6861111111111111 0.378125 0.7222222222222222 0.371875 0.7111111111111111 0.3625 0.7111111111111111 0.3453125 0.7305555555555555 0.3453125 0.7388888888888889 0.3765625 0.7305555555555555 0.378125 0.7416666666666667 0.3734375 0.75 0.3546875 0.75 0.340625 0.8027777777777778 0.321875 0.8222222222222222 0.325 0.8444444444444444 0.35 0.8361111111111111 0.359375 0.85 0.3765625 0.8555555555555555 0.3828125 0.8333333333333334 0.396875 0.825 0.403125 0.7888888888888889 0.3984375 0.775 0.384375 0.7666666666666667 0.3875 0.75 0.4015625 0.75 0.415625 0.7833333333333333 0.4109375 0.7388888888888889 0.3921875 0.7194444444444444 0.4 0.6861111111111111
91 0.471875 0.40555555555555556 0.4609375 0.4111111111111111 0.4546875 0.4388888888888889 0.45 0.43333333333333335 0.4515625 0.4222222222222222 0.4421875 0.4222222222222222 0.4453125 0.4583333333333333 0.4703125 0.46111111111111114 0.4859375 0.4527777777777778 0.49375 0.4722222222222222 0.5015625 0.4583333333333333 0.50625 0.48055555555555557 0.490625 0.49166666666666664 0.484375 0.4861111111111111 0.484375 0.5027777777777778 0.5046875 0.49722222222222223 0.5046875 0.5083333333333333 0.5140625 0.525 0.521875 0.5027777777777778 0.5203125 0.4583333333333333 0.525 0.45 0.5328125 0.4583333333333333 0.5375 0.4083333333333333 0.5296875 0.4083333333333333 0.525 0.45 0.5203125 0.4527777777777778 0.5171875 0.4083333333333333 0.475 0.40555555555555556
91 0.4 0.15555555555555556 0.4234375 0.19444444444444445 0.4265625 0.21666666666666667 0.4203125 0.26944444444444443 0.4234375 0.325 0.4296875 0.275 0.4296875 0.25833333333333336 0.425 0.25277777777777777 0.4296875 0.24444444444444444 0.4578125 0.2722222222222222 0.4609375 0.3333333333333333 0.4578125 0.3388888888888889 0.4421875 0.3194444444444444 0.4484375 0.35555555555555557 0.4453125 0.3638888888888889 0.465625 0.38055555555555554 0.4546875 0.38333333333333336 0.4546875 0.39166666666666666 0.4984375 0.39166666666666666 0.5046875 0.4 0.509375 0.39166666666666666 0.5203125 0.39444444444444443 0.525 0.37777777777777777 0.5390625 0.37222222222222223 0.5328125 0.35555555555555557 0.5359375 0.32222222222222224 0.5171875 0.3416666666666667 0.5109375 0.2972222222222222 0.540625 0.28055555555555556 0.5625 0.25555555555555554 0.5984375 0.24722222222222223 0.5609375 0.2222222222222222 0.528125 0.25555555555555554 0.5078125 0.25277777777777777 0.5078125 0.2611111111111111 0.5015625 0.2638888888888889 0.4890625 0.24722222222222223 0.4875 0.21388888888888888 0.478125 0.2222222222222222 0.4734375 0.2111111111111111 0.459375 0.225 0.45 0.2222222222222222 0.434375 0.18333333333333332 0.4234375 0.18055555555555555 0.4140625 0.15555555555555556 0.4015625 0.15555555555555556
68 0.086078125 0.1878611111111111 0.162671875 0.2913055555555556
22 0.15684375 0.31516666666666665 0.015625 0.036333333333333336
29 0.15853124999999998 0.2604166666666667 0.020203125 0.03177777777777778
49 0.063328125 0.24177777777777779 0.02253125 0.035916666666666666
82 0.09131249999999999 0.21275000000000002 0.017875 0.03038888888888889
35 0.015625 0.06516666666666666 0.019234375 0.036333333333333336
1 0.030703124999999998 0.06561111111111112 0.013218750000000001 0.03177777777777778
2 0.044296875 0.06838888888888889 0.01865625 0.034527777777777775
64 0.49515624999999996 0.4021111111111111 0.08707812499999999 0.015083333333333332
42 0.49515624999999996 0.38911111111111113 0.08707812499999999 0.016444444444444446