5 0.55625 0.35833333333333334 0.5484375 0.36666666666666664 0.5453125 0.40555555555555556 0.528125 0.41388888888888886 0.48125 0.41388888888888886 0.4625 0.4361111111111111 0.4421875 0.4388888888888889 0.434375 0.45555555555555555 0.40625 0.45555555555555555 0.378125 0.48333333333333334 0.3609375 0.5138888888888888 0.3546875 0.5027777777777778 0.340625 0.5166666666666667 0.3328125 0.5138888888888888 0.334375 0.5277777777777778 0.325 0.5416666666666666 0.3171875 0.5722222222222222 0.3140625 0.6138888888888889 0.321875 0.6333333333333333 0.3203125 0.6527777777777778 0.334375 0.6666666666666666 0.3609375 0.6722222222222223 0.3859375 0.6527777777777778 0.4765625 0.6138888888888889 0.503125 0.6222222222222222 0.5125 0.6138888888888889 0.5203125 0.5888888888888889 0.5484375 0.5444444444444444 0.5859375 0.5305555555555556 0.6296875 0.4638888888888889 0.621875 0.43333333333333335 0.6234375 0.4111111111111111 0.59375 0.375 0.5609375 0.35833333333333334
5 0.684375 0.2 0.659375 0.225 0.6265625 0.2361111111111111 0.6234375 0.25555555555555554 0.6 0.3 0.596875 0.325 0.60625 0.37222222222222223 0.6359375 0.41388888888888886 0.653125 0.4166666666666667 0.66875 0.37777777777777777 0.6921875 0.3972222222222222 0.7203125 0.2833333333333333 0.7390625 0.2611111111111111 0.7375 0.2388888888888889 0.7171875 0.2388888888888889 0.7078125 0.21388888888888888 0.6859375 0.2
5 0.87890625 0.04722222222222222 0.7953125 0.05 0.7796875 0.06388888888888888 0.7609375 0.08888888888888889 0.753125 0.13055555555555556 0.7375 0.14722222222222223 0.7421875 0.21388888888888888 0.75 0.23055555555555557 0.775 0.2388888888888889 0.7859375 0.23055555555555557 0.7984375 0.20555555555555555 0.8265625 0.19444444444444445 0.865625 0.1388888888888889 0.884375 0.09722222222222222 0.8890625 0.06944444444444445 0.909375 0.058333333333333334 0.8875 0.04722222222222222
24 0.3953125 0.36666666666666664 0.3796875 0.38333333333333336 0.35 0.37777777777777777 0.35 0.39444444444444443 0.3390625 0.4111111111111111 0.3203125 0.3972222222222222 0.315625 0.4222222222222222 0.3484375 0.4722222222222222 0.3734375 0.4638888888888889 0.384375 0.4444444444444444 0.3796875 0.4166666666666667 0.390625 0.42777777777777776 0.396875 0.425 0.3953125 0.4 0.3859375 0.39444444444444443 0.3953125 0.36944444444444446
24 0.259375 0.3638888888888889 0.259375 0.38055555555555554 0.2515625 0.3972222222222222 0.2421875 0.3972222222222222 0.228125 0.38055555555555554 0.228125 0.40555555555555556 0.2296875 0.3861111111111111 0.240625 0.3972222222222222 0.2390625 0.4222222222222222 0.25625 0.4583333333333333 0.284375 0.45555555555555555 0.290625 0.43333333333333335 0.2734375 0.4222222222222222 0.2953125 0.4027777777777778 0.2984375 0.4305555555555556 0.3078125 0.4 0.290625 0.36944444444444446 0.2609375 0.36666666666666664
24 0.3203125 0.32222222222222224 0.3140625 0.38333333333333336 0.334375 0.38333333333333336 0.3421875 0.37222222222222223 0.3453125 0.33611111111111114 0.3328125 0.32222222222222224
24 0.4296875 0.25277777777777777 0.4140625 0.25555555555555554 0.4078125 0.28055555555555556 0.3921875 0.275 0.4234375 0.3138888888888889 0.434375 0.31666666666666665 0.4359375 0.29444444444444445 0.4484375 0.2833333333333333 0.446875 0.26666666666666666 0.4359375 0.25277777777777777
25 0.4890625 0.20555555555555555 0.478125 0.20833333333333334 0.4625 0.25 0.453125 0.25 0.453125 0.2638888888888889 0.465625 0.2916666666666667 0.5046875 0.275 0.515625 0.2222222222222222 0.490625 0.20833333333333334
25 0.5625 0.15 0.5421875 0.18333333333333332 0.5421875 0.2111111111111111 0.55 0.22777777777777777 0.559375 0.22777777777777777 0.56875 0.20833333333333334 0.5671875 0.15
25 0.65 0.07777777777777778 0.64375 0.08611111111111111 0.6296875 0.08333333333333333 0.6421875 0.1361111111111111 0.66875 0.12222222222222222 0.6515625 0.08055555555555556
89 0.495140625 0.49922222222222223 0.056999999999999995 0.13297222222222221
64 0.49632812499999995 0.4031666666666666 0.090234375 0.012666666666666666
42 0.495140625 0.3873333333333333 0.090234375 0.019
41 0.552125 0.30080555555555555 0.090234375 0.014777777777777779
68 0.0865625 0.1871388888888889 0.163296875 0.2903055555555556
1 0.015953125000000002 0.12516666666666668 0.01975 0.03061111111111111
50 0.029875000000000002 0.0958888888888889 0.02228125 0.03691666666666667
66 0.07825 0.20619444444444446 0.01975 0.03241666666666666
67 0.08256250000000001 0.17783333333333332 0.018234375 0.033305555555555554
94 0.11496875 0.2453611111111111 0.01925 0.02972222222222222
82 0.0729375 0.26605555555555555 0.015187500000000001 0.03691666666666667
49 0.08028125 0.253 0.018734375 0.03241666666666666
29 0.13978125 0.3214444444444444 0.015187500000000001 0.03422222222222222
30 0.14585937499999999 0.3115277777777778 0.016203125 0.028805555555555553
22 0.158046875 0.3183888888888889 0.01803125 0.029916666666666664
35 0.015625 0.06302777777777778 0.019234375 0.04061111111111111