64 0.499875 0.40341666666666665 0.09203125 0.011222222222222222
42 0.49889062500000003 0.3913055555555556 0.08809375 0.013138888888888891
41 0.8050312500000001 0.3409166666666667 0.08785937499999999 0.019
64 0.782296875 0.2718888888888889 0.086625 0.017638888888888888
41 0.781828125 0.26066666666666666 0.081203125 0.013194444444444444
68 0.082921875 0.18755555555555553 0.165828125 0.28450000000000003
87 0.8040156250000001 0.49377777777777776 0.14151562499999998 0.24511111111111109
8 0.746265625 0.3894444444444444 0.0581875 0.10766666666666666
89 0.461890625 0.5097777777777778 0.064125 0.16252777777777777
25 0.42507812500000003 0.5762777777777778 0.080734375 0.13508333333333333
66 0.05909375 0.23741666666666666 0.020749999999999998 0.035277777777777776
82 0.046468749999999996 0.13875 0.01534375 0.030472222222222223
49 0.05915625 0.13472222222222222 0.017265625 0.030694444444444448
30 0.096578125 0.06822222222222221 0.012796875 0.02727777777777778
30 0.110328125 0.07277777777777777 0.017265625 0.02275
67 0.100734375 0.05627777777777778 0.014703125000000001 0.023888888888888887
83 0.10968750000000001 0.060250000000000005 0.014703125000000001 0.025