5 0.6524062500000001 0.3596944444444445 0.12793749999999998 0.18663888888888888
85 0.793203125 0.6684722222222222 0.068640625 0.10711111111111112
89 0.48390625 0.49988888888888894 0.0798125 0.17394444444444443
64 0.49609375 0.4 0.0890625 0.011111111111111112
42 0.49478125000000006 0.38983333333333337 0.088953125 0.013
84 0.74084375 0.8406388888888888 0.071109375 0.13177777777777777
102 0.88853125 0.5820555555555555 0.068125 0.11930555555555557
5 0.041078125 0.9081388888888889 0.082140625 0.0801388888888889
68 0.082609375 0.18699999999999997 0.163796875 0.28405555555555556
42 0.498921875 0.3853888888888889 0.089171875 0.012833333333333334
5 0.2388125 0.10363888888888889 0.14129687500000002 0.12752777777777777
29 0.135859375 0.19788888888888886 0.020546875 0.0345
49 0.093703125 0.10797222222222222 0.013875000000000002 0.03086111111111111
66 0.10801562499999999 0.1141388888888889 0.01821875 0.033944444444444444
82 0.09846875000000001 0.09330555555555556 0.013015625 0.029305555555555557
1 0.10020312499999999 0.06555555555555556 0.01821875 0.029305555555555557
83 0.13578125000000002 0.10719444444444445 0.01475 0.029305555555555557
50 0.11842187500000001 0.057055555555555554 0.021687500000000002 0.03702777777777778