89 0.50625 0.41944444444444445 0.484375 0.45555555555555555 0.446875 0.46111111111111114 0.465625 0.4638888888888889 0.4765625 0.48055555555555557 0.475 0.5222222222222223 0.4671875 0.5416666666666666 0.4765625 0.5666666666666667 0.46875 0.5805555555555556 0.4828125 0.5944444444444444 0.4984375 0.5944444444444444 0.5109375 0.5777777777777777 0.4890625 0.5777777777777777 0.4828125 0.5638888888888889 0.5125 0.5555555555555556 0.5125 0.5027777777777778 0.5375 0.5138888888888888 0.528125 0.4527777777777778 0.515625 0.41944444444444445
87 0.884375 0.3416666666666667 0.8796875 0.35555555555555557 0.8796875 0.3861111111111111 0.8703125 0.39166666666666666 0.8703125 0.4027777777777778 0.890625 0.43333333333333335 0.8875 0.4527777777777778 0.8921875 0.4638888888888889 0.9046875 0.4583333333333333 0.9296875 0.4861111111111111 0.9328125 0.5 0.95 0.4888888888888889 0.9671875 0.5138888888888888 0.9890625 0.5027777777777778 0.9984375 0.5166666666666667 0.9984375 0.4361111111111111 0.9796875 0.4166666666666667 0.978125 0.3972222222222222 0.9609375 0.39166666666666666 0.9734375 0.36944444444444446 0.9703125 0.3638888888888889 0.965625 0.35833333333333334 0.9421875 0.375 0.934375 0.36666666666666664 0.8953125 0.3972222222222222 0.8875 0.37222222222222223 0.8875 0.3638888888888889 0.896875 0.35555555555555557 0.8953125 0.3416666666666667
86 0.884375 0.5222222222222223 0.86875 0.5305555555555556 0.859375 0.5472222222222223 0.8546875 0.5944444444444444 0.86875 0.625 0.8859375 0.6333333333333333 0.890625 0.65 0.9171875 0.625 0.925 0.5861111111111111 0.9171875 0.5416666666666666 0.8984375 0.5222222222222223
85 0.796875 0.6138888888888889 0.775 0.6222222222222222 0.7609375 0.6555555555555556 0.765625 0.7027777777777777 0.7828125 0.7222222222222222 0.803125 0.7194444444444444 0.8203125 0.6805555555555556 0.8296875 0.6722222222222223 0.825 0.6361111111111111 0.80625 0.6138888888888889
84 0.7494791666666667 0.7861111111111111 0.7203125 0.7944444444444444 0.709375 0.825 0.7078125 0.85 0.7171875 0.8916666666666667 0.73125 0.9083333333333333 0.7546875 0.9083333333333333 0.778125 0.8638888888888889 0.778125 0.825 0.7578125 0.7861111111111111
45 0.64375 0.8138888888888889 0.6296875 0.8416666666666667 0.6296875 0.8694444444444445 0.6390625 0.8916666666666667 0.6484375 0.8972222222222223 0.6640625 0.8916666666666667 0.675 0.8694444444444445 0.6734375 0.8333333333333334 0.6578125 0.8138888888888889
5 0.5421875 0.6888888888888889 0.53125 0.6916666666666667 0.521875 0.7166666666666667 0.5171875 0.7 0.509375 0.6944444444444444 0.503125 0.7166666666666667 0.4734375 0.7416666666666667 0.4578125 0.7166666666666667 0.453125 0.7722222222222223 0.446875 0.7833333333333333 0.4390625 0.7888888888888889 0.43125 0.7805555555555556 0.403125 0.7972222222222223 0.396875 0.8222222222222222 0.4046875 0.875 0.384375 0.8583333333333333 0.3796875 0.8444444444444444 0.3703125 0.8444444444444444 0.3765625 0.8722222222222222 0.359375 0.9416666666666667 0.4015625 0.95 0.5125 0.9472222222222222 0.521875 0.9388888888888889 0.496875 0.9305555555555556 0.6 0.9222222222222223 0.5984375 0.9083333333333333 0.578125 0.9111111111111111 0.5625 0.9027777777777778 0.5765625 0.8944444444444445 0.565625 0.8888888888888888 0.5640625 0.8722222222222222 0.590625 0.8722222222222222 0.5921875 0.8888888888888888 0.5859375 0.8916666666666667 0.596875 0.8888888888888888 0.603125 0.8416666666666667 0.596875 0.7972222222222223 0.5765625 0.7972222222222223 0.565625 0.7777777777777778 0.5703125 0.7527777777777778 0.56875 0.7027777777777777 0.5609375 0.6916666666666667 0.5453125 0.6888888888888889
26 0.59375 0.375 0.5796875 0.4111111111111111 0.575 0.39166666666666666 0.571875 0.4083333333333333 0.5609375 0.3972222222222222 0.5578125 0.4027777777777778 0.56875 0.4444444444444444 0.5640625 0.4638888888888889 0.5875 0.4861111111111111 0.6125 0.46944444444444444 0.609375 0.45 0.6234375 0.4027777777777778 0.6078125 0.4083333333333333 0.5953125 0.37777777777777777
5 0.6421875 0.07777777777777778 0.6265625 0.08055555555555556 0.621875 0.09444444444444444 0.5921875 0.1111111111111111 0.575 0.15833333333333333 0.5796875 0.20555555555555555 0.6265625 0.24444444444444444 0.64375 0.2388888888888889 0.65 0.22777777777777777 0.65625 0.2388888888888889 0.66875 0.23333333333333334 0.678125 0.20833333333333334 0.678125 0.17777777777777778 0.6859375 0.14722222222222223 0.678125 0.11388888888888889 0.6625 0.08611111111111111 0.64375 0.07777777777777778
5 0.0796875 0.48055555555555557 0.071875 0.49722222222222223 0.0453125 0.49722222222222223 0.040625 0.5305555555555556 0.021875 0.5777777777777777 0.0234375 0.5972222222222222 0.0375 0.65 0.0640625 0.6777777777777778 0.134375 0.6861111111111111 0.1484375 0.6444444444444445 0.1703125 0.6111111111111112 0.175 0.5944444444444444 0.1734375 0.5611111111111111 0.153125 0.5222222222222223 0.1375 0.5361111111111111 0.1265625 0.5027777777777778 0.115625 0.5027777777777778 0.103125 0.4888888888888889 0.0953125 0.4888888888888889 0.090625 0.5 0.084375 0.48055555555555557
64 0.49434374999999997 0.40294444444444444 0.08559375 0.010861111111111111
42 0.49565625 0.38972222222222225 0.08821875 0.015527777777777777
41 0.9773125 0.30744444444444446 0.045359375 0.009305555555555556
25 0.91875 0.2638888888888889 0.896875 0.28888888888888886 0.90625 0.33055555555555555 0.9265625 0.3138888888888889 0.928125 0.2916666666666667 0.921875 0.26944444444444443
68 0.08603125 0.19175 0.16507812500000002 0.2903611111111111
29 0.1358125 0.21272222222222223 0.016593749999999997 0.03416666666666667
30 0.15240625000000002 0.20961111111111108 0.01834375 0.031055555555555555
66 0.058078125 0.0885 0.013093750000000001 0.031055555555555555
1 0.063765625 0.066 0.01571875 0.0295
82 0.073796875 0.09005555555555556 0.01484375 0.02175
67 0.08165625 0.06677777777777777 0.021828125 0.031055555555555555