89 0.54375 0.4527777777777778 0.528125 0.4722222222222222 0.49375 0.4888888888888889 0.4890625 0.5027777777777778 0.5015625 0.525 0.49375 0.5305555555555556 0.4875 0.55 0.475 0.5583333333333333 0.4703125 0.575 0.5453125 0.5833333333333334 0.55625 0.5944444444444444 0.55625 0.6638888888888889 0.5984375 0.6527777777777778 0.6265625 0.6277777777777778 0.628125 0.6194444444444445 0.615625 0.6222222222222222 0.6109375 0.6361111111111111 0.5953125 0.6166666666666667 0.5984375 0.575 0.6265625 0.5527777777777778 0.61875 0.5083333333333333 0.6 0.5083333333333333 0.5984375 0.5305555555555556 0.5921875 0.5416666666666666 0.575 0.5361111111111111 0.5703125 0.525 0.5765625 0.5055555555555555 0.5828125 0.5083333333333333 0.5796875 0.48055555555555557 0.5984375 0.4583333333333333 0.5875 0.4666666666666667 0.5875 0.4583333333333333 0.58125 0.45555555555555555 0.55 0.4527777777777778
87 0.6734375 0.40555555555555556 0.659375 0.4083333333333333 0.634375 0.4388888888888889 0.621875 0.42777777777777776 0.596875 0.5 0.6 0.5083333333333333 0.609375 0.5027777777777778 0.6140625 0.5111111111111111 0.625 0.48333333333333334 0.634375 0.4722222222222222 0.646875 0.4722222222222222 0.65625 0.4888888888888889 0.675 0.49722222222222223 0.6578125 0.5555555555555556 0.6765625 0.5555555555555556 0.7 0.5416666666666666 0.725 0.5583333333333333 0.70625 0.5916666666666667 0.6890625 0.5944444444444444 0.684375 0.6027777777777777 0.6890625 0.6166666666666667 0.715625 0.6027777777777777 0.7296875 0.6055555555555555 0.734375 0.5777777777777777 0.7625 0.5361111111111111 0.759375 0.5166666666666667 0.7703125 0.4861111111111111 0.7734375 0.44722222222222224 0.765625 0.44722222222222224 0.7625 0.46944444444444444 0.7515625 0.4861111111111111 0.7484375 0.5138888888888888 0.7296875 0.5277777777777778 0.7171875 0.5 0.725 0.4388888888888889 0.715625 0.46111111111111114 0.70625 0.4666666666666667 0.6984375 0.44166666666666665 0.68125 0.42777777777777776 0.678125 0.45555555555555555 0.6625 0.46944444444444444 0.6578125 0.4638888888888889 0.6734375 0.4111111111111111
24 0.7953125 0.5277777777777778 0.790625 0.55 0.778125 0.55 0.771875 0.5666666666666667 0.759375 0.5722222222222222 0.75 0.5888888888888889 0.7484375 0.6 0.759375 0.6194444444444445 0.75 0.6277777777777778 0.7578125 0.6472222222222223 0.7734375 0.6166666666666667 0.809375 0.6083333333333333 0.8328125 0.5694444444444444 0.83125 0.5555555555555556 0.821875 0.5416666666666666 0.8078125 0.5611111111111111 0.8046875 0.55 0.809375 0.5361111111111111 0.8015625 0.5277777777777778
5 0.996875 0.49722222222222223 0.9875 0.5194444444444445 0.9890625 0.5555555555555556 0.9828125 0.5638888888888889 0.984375 0.575 0.9765625 0.5805555555555556 0.9828125 0.5888888888888889 0.975 0.5944444444444444 0.9828125 0.6055555555555555 0.978125 0.6138888888888889 0.984375 0.6222222222222222 0.978125 0.6277777777777778 0.98125 0.65 0.9890625 0.6527777777777778 0.98125 0.6611111111111111 0.946875 0.6388888888888888 0.925 0.6916666666666667 0.9140625 0.6916666666666667 0.8921875 0.7111111111111111 0.8875 0.725 0.878125 0.725 0.8796875 0.7388888888888889 0.8875 0.7472222222222222 0.884375 0.7583333333333333 0.8765625 0.7583333333333333 0.871875 0.8444444444444444 0.878125 0.8555555555555555 0.871875 0.8694444444444445 0.8640625 0.8611111111111112 0.8609375 0.8444444444444444 0.8640625 0.8611111111111112 0.853125 0.875 0.85 0.8666666666666667 0.84375 0.875 0.8359375 0.8694444444444445 0.8375 0.8416666666666667 0.84375 0.8444444444444444 0.84375 0.8583333333333333 0.85 0.8583333333333333 0.8515625 0.8472222222222222 0.8359375 0.8277777777777777 0.834375 0.7666666666666667 0.8296875 0.7611111111111111 0.825 0.8055555555555556 0.828125 0.8166666666666667 0.8234375 0.825 0.828125 0.8277777777777777 0.825 0.8583333333333333 0.83125 0.8666666666666667 0.83125 0.8833333333333333 0.8203125 0.8944444444444445 0.8171875 0.8722222222222222 0.8109375 0.8722222222222222 0.80625 0.8805555555555555 0.8109375 0.9111111111111111 0.8046875 0.9222222222222223 0.79375 0.9138888888888889 0.790625 0.9444444444444444 0.9984375 0.95 0.9984375 0.49722222222222223
24 0.8796875 0.39444444444444443 0.8671875 0.4083333333333333 0.85 0.44722222222222224 0.8546875 0.46944444444444444 0.884375 0.46944444444444444 0.9109375 0.41388888888888886 0.9 0.4027777777777778 0.8953125 0.41944444444444445 0.884375 0.39444444444444443
25 0.953125 0.2361111111111111 0.9421875 0.3138888888888889 0.953125 0.3333333333333333 0.9640625 0.325 0.9671875 0.30833333333333335 0.9671875 0.26666666666666666 0.971875 0.25277777777777777 0.9671875 0.2361111111111111
25 0.984375 0.20277777777777778 0.9734375 0.225 0.9546875 0.225 0.946875 0.2611111111111111 0.9546875 0.25555555555555554 0.965625 0.2638888888888889 0.9703125 0.2861111111111111 0.9984375 0.28055555555555556 0.9984375 0.20833333333333334 0.990625 0.20277777777777778
90 0.1921875 0.4527777777777778 0.184375 0.5222222222222223 0.2 0.5472222222222223 0.1375 0.5555555555555556 0.165625 0.5694444444444444 0.1609375 0.6083333333333333 0.1375 0.6027777777777777 0.1578125 0.6194444444444445 0.1515625 0.6444444444444445 0.1578125 0.6444444444444445 0.1671875 0.6305555555555555 0.1859375 0.625 0.184375 0.6138888888888889 0.1703125 0.5972222222222222 0.1703125 0.5638888888888889 0.2109375 0.5666666666666667 0.2140625 0.5972222222222222 0.225 0.625 0.21875 0.6527777777777778 0.2234375 0.6666666666666666 0.215625 0.6861111111111111 0.2078125 0.6805555555555556 0.209375 0.6722222222222223 0.203125 0.6722222222222223 0.1890625 0.7027777777777777 0.15 0.6944444444444444 0.1296875 0.7111111111111111 0.1203125 0.8111111111111111 0.134375 0.8083333333333333 0.15625 0.8194444444444444 0.1734375 0.8416666666666667 0.1734375 0.8305555555555556 0.1828125 0.8388888888888889 0.1921875 0.825 0.2015625 0.825 0.203125 0.8388888888888889 0.1921875 0.8527777777777777 0.1953125 0.8694444444444445 0.1875 0.8777777777777778 0.1859375 0.8916666666666667 0.1859375 0.9111111111111111 0.196875 0.9444444444444444 0.2703125 0.9472222222222222 0.3015625 0.9027777777777778 0.3015625 0.8222222222222222 0.28125 0.6888888888888889 0.3046875 0.6888888888888889 0.2828125 0.6722222222222223 0.2484375 0.6222222222222222 0.2390625 0.5638888888888889 0.2046875 0.5083333333333333 0.19375 0.4527777777777778
45 0.6515625 0.8166666666666667 0.6359375 0.825 0.63125 0.8416666666666667 0.63125 0.8694444444444445 0.64375 0.8916666666666667 0.6609375 0.8916666666666667 0.6734375 0.8722222222222222 0.675 0.8444444444444444 0.659375 0.8166666666666667
45 0.5078125 0.8138888888888889 0.496875 0.8194444444444444 0.4859375 0.8472222222222222 0.4890625 0.875 0.5015625 0.8916666666666667 0.515625 0.8916666666666667 0.5296875 0.8666666666666667 0.528125 0.8333333333333334 0.509375 0.8138888888888889
64 0.49393750000000003 0.40288888888888885 0.08987500000000001 0.010138888888888888
42 0.494359375 0.3856388888888889 0.089046875 0.020305555555555556
41 0.6970156249999999 0.34911111111111115 0.092484375 0.012166666666666666
5 0.3859375 0.08888888888888889 0.378125 0.09722222222222222 0.328125 0.09722222222222222 0.321875 0.11666666666666667 0.325 0.16111111111111112 0.3296875 0.16944444444444445 0.365625 0.15 0.4015625 0.15833333333333333 0.4234375 0.1527777777777778 0.4921875 0.17777777777777778 0.5125 0.19444444444444445 0.5234375 0.21388888888888888 0.5390625 0.26666666666666666 0.5734375 0.28055555555555556 0.5828125 0.28055555555555556 0.5953125 0.26666666666666666 0.60625 0.2388888888888889 0.6 0.18333333333333332 0.575 0.15833333333333333 0.5703125 0.1 0.553125 0.11388888888888889 0.5625 0.125 0.55625 0.13333333333333333 0.4625 0.13333333333333333 0.453125 0.14444444444444443 0.4390625 0.14444444444444443 0.428125 0.11944444444444445 0.4359375 0.09166666666666666 0.3921875 0.09722222222222222 0.3875 0.08888888888888889
68 0.086765625 0.18977777777777777 0.16440625 0.2861944444444445
29 0.127609375 0.3040555555555555 0.015484375 0.035916666666666666
30 0.13871875 0.30525 0.018859375 0.03111111111111111
49 0.047140625000000005 0.2112777777777778 0.017499999999999998 0.0395
82 0.071046875 0.19452777777777777 0.020874999999999998 0.034722222222222224
1 0.015484375 0.11611111111111111 0.018859375 0.035916666666666666
83 0.02121875 0.08583333333333333 0.016828125 0.03180555555555555
22 0.15815625 0.3151388888888889 0.021328125 0.033166666666666664
35 0.013765625 0.06319444444444444 0.016875 0.034749999999999996