45 0.653609375 0.8522222222222222 0.04328125 0.08166666666666667
64 0.49653125 0.4034444444444445 0.087328125 0.009027777777777777
42 0.49253125000000003 0.38997222222222216 0.086109375 0.014027777777777778
68 0.08534375 0.19324999999999998 0.161359375 0.28677777777777774
64 0.761546875 0.2373611111111111 0.08935937499999999 0.009027777777777777
41 0.7624375 0.22758333333333336 0.0883125 0.015555555555555555
64 0.42748437499999997 0.57675 0.087328125 0.012638888888888889
40 0.428109375 0.5643888888888889 0.087703125 0.012527777777777777
11 0.414453125 0.6816944444444444 0.097765625 0.19286111111111112
92 0.3453125 0.39444444444444443 0.3125 0.43333333333333335 0.3015625 0.46111111111111114 0.3125 0.4888888888888889 0.3375 0.5111111111111111 0.365625 0.5055555555555555 0.396875 0.4666666666666667 0.396875 0.44722222222222224 0.3859375 0.4222222222222222 0.3546875 0.39444444444444443
89 0.453125 0.4583333333333333 0.4359375 0.48055555555555557 0.4265625 0.5083333333333333 0.428125 0.5361111111111111 0.4578125 0.5388888888888889 0.4703125 0.5527777777777778 0.5015625 0.5527777777777778 0.50625 0.5472222222222223 0.5078125 0.5222222222222223 0.5203125 0.5083333333333333 0.528125 0.48055555555555557 0.4921875 0.46111111111111114 0.45625 0.4583333333333333
52 0.7125 0.2972222222222222 0.7265625 0.37777777777777777 0.721875 0.4222222222222222 0.7359375 0.4027777777777778 0.7390625 0.4083333333333333 0.7484375 0.38055555555555554 0.7671875 0.39166666666666666 0.7734375 0.3861111111111111 0.7734375 0.375 0.765625 0.3638888888888889 0.765625 0.3138888888888889 0.7578125 0.3138888888888889 0.7546875 0.2972222222222222 0.73125 0.31666666666666665 0.715625 0.2972222222222222
87 0.9453125 0.2861111111111111 0.91875 0.36944444444444446 0.909375 0.45555555555555555 0.903125 0.4638888888888889 0.875 0.45555555555555555 0.86875 0.44166666666666665 0.853125 0.43333333333333335 0.8546875 0.45 0.85 0.46111111111111114 0.8734375 0.45555555555555555 0.9140625 0.4861111111111111 0.9296875 0.4861111111111111 0.940625 0.49444444444444446 0.946875 0.5138888888888888 0.95625 0.5027777777777778 0.978125 0.5166666666666667 0.9984375 0.5166666666666667 0.99375 0.5027777777777778 0.978125 0.5 0.9703125 0.4722222222222222 0.965625 0.48333333333333334 0.959375 0.48055555555555557 0.9625 0.45555555555555555 0.9765625 0.43333333333333335 0.9703125 0.41944444444444445 0.9546875 0.41944444444444445 0.953125 0.4083333333333333 0.96875 0.39444444444444443 0.9828125 0.34444444444444444 0.9703125 0.3111111111111111 0.95 0.2861111111111111
41 0.97325 0.26805555555555555 0.05178125 0.01625
94 0.053234375 0.1296388888888889 0.015437500000000002 0.03155555555555555
82 0.009640625 0.2421111111111111 0.019296874999999998 0.026055555555555557
49 0.050546875000000005 0.19616666666666668 0.019296874999999998 0.03841666666666667
1 0.097609375 0.06858333333333334 0.019296874999999998 0.030166666666666665
29 0.098046875 0.05594444444444445 0.01378125 0.018611111111111113
30 0.1184375 0.060361111111111115 0.010906250000000001 0.029083333333333336
2 0.109515625 0.05505555555555556 0.015859375000000002 0.0185