45 0.6540468749999999 0.8526388888888888 0.044296875 0.0811111111111111
25 0.4944375 0.4459166666666667 0.04815625 0.08155555555555555
25 0.39778125000000003 0.5632777777777778 0.039281250000000004 0.09372222222222223
68 0.082328125 0.18194444444444444 0.16414062499999998 0.28761111111111115
91 0.8539375 0.11894444444444445 0.06364062499999999 0.13841666666666666
92 0.496875 0.5638888888888889 0.4640625 0.5833333333333334 0.4484375 0.6083333333333333 0.44375 0.6666666666666666 0.453125 0.6944444444444444 0.4640625 0.7 0.46875 0.7138888888888889 0.4890625 0.7222222222222222 0.5359375 0.7166666666666667 0.5515625 0.6944444444444444 0.5484375 0.6833333333333333 0.559375 0.6638888888888889 0.559375 0.6333333333333333 0.5390625 0.5805555555555556 0.50625 0.5638888888888889
29 0.12898437499999998 0.24394444444444444 0.020859375 0.03513888888888889
49 0.09331249999999999 0.18344444444444447 0.015375 0.03513888888888889
66 0.07846875 0.1673888888888889 0.018828125 0.03347222222222222
1 0.0850625 0.06694444444444445 0.0156875 0.029027777777777777
67 0.09540625 0.06472222222222222 0.012546874999999999 0.03125
50 0.10671875 0.06080555555555556 0.016328125 0.02344444444444444