85 0.793390625 0.6691111111111111 0.068421875 0.10827777777777776
5 0.13515625 0.7866666666666666 0.270296875 0.33705555555555555
5 0.757859375 0.13802777777777778 0.11790624999999999 0.14261111111111113
45 0.6531875 0.8522777777777778 0.043234375000000005 0.08152777777777778
68 0.0834375 0.18683333333333335 0.164875 0.28480555555555553
64 0.49546875 0.4038055555555556 0.085640625 0.015944444444444445
42 0.49375 0.39002777777777775 0.086640625 0.013138888888888891
89 0.49632812499999995 0.5102777777777777 0.09439062499999999 0.15013888888888888
5 0.55734375 0.3305 0.09371874999999999 0.2229722222222222
1 0.034625 0.14283333333333334 0.020796875 0.034305555555555554
102 0.8876875 0.5776666666666667 0.06525 0.10722222222222223
82 0.05953125 0.23416666666666666 0.019578125 0.030444444444444448
66 0.025281249999999998 0.3204166666666666 0.019578125 0.03769444444444445
29 0.111328125 0.18922222222222224 0.020390625000000002 0.036250000000000004
49 0.14190624999999998 0.22691666666666666 0.019578125 0.03336111111111111
2 0.08115625 0.060888888888888895 0.020390625000000002 0.026111111111111113