89 0.478125 0.48055555555555557 0.4578125 0.5027777777777778 0.4515625 0.5305555555555556 0.4703125 0.5333333333333333 0.4828125 0.5555555555555556 0.49375 0.5611111111111111 0.5171875 0.5472222222222223 0.5234375 0.5277777777777778 0.4890625 0.48055555555555557
25 0.5390625 0.5083333333333333 0.5171875 0.55 0.509375 0.5361111111111111 0.5015625 0.5555555555555556 0.5 0.5888888888888889 0.5203125 0.6166666666666667 0.553125 0.6138888888888889 0.5609375 0.6 0.5609375 0.5611111111111111 0.5734375 0.525 0.546875 0.5083333333333333
24 0.4734375 0.6472222222222223 0.4578125 0.6777777777777778 0.440625 0.6805555555555556 0.4390625 0.7166666666666667 0.446875 0.7333333333333333 0.4828125 0.7194444444444444 0.484375 0.6861111111111111 0.4765625 0.6527777777777778
24 0.3703125 0.8027777777777778 0.3625 0.8111111111111111 0.353125 0.8527777777777777 0.3515625 0.8694444444444445 0.3609375 0.8861111111111111 0.371875 0.8722222222222222 0.3921875 0.8694444444444445 0.403125 0.8361111111111111 0.403125 0.8138888888888889 0.3859375 0.8111111111111111 0.38125 0.8027777777777778
24 0.3125 0.8444444444444444 0.296875 0.8472222222222222 0.290625 0.8583333333333333 0.290625 0.8777777777777778 0.26875 0.9111111111111111 0.2484375 0.9 0.240625 0.9222222222222223 0.2421875 0.9361111111111111 0.2625 0.95 0.3328125 0.95 0.334375 0.9305555555555556 0.3234375 0.9111111111111111 0.3328125 0.8944444444444445 0.3421875 0.9027777777777778 0.3453125 0.9333333333333333 0.35 0.9361111111111111 0.3546875 0.925 0.3546875 0.8916666666666667 0.321875 0.8444444444444444
5 0.840625 0.30833333333333335 0.8328125 0.33611111111111114 0.8203125 0.3388888888888889 0.8140625 0.35 0.79375 0.35 0.7859375 0.4 0.7765625 0.41944444444444445 0.7859375 0.46111111111111114 0.7796875 0.4861111111111111 0.7609375 0.5 0.7484375 0.5444444444444444 0.725 0.5555555555555556 0.7328125 0.5833333333333334 0.721875 0.6222222222222222 0.7015625 0.65 0.7 0.6805555555555556 0.7078125 0.7166666666666667 0.71875 0.7388888888888889 0.7359375 0.7472222222222222 0.7390625 0.7666666666666667 0.7484375 0.7777777777777778 0.7703125 0.7861111111111111 0.775 0.7777777777777778 0.7703125 0.7555555555555555 0.7734375 0.7472222222222222 0.8171875 0.7444444444444445 0.86875 0.6333333333333333 0.8515625 0.5861111111111111 0.8578125 0.5444444444444444 0.865625 0.5305555555555556 0.884375 0.5194444444444445 0.915625 0.5194444444444445 0.9328125 0.4888888888888889 0.9234375 0.44722222222222224 0.9109375 0.4527777777777778 0.890625 0.41944444444444445 0.89375 0.39444444444444443 0.903125 0.3861111111111111 0.9046875 0.37222222222222223 0.9 0.33055555555555555 0.8890625 0.32222222222222224 0.8640625 0.33055555555555555 0.853125 0.32222222222222224 0.8484375 0.30833333333333335
86 0.8921875 0.525 0.871875 0.5277777777777778 0.859375 0.5444444444444444 0.8546875 0.5666666666666667 0.8578125 0.6027777777777777 0.8734375 0.6277777777777778 0.8984375 0.625 0.909375 0.6083333333333333 0.9140625 0.5861111111111111 0.9234375 0.5805555555555556 0.91875 0.5472222222222223 0.903125 0.525
85 0.8046875 0.6138888888888889 0.78125 0.6194444444444445 0.7609375 0.65 0.7625 0.6916666666666667 0.775 0.7166666666666667 0.803125 0.7194444444444444 0.81875 0.6805555555555556 0.8296875 0.6722222222222223 0.825 0.6388888888888888 0.80625 0.6166666666666667
5 0.6140625 0.7666666666666667 0.6140625 0.7805555555555556 0.60625 0.7972222222222223 0.603125 0.7916666666666666 0.5953125 0.8138888888888889 0.578125 0.8138888888888889 0.59375 0.8194444444444444 0.603125 0.8444444444444444 0.6015625 0.8777777777777778 0.59375 0.8916666666666667 0.5796875 0.8972222222222223 0.5609375 0.8833333333333333 0.559375 0.8111111111111111 0.553125 0.8555555555555555 0.5484375 0.8583333333333333 0.54375 0.8472222222222222 0.5359375 0.8527777777777777 0.5421875 0.8722222222222222 0.5421875 0.9222222222222223 0.559375 0.9305555555555556 0.5953125 0.925 0.6 0.9333333333333333 0.5359375 0.9388888888888889 0.540625 0.9472222222222222 0.6671875 0.95 0.703125 0.9027777777777778 0.7078125 0.8666666666666667 0.7015625 0.8611111111111112 0.7015625 0.8361111111111111 0.684375 0.8583333333333333 0.6765625 0.8416666666666667 0.675 0.8694444444444445 0.6625 0.8944444444444445 0.6484375 0.9 0.634375 0.8861111111111111 0.6265625 0.8638888888888889 0.6296875 0.8305555555555556 0.6421875 0.8111111111111111 0.665625 0.8194444444444444 0.6578125 0.8111111111111111 0.659375 0.7972222222222223 0.653125 0.7833333333333333 0.6453125 0.7888888888888889 0.646875 0.7944444444444444 0.634375 0.7916666666666666 0.6234375 0.7805555555555556 0.621875 0.7666666666666667
45 0.6453125 0.8138888888888889 0.634375 0.825 0.6296875 0.8694444444444445 0.6375 0.8888888888888888 0.6484375 0.8972222222222223 0.6640625 0.8916666666666667 0.675 0.8666666666666667 0.6734375 0.8361111111111111 0.659375 0.8138888888888889
5 0.1234375 0.3333333333333333 0.0203125 0.33611111111111114 0.0109375 0.34444444444444444 0.0109375 0.3638888888888889 0.015625 0.3888888888888889 0.04375 0.4083333333333333 0.090625 0.4888888888888889 0.096875 0.5194444444444445 0.125 0.5305555555555556 0.1484375 0.5277777777777778 0.175 0.5027777777777778 0.1828125 0.4111111111111111 0.1671875 0.39166666666666666 0.1671875 0.35833333333333334 0.1625 0.34444444444444444 0.13125 0.3333333333333333
87 0.6375 0.19444444444444445 0.625 0.21388888888888888 0.634375 0.21944444444444444 0.625 0.28055555555555556 0.6390625 0.275 0.6421875 0.2833333333333333 0.6421875 0.3 0.628125 0.3527777777777778 0.65 0.32222222222222224 0.66875 0.3388888888888889 0.6625 0.3111111111111111 0.66875 0.2972222222222222 0.6640625 0.2916666666666667 0.678125 0.2833333333333333 0.6859375 0.2861111111111111 0.6984375 0.3194444444444444 0.696875 0.3638888888888889 0.703125 0.37222222222222223 0.7140625 0.36944444444444446 0.7125 0.2777777777777778 0.6890625 0.25 0.684375 0.2111111111111111 0.6765625 0.21944444444444444 0.6609375 0.19722222222222222 0.646875 0.20555555555555555 0.640625 0.20555555555555555 0.6390625 0.19722222222222222
41 0.667296875 0.15091666666666667 0.08785937499999999 0.02322222222222222
64 0.494921875 0.4028611111111111 0.086625 0.009972222222222223
42 0.49692187499999996 0.3915555555555556 0.091421875 0.019
68 0.08301562500000001 0.18611111111111112 0.1644375 0.2866388888888889
82 0.117921875 0.2787777777777778 0.01925 0.03280555555555556
22 0.154453125 0.3119722222222222 0.013218750000000001 0.02563888888888889
30 0.15521875000000002 0.2766388888888889 0.020046875 0.03422222222222222
29 0.148 0.2901944444444444 0.013640625 0.027083333333333334
49 0.097859375 0.17041666666666666 0.016046875 0.03563888888888889
83 0.11270312499999999 0.18252777777777776 0.018453125 0.03136111111111111
66 0.066984375 0.15613888888888888 0.020046875 0.029944444444444444
50 0.06171875 0.12677777777777777 0.016453125 0.03169444444444444
67 0.07234375 0.11458333333333333 0.017140625 0.03169444444444444
22 0.01621875 0.05983333333333333 0.01803125 0.034194444444444444
2 0.063078125 0.07802777777777778 0.0233125 0.034138888888888885