5 0.07628125 0.44522222222222224 0.12256249999999999 0.20736111111111113
68 0.08104687499999999 0.19583333333333333 0.16209374999999998 0.2830833333333333
19 0.76015625 0.2902777777777778 0.0734375 0.125
87 0.72265625 0.22916666666666666 0.1359375 0.09722222222222222
41 0.765015625 0.1820277777777778 0.082453125 0.01325
8 0.550265625 0.17766666666666667 0.036921875 0.1293888888888889
64 0.49640625 0.4663888888888889 0.094296875 0.013805555555555555
40 0.4994375 0.45561111111111113 0.088640625 0.016694444444444442
52 0.67109375 0.16527777777777777 0.0703125 0.125
46 0.49310937499999996 0.6947500000000001 0.204625 0.05469444444444445
66 0.14290624999999998 0.18669444444444444 0.019703125 0.033944444444444444
82 0.15153125 0.1598611111111111 0.014781250000000001 0.030666666666666665
49 0.11456249999999998 0.15330555555555556 0.016015625 0.035027777777777776
1 0.13089062499999998 0.13358333333333333 0.016625 0.035027777777777776
83 0.1530625 0.13086111111111112 0.01046875 0.025194444444444446
30 0.16384375 0.14180555555555555 0.014781250000000001 0.029555555555555557
66 0.15984375 0.13030555555555554 0.011703125 0.02188888888888889