68 0.08267187499999999 0.18805555555555556 0.16534374999999998 0.2866388888888889
89 0.45496875000000003 0.5258055555555555 0.11642187500000001 0.1366388888888889
64 0.49428124999999995 0.4049722222222222 0.092640625 0.0155
42 0.495796875 0.3895 0.093078125 0.016694444444444442
64 0.6321718749999999 0.41174999999999995 0.087203125 0.009694444444444445
41 0.63203125 0.4 0.0921875 0.016666666666666666
8 0.615625 0.4722222222222222 0.60625 0.4888888888888889 0.6046875 0.5527777777777778 0.578125 0.575 0.578125 0.5972222222222222 0.5890625 0.6111111111111112 0.6109375 0.6111111111111112 0.6265625 0.5944444444444444 0.6234375 0.4722222222222222
91 0.9984375 0.44126984126984126 0.9984375 0.35555555555555557 0.9890625 0.36666666666666664 0.9828125 0.3638888888888889 0.990625 0.37222222222222223 0.98125 0.38055555555555554 0.984375 0.4388888888888889 0.9765625 0.44722222222222224 0.9984375 0.45555555555555555
91 0.9734375 0.4722222222222222 0.9625 0.4888888888888889 0.965625 0.5083333333333333 0.9515625 0.5555555555555556 0.9515625 0.5972222222222222 0.925 0.6111111111111112 0.9203125 0.6361111111111111 0.903125 0.65 0.9109375 0.6861111111111111 0.91875 0.6861111111111111 0.9390625 0.7194444444444444 0.9640625 0.7333333333333333 0.9984375 0.7194444444444444 0.9984375 0.4861111111111111 0.98125 0.48333333333333334 0.9765625 0.4722222222222222
92 0.0578125 0.5333333333333333 0.0140625 0.6055555555555555 0.0203125 0.6361111111111111 0.04375 0.6638888888888889 0.0828125 0.6527777777777778 0.1109375 0.6222222222222222 0.11875 0.5972222222222222 0.10625 0.5583333333333333 0.090625 0.5416666666666666 0.0640625 0.5333333333333333
66 0.08809375 0.18330555555555555 0.02203125 0.035583333333333335
94 0.052109375 0.12983333333333333 0.01596875 0.029750000000000002
49 0.061625 0.142 0.016734375000000003 0.029750000000000002
82 0.088625 0.06694444444444445 0.017499999999999998 0.033805555555555554
29 0.10307812499999999 0.058833333333333335 0.014453125 0.033805555555555554
83 0.11296874999999999 0.059500000000000004 0.01596875 0.027055555555555555