89 0.5078125 0.4111111111111111 0.4984375 0.4361111111111111 0.4765625 0.44722222222222224 0.459375 0.475 0.46875 0.4888888888888889 0.45625 0.5444444444444444 0.46875 0.5777777777777777 0.509375 0.5805555555555556 0.534375 0.5388888888888889 0.5359375 0.5027777777777778 0.503125 0.45 0.5125 0.43333333333333335 0.509375 0.4111111111111111
87 0.7984375 0.09444444444444444 0.790625 0.11944444444444445 0.7671875 0.13055555555555556 0.7609375 0.16666666666666666 0.7296875 0.20555555555555555 0.7296875 0.23055555555555557 0.7671875 0.20277777777777778 0.7734375 0.20833333333333334 0.778125 0.24166666666666667 0.7828125 0.22777777777777777 0.790625 0.23055555555555557 0.7875 0.21388888888888888 0.7921875 0.20277777777777778 0.8109375 0.20833333333333334 0.828125 0.22777777777777777 0.85625 0.21388888888888888 0.8546875 0.20277777777777778 0.8328125 0.2 0.8265625 0.19166666666666668 0.834375 0.15555555555555556 0.8328125 0.13333333333333333 0.825 0.13055555555555556 0.803125 0.09444444444444444
90 0.303125 0.21388888888888888 0.3 0.2611111111111111 0.321875 0.2638888888888889 0.30625 0.21388888888888888
90 0.33125 0.2861111111111111 0.3125 0.2916666666666667 0.328125 0.3138888888888889 0.328125 0.325 0.3390625 0.33055555555555555 0.3359375 0.3638888888888889 0.3171875 0.3888888888888889 0.2859375 0.39166666666666666 0.2671875 0.45555555555555555 0.275 0.4583333333333333 0.290625 0.4361111111111111 0.2953125 0.4388888888888889 0.2921875 0.4527777777777778 0.3 0.5027777777777778 0.309375 0.5222222222222223 0.309375 0.5583333333333333 0.2984375 0.5722222222222222 0.290625 0.6138888888888889 0.3 0.6444444444444445 0.321875 0.6638888888888889 0.3484375 0.6638888888888889 0.3671875 0.6527777777777778 0.3890625 0.6194444444444445 0.39375 0.5638888888888889 0.3796875 0.4 0.403125 0.4 0.3703125 0.36944444444444446 0.3390625 0.2861111111111111
5 0.9421875 0.4111111111111111 0.9046875 0.4444444444444444 0.8953125 0.46111111111111114 0.884375 0.4638888888888889 0.8734375 0.49166666666666664 0.85 0.5083333333333333 0.83125 0.5083333333333333 0.828125 0.5333333333333333 0.821875 0.5416666666666666 0.80625 0.525 0.7890625 0.5777777777777777 0.784375 0.5805555555555556 0.775 0.5638888888888889 0.753125 0.5972222222222222 0.74375 0.5972222222222222 0.7359375 0.6222222222222222 0.7484375 0.6527777777777778 0.7515625 0.6777777777777778 0.7625 0.6611111111111111 0.7578125 0.6583333333333333 0.7625 0.6555555555555556 0.765625 0.625 0.7859375 0.6222222222222222 0.790625 0.6083333333333333 0.8171875 0.6222222222222222 0.821875 0.6638888888888889 0.8203125 0.6916666666666667 0.79375 0.7444444444444445 0.80625 0.7388888888888889 0.834375 0.7472222222222222 0.853125 0.7277777777777777 0.8734375 0.725 0.96875 0.6777777777777778 0.9984375 0.6 0.9984375 0.4305555555555556 0.96875 0.4305555555555556 0.95 0.4111111111111111
5 0.5671875 0.04722222222222222 0.559375 0.05277777777777778 0.578125 0.11944444444444445 0.615625 0.13333333333333333 0.6359375 0.1111111111111111 0.6359375 0.08333333333333333 0.628125 0.05 0.578125 0.04722222222222222
5 0.20812499999999998 0.05 0.16875 0.05555555555555555 0.16875 0.15 0.184375 0.19722222222222222 0.19375 0.18888888888888888 0.1859375 0.1527777777777778 0.225 0.11388888888888889 0.2390625 0.06944444444444445 0.2359375 0.05277777777777778 0.2171875 0.05
85 0.7953125 0.6166666666666667 0.775 0.6222222222222222 0.7609375 0.6555555555555556 0.7609375 0.6888888888888889 0.7765625 0.7194444444444444 0.803125 0.7194444444444444 0.81875 0.6861111111111111 0.8203125 0.6555555555555556 0.815625 0.6277777777777778 0.8046875 0.6166666666666667
84 0.74140625 0.7861111111111111 0.7171875 0.7972222222222223 0.7078125 0.8333333333333334 0.715625 0.8777777777777778 0.73125 0.8916666666666667 0.753125 0.8861111111111111 0.76875 0.85 0.765625 0.8055555555555556 0.7515625 0.7861111111111111
45 0.6453125 0.8166666666666667 0.63125 0.8388888888888889 0.63125 0.8694444444444445 0.6375 0.8861111111111111 0.65 0.8944444444444445 0.6640625 0.8888888888888888 0.6734375 0.8694444444444445 0.671875 0.8333333333333334 0.659375 0.8166666666666667
64 0.49615625 0.4037777777777778 0.08742187500000001 0.012805555555555556
42 0.4948125 0.3909444444444445 0.082921875 0.01922222222222222
68 0.087125 0.19141666666666665 0.1618125 0.28544444444444445
29 0.128546875 0.31516666666666665 0.019359375 0.03563888888888889
30 0.14271875 0.29488888888888887 0.01865625 0.03930555555555556
49 0.090890625 0.28197222222222224 0.021421875 0.033166666666666664
82 0.056671875000000003 0.17077777777777778 0.015203125000000001 0.0295
66 0.069453125 0.17077777777777778 0.01865625 0.03194444444444444
1 0.009328125 0.12594444444444444 0.01865625 0.03563888888888889
83 0.022468750000000003 0.09583333333333334 0.01728125 0.0295
35 0.015890625 0.0633611111111111 0.018703125 0.03138888888888889
2 0.020046875 0.07555555555555556 0.01796875 0.033166666666666664
22 0.157453125 0.31516666666666665 0.014421875 0.036333333333333336