84 0.74453125 0.7861111111111111 0.71875 0.7972222222222223 0.709375 0.8277777777777777 0.7140625 0.8694444444444445 0.734375 0.8916666666666667 0.7578125 0.8805555555555555 0.7765625 0.8388888888888889 0.7703125 0.8055555555555556 0.7546875 0.7861111111111111
85 0.8015625 0.6138888888888889 0.775 0.6222222222222222 0.7609375 0.6527777777777778 0.7625 0.6916666666666667 0.76875 0.7111111111111111 0.7796875 0.7222222222222222 0.8046875 0.7194444444444444 0.8171875 0.7027777777777777 0.821875 0.6833333333333333 0.81875 0.6305555555555555 0.8046875 0.6138888888888889
5 0.978125 0.3472222222222222 0.96875 0.38333333333333336 0.95 0.3861111111111111 0.9328125 0.4083333333333333 0.9234375 0.4 0.9125 0.4861111111111111 0.9140625 0.5055555555555555 0.925 0.5055555555555555 0.9265625 0.5138888888888888 0.909375 0.5166666666666667 0.91875 0.525 0.928125 0.5166666666666667 0.9296875 0.5361111111111111 0.9234375 0.5527777777777778 0.9265625 0.575 0.915625 0.5916666666666667 0.909375 0.6166666666666667 0.8875 0.6416666666666667 0.8875 0.6555555555555556 0.8984375 0.6583333333333333 0.8953125 0.6722222222222223 0.8890625 0.6638888888888889 0.89375 0.6777777777777778 0.871875 0.6888888888888889 0.8625 0.725 0.8765625 0.7361111111111112 0.8640625 0.7472222222222222 0.9078125 0.7416666666666667 0.915625 0.7583333333333333 0.90625 0.7611111111111111 0.915625 0.7611111111111111 0.925 0.775 0.928125 0.7861111111111111 0.91875 0.7916666666666666 0.921875 0.7972222222222223 0.915625 0.8083333333333333 0.903125 0.8055555555555556 0.9203125 0.8166666666666667 0.9 0.8166666666666667 0.896875 0.825 0.903125 0.8416666666666667 0.9328125 0.8416666666666667 0.9296875 0.8527777777777777 0.91875 0.8527777777777777 0.921875 0.8638888888888889 0.9265625 0.8527777777777777 0.9328125 0.8555555555555555 0.9375 0.8833333333333333 0.9546875 0.8444444444444444 0.9828125 0.825 0.9859375 0.8055555555555556 0.9984375 0.7805555555555556 0.9984375 0.36666666666666664 0.99375 0.37222222222222223 0.9890625 0.3527777777777778 0.9796875 0.3472222222222222
86 0.8953125 0.525 0.871875 0.5277777777777778 0.85625 0.5583333333333333 0.85625 0.6 0.8734375 0.6277777777777778 0.8953125 0.6277777777777778 0.90625 0.6138888888888889 0.9140625 0.5861111111111111 0.9234375 0.5777777777777777 0.9171875 0.5444444444444444 0.903125 0.525
5 0.784375 0.875 0.7796875 0.8916666666666667 0.7703125 0.8916666666666667 0.7734375 0.8944444444444445 0.765625 0.9083333333333333 0.7640625 0.9361111111111111 0.7578125 0.9444444444444444 0.85 0.9444444444444444 0.8359375 0.9361111111111111 0.8140625 0.9388888888888889 0.8109375 0.9222222222222223 0.8171875 0.9138888888888889 0.7984375 0.9222222222222223 0.7875 0.9111111111111111 0.7890625 0.9027777777777778 0.825 0.9027777777777778 0.8140625 0.8944444444444445 0.80625 0.9027777777777778 0.803125 0.8916666666666667 0.825 0.8916666666666667 0.825 0.8833333333333333 0.8125 0.8861111111111111 0.8046875 0.8777777777777778 0.796875 0.9027777777777778 0.7921875 0.8944444444444445 0.796875 0.8861111111111111 0.7859375 0.875
5 0.2015625 0.32222222222222224 0.1484375 0.3333333333333333 0 0.3388888888888889 0 0.4027777777777778 0.009375 0.4111111111111111 0.08125 0.41944444444444445 0.15 0.4583333333333333 0.1625 0.46944444444444444 0.2015625 0.5416666666666666 0.209375 0.575 0.2640625 0.5916666666666667 0.2921875 0.5583333333333333 0.296875 0.5277777777777778 0.2953125 0.4583333333333333 0.2765625 0.4388888888888889 0.275 0.39444444444444443 0.246875 0.37777777777777777 0.2359375 0.35555555555555557 0.215625 0.35555555555555557 0.2046875 0.32222222222222224
45 0.65234375 0.8166666666666667 0.6375 0.8222222222222222 0.6296875 0.8472222222222222 0.63125 0.875 0.6453125 0.8944444444444445 0.6640625 0.8916666666666667 0.6734375 0.875 0.675 0.8444444444444444 0.6609375 0.8166666666666667
68 0.08828125 0.18888888888888888 0.1609375 0.29444444444444445
29 0.14309375 0.31069444444444444 0.016359375000000002 0.025444444444444443
66 0.05059375000000001 0.3088888888888889 0.02146875 0.036333333333333336
49 0.08278125 0.258 0.018390625 0.03269444444444444
82 0.090453125 0.24619444444444444 0.01328125 0.030888888888888886
94 0.1155 0.24619444444444444 0.024531249999999998 0.030888888888888886
1 0.018390625 0.11266666666666668 0.0204375 0.036333333333333336
2 0.0321875 0.09630555555555556 0.017374999999999998 0.03269444444444444
22 0.158046875 0.3183888888888889 0.015625 0.029916666666666664
35 0.019234375 0.06197222222222222 0.019234375 0.029916666666666664