89 0.4890625 0.4527777777777778 0.4703125 0.46944444444444444 0.459375 0.5055555555555555 0.4609375 0.5305555555555556 0.475 0.5583333333333333 0.4734375 0.5666666666666667 0.453125 0.5777777777777777 0.4390625 0.55 0.425 0.5444444444444444 0.4203125 0.5638888888888889 0.421875 0.5861111111111111 0.4359375 0.6333333333333333 0.4578125 0.6222222222222222 0.4578125 0.5888888888888889 0.4625 0.5833333333333334 0.4671875 0.5833333333333334 0.4703125 0.5972222222222222 0.4828125 0.5972222222222222 0.5109375 0.5583333333333333 0.53125 0.5583333333333333 0.5328125 0.55 0.5234375 0.5416666666666666 0.509375 0.5027777777777778 0.509375 0.4722222222222222 0.496875 0.4527777777777778
25 0.5328125 0.46944444444444444 0.5140625 0.49722222222222223 0.5140625 0.5111111111111111 0.525 0.5388888888888889 0.5375 0.5472222222222223 0.5359375 0.475
25 0.5890625 0.3888888888888889 0.5796875 0.425 0.5890625 0.4444444444444444 0.6015625 0.43333333333333335 0.59375 0.3888888888888889
25 0.6578125 0.32222222222222224 0.6578125 0.3388888888888889 0.6375 0.3638888888888889 0.6375 0.37777777777777777 0.6421875 0.3861111111111111 0.6390625 0.4083333333333333 0.6609375 0.4305555555555556 0.6671875 0.4222222222222222 0.671875 0.39166666666666666 0.684375 0.36944444444444446 0.675 0.35 0.684375 0.3527777777777778 0.6859375 0.3388888888888889 0.684375 0.3277777777777778 0.6796875 0.3277777777777778 0.66875 0.3472222222222222 0.66875 0.325 0.6640625 0.32222222222222224
5 0.9390625 0.5833333333333334 0.934375 0.6083333333333333 0.9234375 0.6083333333333333 0.921875 0.6277777777777778 0.9 0.65 0.8875 0.6472222222222223 0.8890625 0.6305555555555555 0.8671875 0.6222222222222222 0.85625 0.5972222222222222 0.8359375 0.6083333333333333 0.828125 0.6388888888888888 0.84375 0.6583333333333333 0.834375 0.6722222222222223 0.8359375 0.6916666666666667 0.8234375 0.7083333333333334 0.815625 0.7388888888888889 0.825 0.75 0.8234375 0.7972222222222223 0.8109375 0.7888888888888889 0.80625 0.8222222222222222 0.7828125 0.8472222222222222 0.7796875 0.8888888888888888 0.7703125 0.9 0.7640625 0.9361111111111111 0.75 0.9388888888888889 0.7515625 0.95 0.94375 0.9444444444444444 0.9515625 0.9166666666666666 0.953125 0.8805555555555555 0.9578125 0.8805555555555555 0.9640625 0.8444444444444444 0.98125 0.8277777777777777 0.9828125 0.7972222222222223 0.9890625 0.7916666666666666 0.9859375 0.7833333333333333 0.990625 0.7722222222222223 0.9875 0.7527777777777778 0.9703125 0.7444444444444445 0.9671875 0.7 0.9609375 0.6888888888888889 0.9625 0.6472222222222223 0.9578125 0.625 0.9484375 0.6222222222222222 0.9421875 0.5833333333333334
5 0 0.5305555555555556 0 0.85 0.0296875 0.8583333333333333 0.0515625 0.8444444444444444 0.08125 0.8083333333333333 0.0859375 0.7833333333333333 0.08125 0.75 0.0921875 0.7305555555555555 0.0921875 0.6888888888888889 0.0796875 0.6666666666666666 0.078125 0.6194444444444445 0.0703125 0.6 0.059375 0.6083333333333333 0.046875 0.5777777777777777 0.01875 0.55 0.0125 0.5583333333333333 0.0015625 0.5305555555555556
45 0.6515625 0.8138888888888889 0.6375 0.8222222222222222 0.6296875 0.8472222222222222 0.63125 0.875 0.646875 0.8944444444444445 0.665625 0.8888888888888888 0.675 0.8638888888888889 0.66875 0.825 0.653125 0.8138888888888889
91 0.746875 0.08055555555555556 0.73125 0.08611111111111111 0.73125 0.15833333333333333 0.7265625 0.17777777777777778 0.70625 0.21388888888888888 0.715625 0.23055555555555557 0.740625 0.24444444444444444 0.7453125 0.2638888888888889 0.7625 0.26666666666666666 0.775 0.25 0.759375 0.18333333333333332 0.759375 0.16666666666666666 0.7734375 0.11388888888888889 0.7734375 0.09166666666666666 0.771875 0.08333333333333333 0.7484375 0.08333333333333333
64 0.49440625000000005 0.4016388888888889 0.08820312500000001 0.011
42 0.4951875 0.3892777777777777 0.08665625 0.01375
68 0.0874375 0.18983333333333335 0.162484375 0.27511111111111114
29 0.148859375 0.27505555555555555 0.020499999999999997 0.03644444444444444
1 0.014640624999999999 0.2568333333333333 0.025374999999999998 0.031222222222222224
66 0.078578125 0.1778611111111111 0.022453124999999997 0.03297222222222222
82 0.074671875 0.1475 0.024406249999999997 0.031222222222222224
49 0.085890625 0.15963888888888889 0.0175625 0.020833333333333332
2 0.029281249999999998 0.09458333333333332 0.019515625 0.03644444444444444
83 0.07710937500000001 0.11105555555555555 0.023421875 0.034694444444444444