5 0.7078125 0.325 0.6953125 0.35555555555555557 0.6875 0.3527777777777778 0.6828125 0.3638888888888889 0.6609375 0.36944444444444446 0.6546875 0.4111111111111111 0.6390625 0.4388888888888889 0.646875 0.475 0.634375 0.4888888888888889 0.628125 0.5166666666666667 0.6109375 0.525 0.6046875 0.5388888888888889 0.6046875 0.5638888888888889 0.578125 0.6388888888888888 0.5828125 0.6611111111111111 0.5796875 0.6833333333333333 0.584375 0.6888888888888889 0.578125 0.7027777777777777 0.5828125 0.7 0.5859375 0.7083333333333334 0.5734375 0.7111111111111111 0.571875 0.6972222222222222 0.55625 0.7027777777777777 0.5515625 0.6888888888888889 0.559375 0.6833333333333333 0.5515625 0.6694444444444444 0.546875 0.6694444444444444 0.54375 0.6916666666666667 0.5359375 0.6777777777777778 0.5375 0.7472222222222222 0.5578125 0.7527777777777778 0.5703125 0.7333333333333333 0.5890625 0.7388888888888889 0.5984375 0.7555555555555555 0.5953125 0.8 0.653125 0.7777777777777778 0.6578125 0.7694444444444445 0.65625 0.75 0.7203125 0.65 0.7625 0.5444444444444444 0.7921875 0.5 0.790625 0.4722222222222222 0.7796875 0.4527777777777778 0.7703125 0.35 0.7625 0.3388888888888889 0.73125 0.3472222222222222 0.709375 0.325
5 0.434375 0.8083333333333333 0.4265625 0.8305555555555556 0.4171875 0.825 0.4109375 0.8611111111111112 0.3984375 0.8555555555555555 0.3921875 0.8888888888888888 0.384375 0.8916666666666667 0.3796875 0.8833333333333333 0.38125 0.8666666666666667 0.375 0.8666666666666667 0.371875 0.8527777777777777 0.3609375 0.8888888888888888 0.3484375 0.875 0.3421875 0.8777777777777778 0.340625 0.9027777777777778 0.35 0.9222222222222223 0.34375 0.9444444444444444 0.50625 0.9472222222222222 0.5109375 0.9305555555555556 0.490625 0.9333333333333333 0.4953125 0.9222222222222223 0.490625 0.9194444444444444 0.4828125 0.8555555555555555 0.4734375 0.8305555555555556 0.465625 0.8444444444444444 0.45625 0.8444444444444444 0.4390625 0.8083333333333333
87 0.5171875 0.49444444444444446 0.503125 0.5027777777777778 0.490625 0.5277777777777778 0.4765625 0.5194444444444445 0.4546875 0.5777777777777777 0.4421875 0.5861111111111111 0.4390625 0.5972222222222222 0.4453125 0.6055555555555555 0.48125 0.5972222222222222 0.4890625 0.6222222222222222 0.4921875 0.5972222222222222 0.5171875 0.5944444444444444 0.5265625 0.6194444444444445 0.525 0.6527777777777778 0.53125 0.6777777777777778 0.540625 0.7 0.5515625 0.6888888888888889 0.5578125 0.7 0.5640625 0.6916666666666667 0.559375 0.675 0.5625 0.6694444444444444 0.55625 0.6611111111111111 0.5515625 0.6305555555555555 0.5625 0.6 0.5765625 0.6055555555555555 0.578125 0.5833333333333334 0.5671875 0.575 0.559375 0.5916666666666667 0.553125 0.5555555555555556 0.5609375 0.5416666666666666 0.5515625 0.5361111111111111 0.5546875 0.5166666666666667 0.55 0.5166666666666667 0.5390625 0.5444444444444444 0.5328125 0.5444444444444444 0.521875 0.525 0.5234375 0.49444444444444446
89 0.475 0.4583333333333333 0.453125 0.5083333333333333 0.4515625 0.5388888888888889 0.45625 0.5555555555555556 0.4609375 0.5555555555555556 0.4765625 0.5194444444444445 0.4859375 0.5277777777777778 0.4953125 0.5222222222222223 0.515625 0.4722222222222222 0.5046875 0.4583333333333333 0.4890625 0.4666666666666667 0.4765625 0.4583333333333333
24 0.571875 0.2222222222222222 0.55 0.2777777777777778 0.55625 0.30277777777777776 0.565625 0.3111111111111111 0.5796875 0.3111111111111111 0.590625 0.29444444444444445 0.596875 0.26666666666666666 0.60625 0.25833333333333336 0.5984375 0.23055555555555557 0.5734375 0.2222222222222222
5 0 0.34444444444444444 0 0.5416666666666666 0.0265625 0.525 0.0296875 0.4861111111111111 0.0359375 0.475 0.0359375 0.4305555555555556 0.025 0.41388888888888886 0.025 0.375 0.0171875 0.3611111111111111 0.009375 0.3638888888888889 0.0015625 0.34444444444444444
64 0.49503125 0.4075 0.088078125 0.011305555555555557
42 0.49503125 0.3905 0.08595312499999999 0.011305555555555557
41 0.5443749999999999 0.4386111111111111 0.089140625 0.013194444444444444
45 0.653125 0.8166666666666667 0.6375 0.8222222222222222 0.6296875 0.8472222222222222 0.6328125 0.8777777777777778 0.65 0.8944444444444445 0.6640625 0.8888888888888888 0.6734375 0.8694444444444445 0.6734375 0.8361111111111111 0.6625 0.8166666666666667
86 0.89375 0.5222222222222223 0.86875 0.5305555555555556 0.85625 0.5583333333333333 0.85625 0.6 0.8734375 0.6277777777777778 0.8890625 0.6305555555555555 0.9 0.6222222222222222 0.9140625 0.5861111111111111 0.9234375 0.5805555555555556 0.91875 0.5472222222222223 0.9015625 0.5222222222222223
68 0.084890625 0.18863888888888888 0.15917187500000002 0.27919444444444447
49 0.073828125 0.2653611111111111 0.019984375 0.03783333333333333
66 0.011609375 0.3203888888888889 0.020640625000000003 0.030944444444444445
82 0.128953125 0.25963888888888886 0.01934375 0.03783333333333333
22 0.157453125 0.3108888888888889 0.016828125 0.03205555555555555
30 0.15378125 0.2951666666666667 0.016125 0.02408333333333333
29 0.1525 0.2808333333333333 0.018703125 0.018333333333333333
1 0.058359375000000005 0.09513888888888888 0.019984375 0.03208333333333334
16 0.16875 0.06944444444444445 0.16875 0.1388888888888889 0.1921875 0.15555555555555556 0.2015625 0.13333333333333333 0.1890625 0.09166666666666666 0.175 0.06944444444444445
91 0.6443749999999999 0.04722222222222222 0.609375 0.04722222222222222 0.6015625 0.10555555555555556 0.621875 0.11944444444444445 0.6390625 0.11388888888888889 0.653125 0.08055555555555556 0.653125 0.04722222222222222
35 0.015625 0.0641111111111111 0.016828125 0.034194444444444444