5 0.0878125 0.6956666666666667 0.175609375 0.2797777777777778
102 0.88853125 0.5806944444444445 0.069046875 0.11655555555555555
84 0.743875 0.8530833333333334 0.06859375 0.12408333333333334
5 0.4930625 0.5588055555555556 0.16065625 0.28352777777777777
5 0.44457812499999994 0.7579166666666667 0.082140625 0.06863888888888889
89 0.493359375 0.49944444444444447 0.0900625 0.1531388888888889
64 0.4958125 0.402 0.093 0.017388888888888888
42 0.49465624999999996 0.3889444444444445 0.088953125 0.014694444444444444
68 0.08056250000000001 0.1918888888888889 0.161109375 0.2841111111111111
1 0.06896875 0.22811111111111113 0.021265625 0.03488888888888889
66 0.1149375 0.13091666666666668 0.015625 0.029083333333333336
82 0.12496875 0.13355555555555554 0.013390625 0.03702777777777778
49 0.136875 0.13355555555555554 0.016359375000000002 0.03966666666666666
29 0.055796875 0.09258333333333332 0.01934375 0.029083333333333336
50 0.12534375 0.11041666666666666 0.01859375 0.03836111111111111
2 0.13018749999999998 0.07869444444444444 0.020828125 0.03836111111111111