5 0.9054375 0.7536111111111111 0.18471875 0.3874722222222223
5 0.0851875 0.7841388888888889 0.170375 0.30725
45 0.653203125 0.85275 0.041625 0.07888888888888888
89 0.5640625 0.3888888888888889 0.5421875 0.4111111111111111 0.5375 0.46944444444444444 0.5171875 0.44166666666666665 0.4890625 0.4722222222222222 0.484375 0.5055555555555555 0.4859375 0.5111111111111111 0.49375 0.5027777777777778 0.4984375 0.5111111111111111 0.4796875 0.5305555555555556 0.48125 0.5583333333333333 0.475 0.5777777777777777 0.478125 0.5861111111111111 0.484375 0.5861111111111111 0.496875 0.5638888888888889 0.496875 0.55 0.521875 0.5416666666666666 0.5265625 0.5111111111111111 0.534375 0.49722222222222223 0.5546875 0.4888888888888889 0.578125 0.4583333333333333 0.5796875 0.44722222222222224 0.56875 0.425 0.5703125 0.4111111111111111 0.5640625 0.39166666666666666
64 0.4949375 0.4056388888888889 0.08546875000000001 0.017694444444444443
42 0.49498437500000003 0.3928055555555555 0.08675000000000001 0.013277777777777779
68 0.084328125 0.19155555555555553 0.16017187500000002 0.2836666666666667
85 0.793359375 0.6680833333333334 0.067453125 0.10330555555555555
24 0.630296875 0.6568888888888889 0.09526562499999999 0.128
5 0.33740625 0.13522222222222222 0.12450000000000001 0.14644444444444443
78 0.19042187500000002 0.3975277777777778 0.08546875000000001 0.02213888888888889
40 0.1915625 0.3663611111111111 0.0831875 0.012361111111111111
25 0.579125 0.33608333333333335 0.053015625 0.07833333333333334
37 0.190625 0.45 0.18125 0.4861111111111111 0.196875 0.5277777777777778 0.2265625 0.5055555555555555 0.2265625 0.44722222222222224
91 0.696875 0.06111111111111111 0.69375 0.08611111111111111 0.6796875 0.09444444444444444 0.665625 0.11666666666666667 0.6703125 0.175 0.65625 0.23055555555555557 0.6609375 0.24722222222222223 0.6859375 0.25 0.6765625 0.28888888888888886 0.678125 0.3 0.6859375 0.30277777777777776 0.6921875 0.3 0.7015625 0.26944444444444443 0.696875 0.19166666666666668 0.709375 0.1361111111111111 0.7046875 0.11388888888888889 0.7046875 0.06111111111111111
1 0.0571875 0.10608333333333332 0.019765625000000002 0.03138888888888889
66 0.095328125 0.177 0.0211875 0.03513888888888889
49 0.13909375 0.21463888888888888 0.0211875 0.03766666666666667
29 0.152875 0.21591666666666667 0.016234375000000002 0.03766666666666667
82 0.008828125000000001 0.33202777777777776 0.017656250000000002 0.03138888888888889