64 0.35485937500000003 0.1679166666666667 0.08645312499999999 0.013277777777777779
41 0.35234375 0.1545 0.08753125 0.014305555555555556
19 0.37 0.26202777777777775 0.07228124999999999 0.09347222222222222
68 0.08056250000000001 0.19722222222222222 0.16112500000000002 0.2855
91 0.6191093750000001 0.43825000000000003 0.21751562500000002 0.44438888888888883
46 0.46875 0.6527777777777778 0.459375 0.6722222222222223 0.434375 0.675 0.4140625 0.6638888888888889 0.4 0.6694444444444444 0.396875 0.6805555555555556 0.425 0.7083333333333334 0.46875 0.7166666666666667 0.503125 0.7361111111111112 0.528125 0.7166666666666667 0.5703125 0.7083333333333334 0.60625 0.675 0.5796875 0.6666666666666666 0.55625 0.6777777777777778 0.4890625 0.6722222222222223 0.48125 0.6555555555555556 0.4734375 0.6527777777777778
1 0.117390625 0.11383333333333333 0.014937500000000001 0.03036111111111111
49 0.128078125 0.12616666666666668 0.017078125 0.02466666666666667
50 0.128609375 0.09108333333333334 0.016015625 0.03036111111111111
67 0.148875 0.10341666666666666 0.02028125 0.02086111111111111
66 0.0128125 0.31780555555555556 0.023484375 0.03225