5 0.153140625 0.50825 0.30628125 0.3941111111111111
85 0.79340625 0.668611111111111 0.0680625 0.11291666666666667
97 0.35571875 0.5913055555555555 0.049453125 0.13797222222222222
68 0.08249999999999999 0.18755555555555553 0.16499999999999998 0.2843333333333333
64 0.497328125 0.4023888888888889 0.093375 0.010833333333333334
42 0.49275 0.3895 0.085015625 0.014194444444444445
8 0.7375 0.23055555555555557 0.71875 0.2722222222222222 0.7234375 0.28055555555555556 0.7203125 0.31666666666666665 0.709375 0.325 0.7109375 0.35555555555555557 0.7203125 0.3638888888888889 0.7421875 0.3611111111111111 0.75 0.34444444444444444 0.740625 0.325 0.75 0.2861111111111111 0.7453125 0.25833333333333336 0.7484375 0.2388888888888889 0.740625 0.23055555555555557
64 0.75209375 0.17052777777777778 0.08728125 0.012638888888888889
41 0.75234375 0.15905555555555556 0.086984375 0.012861111111111111
89 0.49831250000000005 0.503 0.0885625 0.15175
64 0.34965625 0.4799722222222222 0.092359375 0.014444444444444446
40 0.3491875 0.46419444444444447 0.08790624999999999 0.014694444444444444
92 0.8484375 0.38333333333333336 0.8453125 0.3861111111111111 0.85625 0.39166666666666666 0.8375 0.39166666666666666 0.8140625 0.41944444444444445 0.809375 0.4444444444444444 0.8140625 0.48055555555555557 0.8296875 0.49722222222222223 0.8484375 0.49722222222222223 0.8546875 0.5083333333333333 0.8765625 0.5138888888888888 0.9109375 0.5083333333333333 0.91875 0.5 0.915625 0.49166666666666664 0.9234375 0.49444444444444446 0.925 0.46944444444444444 0.9171875 0.4666666666666667 0.915625 0.4388888888888889 0.9046875 0.4027777777777778 0.890625 0.3861111111111111 0.85 0.3861111111111111
63 0.8765625 0.14444444444444443 0.8734375 0.17222222222222222 0.8671875 0.15555555555555556 0.8015625 0.15555555555555556 0.796875 0.18333333333333332 0.7859375 0.19444444444444445 0.7828125 0.2111111111111111 0.7765625 0.2111111111111111 0.775 0.225 0.76875 0.22777777777777777 0.771875 0.2111111111111111 0.765625 0.2111111111111111 0.76875 0.22777777777777777 0.790625 0.25 0.7875 0.3611111111111111 0.7984375 0.35555555555555557 0.8046875 0.3388888888888889 0.80625 0.2972222222222222 0.821875 0.23333333333333334 0.8640625 0.19444444444444445 0.86875 0.17777777777777778 0.8765625 0.17777777777777778 0.884375 0.16111111111111112 0.8765625 0.1527777777777778
45 0.6521250000000001 0.855 0.047703125 0.08966666666666667
29 0.08885937499999999 0.16591666666666666 0.014124999999999999 0.035694444444444445
66 0.08290625 0.17516666666666666 0.014124999999999999 0.02775
83 0.10009375000000001 0.15988888888888889 0.017 0.035111111111111114
30 0.11187499999999999 0.1545277777777778 0.014265625 0.034111111111111106
50 0.102828125 0.12869444444444444 0.013703125 0.025361111111111112
94 0.053203125 0.13016666666666665 0.01975 0.030222222222222223
1 0.07129687500000001 0.09066666666666667 0.01975 0.03705555555555556