5 0.8890625 0.2611111111111111 0.871875 0.3 0.8640625 0.2916666666666667 0.8609375 0.3 0.8375 0.3111111111111111 0.8328125 0.3472222222222222 0.825 0.36666666666666664 0.83125 0.425 0.8125 0.4527777777777778 0.8015625 0.4888888888888889 0.78125 0.49444444444444446 0.7875 0.5305555555555556 0.778125 0.5583333333333333 0.7625 0.5805555555555556 0.7609375 0.6277777777777778 0.7671875 0.6388888888888888 0.7765625 0.6194444444444445 0.803125 0.6083333333333333 0.8234375 0.6277777777777778 0.834375 0.6583333333333333 0.8265625 0.7 0.8734375 0.6694444444444444 0.88125 0.6472222222222223 0.8828125 0.6333333333333333 0.86875 0.6277777777777778 0.8578125 0.6083333333333333 0.8578125 0.55 0.8796875 0.5222222222222223 0.903125 0.5194444444444445 0.9265625 0.5527777777777778 0.94375 0.5166666666666667 0.953125 0.4722222222222222 0.9671875 0.44166666666666665 0.9515625 0.4166666666666667 0.9578125 0.375 0.94375 0.28888888888888886 0.9265625 0.275 0.9109375 0.28888888888888886 0.890625 0.2638888888888889
5 0.684375 0.6944444444444444 0.65 0.7611111111111111 0.634375 0.7333333333333333 0.6296875 0.7333333333333333 0.6203125 0.7638888888888888 0.6078125 0.7583333333333333 0.609375 0.7888888888888889 0.5984375 0.8055555555555556 0.590625 0.8055555555555556 0.5890625 0.8166666666666667 0.596875 0.8333333333333334 0.59375 0.8388888888888889 0.60625 0.8472222222222222 0.60625 0.8638888888888889 0.5875 0.8916666666666667 0.5828125 0.8833333333333333 0.5859375 0.8916666666666667 0.58125 0.8972222222222223 0.56875 0.8916666666666667 0.5796875 0.9055555555555556 0.5984375 0.9083333333333333 0.5984375 0.9194444444444444 0.640625 0.9222222222222223 0.6421875 0.9333333333333333 0.65625 0.95 0.71875 0.9472222222222222 0.715625 0.9277777777777778 0.721875 0.9138888888888889 0.7109375 0.8916666666666667 0.7140625 0.8805555555555555 0.70625 0.8638888888888889 0.70625 0.8444444444444444 0.7109375 0.8138888888888889 0.7265625 0.7805555555555556 0.7296875 0.7472222222222222 0.7234375 0.7194444444444444 0.7 0.7444444444444445 0.696875 0.7138888888888889 0.6890625 0.6944444444444444
5 0.1875 0.2722222222222222 0.18125 0.28055555555555556 0.165625 0.28055555555555556 0.153125 0.3111111111111111 0.1359375 0.33055555555555555 0.1171875 0.3333333333333333 0.115625 0.34444444444444444 0.109375 0.3472222222222222 0.159375 0.43333333333333335 0.165625 0.4638888888888889 0.2171875 0.48333333333333334 0.2453125 0.4444444444444444 0.25 0.41944444444444445 0.25 0.3638888888888889 0.2328125 0.3388888888888889 0.2296875 0.3 0.1953125 0.2722222222222222
89 0.4890625 0.4444444444444444 0.478125 0.4444444444444444 0.4578125 0.46111111111111114 0.446875 0.5055555555555555 0.4515625 0.5361111111111111 0.46875 0.5333333333333333 0.4734375 0.5444444444444444 0.465625 0.5277777777777778 0.4703125 0.5222222222222223 0.48125 0.5361111111111111 0.48125 0.5555555555555556 0.4890625 0.5666666666666667 0.4890625 0.5972222222222222 0.496875 0.5944444444444444 0.5015625 0.5638888888888889 0.521875 0.5277777777777778 0.521875 0.5027777777777778 0.5296875 0.48055555555555557 0.509375 0.4638888888888889 0.5 0.4444444444444444
24 0.4859375 0.6777777777777778 0.465625 0.6916666666666667 0.4578125 0.7138888888888889 0.4515625 0.7083333333333334 0.45 0.6944444444444444 0.4140625 0.7 0.4109375 0.7111111111111111 0.415625 0.7277777777777777 0.4 0.75 0.3921875 0.775 0.43125 0.8388888888888889 0.4390625 0.8472222222222222 0.4484375 0.8444444444444444 0.4640625 0.8138888888888889 0.4625 0.7888888888888889 0.45 0.7722222222222223 0.453125 0.7583333333333333 0.4703125 0.7555555555555555 0.478125 0.7972222222222223 0.4859375 0.7944444444444444 0.484375 0.7472222222222222 0.4765625 0.7444444444444445 0.471875 0.7277777777777777 0.484375 0.7083333333333334 0.490625 0.6861111111111111 0.4875 0.6805555555555556
24 0.4765625 0.6333333333333333 0.4703125 0.6527777777777778 0.453125 0.6694444444444444 0.45 0.6916666666666667 0.4546875 0.7 0.4921875 0.6722222222222223 0.490625 0.6416666666666667 0.48125 0.6333333333333333
24 0.5625 0.5666666666666667 0.54375 0.5888888888888889 0.540625 0.6333333333333333 0.5484375 0.6611111111111111 0.5734375 0.6583333333333333 0.5828125 0.6388888888888888 0.5640625 0.6222222222222222 0.578125 0.5972222222222222 0.5765625 0.5777777777777777 0.5671875 0.5666666666666667
64 0.49614062499999995 0.40480555555555553 0.086546875 0.008972222222222222
42 0.49753125000000004 0.38983333333333337 0.086 0.015277777777777777
68 0.086546875 0.1867222222222222 0.1613125 0.28677777777777774
29 0.146609375 0.2912777777777778 0.017640625 0.03286111111111111
1 0.08149999999999999 0.07244444444444444 0.020171875 0.04033333333333333
66 0.10120312499999999 0.09136111111111112 0.017234375 0.032916666666666664
67 0.115109375 0.085 0.01653125 0.03147222222222222
83 0.12160937499999999 0.07030555555555555 0.017703125 0.029388888888888888
2 0.11599999999999999 0.056666666666666664 0.014765625 0.025194444444444446
45 0.65234375 0.8166666666666667 0.6375 0.8222222222222222 0.6296875 0.8444444444444444 0.6328125 0.8805555555555555 0.65 0.8972222222222223 0.6640625 0.8916666666666667 0.675 0.8666666666666667 0.675 0.8444444444444444 0.6609375 0.8166666666666667