91 0.89309375 0.15933333333333333 0.07046875 0.22036111111111112
5 0.226703125 0.38583333333333336 0.12940625 0.25863888888888886
78 0.251671875 0.5932499999999999 0.08932812500000001 0.028999999999999998
40 0.252921875 0.5597222222222222 0.08703125 0.014333333333333333
25 0.5410468749999999 0.5780277777777778 0.08835937499999999 0.13122222222222224
68 0.08562499999999999 0.19236111111111112 0.160921875 0.2871666666666667
13 0.303125 0.8333333333333334 0.3015625 0.8666666666666667 0.2875 0.8666666666666667 0.2828125 0.8555555555555555 0.275 0.8555555555555555 0.2578125 0.875 0.2484375 0.8611111111111112 0.2359375 0.8611111111111112 0.23125 0.9138888888888889 0.2359375 0.9388888888888889 0.24375 0.95 0.3015625 0.95 0.315625 0.9388888888888889 0.321875 0.9166666666666666 0.3140625 0.8972222222222223 0.3125 0.8444444444444444 0.3078125 0.8333333333333334
64 0.251671875 0.8253333333333334 0.087609375 0.010694444444444444
40 0.25209375 0.8123611111111111 0.08503125 0.018333333333333333
66 0.06484375 0.2282777777777778 0.01803125 0.03816666666666667
49 0.10779687499999999 0.12597222222222224 0.0163125 0.025972222222222223
82 0.109515625 0.13894444444444445 0.0163125 0.027472222222222224
1 0.11295312500000002 0.08094444444444444 0.014609374999999999 0.03663888888888889
67 0.13228125 0.09772222222222222 0.018890625 0.03052777777777778
83 0.12454687499999999 0.07863888888888888 0.013750000000000002 0.022916666666666665
50 0.12368749999999999 0.05802777777777778 0.017171875 0.03052777777777778
46 0.4203125 0.6666666666666666 0.396875 0.6777777777777778 0.4234375 0.7083333333333334 0.475 0.7194444444444444 0.49375 0.7361111111111112 0.51875 0.7194444444444444 0.5734375 0.7055555555555556 0.603125 0.675 0.571875 0.6666666666666666 0.55625 0.6833333333333333 0.5234375 0.6777777777777778 0.5046875 0.6833333333333333 0.496875 0.7 0.4890625 0.6805555555555556 0.4421875 0.6777777777777778 0.4265625 0.6666666666666666
92 0.6390625 0.7333333333333333 0.609375 0.7388888888888889 0.609375 0.7583333333333333 0.6 0.7805555555555556 0.6078125 0.8888888888888888 0.6265625 0.9111111111111111 0.6328125 0.9027777777777778 0.646875 0.9055555555555556 0.64375 0.9 0.6578125 0.9083333333333333 0.675 0.9055555555555556 0.6859375 0.8888888888888888 0.6921875 0.8527777777777777 0.6921875 0.8055555555555556 0.6765625 0.7527777777777778 0.646875 0.7333333333333333