37 0.5546875 0.5101351351351351 0.5453125 0.5202702702702703 0.525 0.5202702702702703 0.5453125 0.5337837837837838 0.55 0.5675675675675675 0.5421875 0.6047297297297297 0.521875 0.6013513513513513 0.521875 0.6148648648648649 0.5453125 0.6283783783783784 0.5796875 0.6216216216216216 0.578125 0.5743243243243243 0.565625 0.5675675675675675 0.55625 0.5135135135135135
97 0.5015625 0.46621621621621623 0.490625 0.48986486486486486 0.490625 0.5168918918918919 0.484375 0.5405405405405406 0.4625 0.581081081081081 0.4703125 0.6081081081081081 0.5 0.6148648648648649 0.509375 0.597972972972973 0.5078125 0.5236486486486487 0.5125 0.49324324324324326 0.5046875 0.46621621621621623
56 0.4671875 0.4222972972972973 0.45 0.47635135135135137 0.425 0.5168918918918919 0.4265625 0.5236486486486487 0.446875 0.4966216216216216 0.4515625 0.5236486486486487 0.446875 0.5540540540540541 0.46875 0.4966216216216216 0.4796875 0.527027027027027 0.4734375 0.46959459459459457 0.475 0.4222972972972973
65 0.66875 0.4391891891891892 0.640625 0.46959459459459457 0.6546875 0.4831081081081081 0.665625 0.4560810810810811 0.6703125 0.46621621621621623 0.6640625 0.5067567567567568 0.65625 0.5236486486486487 0.6578125 0.5506756756756757 0.653125 0.5743243243243243 0.671875 0.5202702702702703 0.6890625 0.5371621621621622 0.696875 0.527027027027027 0.6921875 0.49324324324324326 0.69375 0.4560810810810811 0.68125 0.4391891891891892 0.6703125 0.4391891891891892
10 0.834375 0.125 0.8234375 0.14527027027027026 0.8109375 0.23648648648648649 0.821875 0.25675675675675674 0.834375 0.23310810810810811 0.840625 0.23310810810810811 0.85625 0.1891891891891892 0.8453125 0.125
91 0.71875 0.06756756756756757 0.7171875 0.0777027027027027 0.7015625 0.0777027027027027 0.6953125 0.08783783783783784 0.7046875 0.125 0.7015625 0.14189189189189189 0.6921875 0.14864864864864866 0.6984375 0.17229729729729729 0.6921875 0.2635135135135135 0.7 0.2939189189189189 0.7109375 0.30067567567567566 0.7265625 0.2635135135135135 0.7171875 0.20270270270270271 0.7171875 0.16216216216216217 0.73125 0.10135135135135136 0.7265625 0.07432432432432433 0.7203125 0.06756756756756757
25 0.6390625 0.14864864864864866 0.6296875 0.14864864864864866 0.6265625 0.16891891891891891 0.6015625 0.20608108108108109 0.6140625 0.27364864864864863 0.6296875 0.27702702702702703 0.6375 0.2635135135135135 0.653125 0.26013513513513514 0.6609375 0.2195945945945946 0.66875 0.21621621621621623 0.6703125 0.20270270270270271 0.6796875 0.20608108108108109 0.6765625 0.21621621621621623 0.6828125 0.22635135135135134 0.68125 0.23648648648648649 0.690625 0.23310810810810811 0.6921875 0.21621621621621623 0.68125 0.20945945945945946 0.696875 0.19256756756756757 0.690625 0.15878378378378377 0.6625 0.16554054054054054 0.6609375 0.1891891891891892 0.646875 0.16891891891891891 0.653125 0.15878378378378377 0.6484375 0.14864864864864866
25 0.6296875 0.16554054054054054 0.6078125 0.22297297297297297 0.6140625 0.27364864864864863 0.63125 0.27702702702702703 0.634375 0.26013513513513514 0.6546875 0.25675675675675674 0.6578125 0.24324324324324326 0.653125 0.1891891891891892 0.6453125 0.17229729729729729 0.6328125 0.17229729729729729
42 0.50846875 0.41243243243243244 0.08203125 0.014087837837837838
42 0.506515625 0.39837837837837836 0.078125 0.019695945945945946
24 0.5375 0.30067567567567566 0.5171875 0.34121621621621623 0.5203125 0.3581081081081081 0.553125 0.3581081081081081 0.5609375 0.30743243243243246 0.540625 0.30067567567567566
78 0.56184375 0.4673310810810811 0.087234375 0.028141891891891892
40 0.56575 0.4321621621621622 0.076828125 0.019695945945945946
23 0.46809375 0.3603716216216216 0.08203125 0.016891891891891893
40 0.467453125 0.3477027027027027 0.075515625 0.019695945945945946
64 0.692703125 0.36739864864864863 0.080734375 0.014087837837837838
40 0.692703125 0.3547297297297297 0.0859375 0.01125
5 0.0171875 0.30405405405405406 0 0.32432432432432434 0 0.5371621621621622 0.0265625 0.5506756756756757 0.04375 0.5371621621621622 0.0484375 0.5236486486486487 0.046875 0.5 0.053125 0.48986486486486486 0.0609375 0.4391891891891892 0.090625 0.40202702702702703 0.09375 0.36824324324324326 0.121875 0.31756756756756754 0.040625 0.31756756756756754 0.021875 0.30405405405405406
68 0.114578125 0.15625 0.143234375 0.3125
29 0.135515625 0.025405405405405403 0.014093749999999999 0.04064189189189189
1 0.146484375 0.0779054054054054 0.012531249999999999 0.037263513513513515
82 0.15509375 0.07959459459459459 0.012531249999999999 0.037263513513513515
50 0.16214062499999998 0.06013513513513514 0.018796874999999998 0.03216216216216216
92 0.384375 0.8141891891891891 0.3765625 0.8277027027027027 0.3453125 0.8445945945945946 0.353125 0.8614864864864865 0.3453125 0.8783783783783784 0.340625 0.875 0.3296875 0.9324324324324325 0.3359375 0.9391891891891891 0.328125 0.9594594594594594 0.3203125 0.9628378378378378 0.328125 0.9695945945945946 0.328125 0.9966216216216216 0.4109375 0.9797297297297297 0.409375 0.972972972972973 0.4171875 0.9628378378378378 0.421875 0.918918918918919 0.4171875 0.8614864864864865 0.4046875 0.8378378378378378 0.3921875 0.8344594594594594 0.3875 0.8141891891891891