5 0.8109375 0.44932432432432434 0.79375 0.46621621621621623 0.790625 0.4560810810810811 0.7609375 0.4527027027027027 0.7515625 0.47297297297297297 0.74375 0.4560810810810811 0.7234375 0.4966216216216216 0.715625 0.4831081081081081 0.690625 0.5067567567567568 0.684375 0.5304054054054054 0.6953125 0.6317567567567568 0.7078125 0.6385135135135135 0.7515625 0.6216216216216216 0.7578125 0.652027027027027 0.7828125 0.652027027027027 0.7640625 0.6418918918918919 0.765625 0.6216216216216216 0.778125 0.6216216216216216 0.7921875 0.6385135135135135 0.8484375 0.6452702702702703 0.875 0.6756756756756757 0.825 0.6722972972972973 0.8234375 0.6824324324324325 0.86875 0.6891891891891891 0.8796875 0.6756756756756757 0.9265625 0.706081081081081 0.9625 0.7398648648648649 0.9984375 0.7972972972972973 0.9984375 0.6047297297297297 0.9890625 0.6013513513513513 0.9828125 0.5777027027027027 0.96875 0.5777027027027027 0.9453125 0.5506756756756757 0.9390625 0.527027027027027 0.9078125 0.527027027027027 0.8921875 0.4966216216216216 0.8859375 0.5033783783783784 0.853125 0.47297297297297297 0.8265625 0.4831081081081081 0.8171875 0.44932432432432434
97 0.5 0.4594594594594595 0.4921875 0.46621621621621623 0.4921875 0.5912162162162162 0.5 0.6047297297297297 0.5296875 0.597972972972973 0.5296875 0.5743243243243243 0.5171875 0.5540540540540541 0.509375 0.46959459459459457 0.5015625 0.4594594594594595
5 0.43125 0.44932432432432434 0.4234375 0.46621621621621623 0.4078125 0.47635135135135137 0.3921875 0.46959459459459457 0.3859375 0.5202702702702703 0.3953125 0.5405405405405406 0.39375 0.6047297297297297 0.3734375 0.6081081081081081 0.36875 0.6351351351351351 0.3609375 0.6418918918918919 0.3515625 0.6722972972972973 0.3515625 0.6959459459459459 0.340625 0.75 0.325 0.7432432432432432 0.3125 0.7601351351351351 0.315625 0.7804054054054054 0.3109375 0.8006756756756757 0.3296875 0.8209459459459459 0.3375 0.8445945945945946 0.334375 0.8817567567567568 0.375 0.918918918918919 0.38125 0.9087837837837838 0.409375 0.9054054054054054 0.4296875 0.8851351351351351 0.446875 0.8851351351351351 0.446875 0.8648648648648649 0.465625 0.8547297297297297 0.46875 0.8277027027027027 0.48125 0.8040540540540541 0.4890625 0.7601351351351351 0.4875 0.7364864864864865 0.49375 0.7128378378378378 0.4921875 0.6621621621621622 0.484375 0.6047297297297297 0.4875 0.597972972972973 0.48125 0.5878378378378378 0.48125 0.5304054054054054 0.46875 0.5101351351351351 0.475 0.48986486486486486 0.4578125 0.46621621621621623 0.45 0.4797297297297297 0.4390625 0.44932432432432434
84 0.7265625 0.8108108108108109 0.6984375 0.8243243243243243 0.6890625 0.8547297297297297 0.690625 0.8952702702702703 0.70625 0.9290540540540541 0.721875 0.9324324324324325 0.7328125 0.9222972972972973 0.740625 0.8918918918918919 0.7515625 0.875 0.746875 0.8378378378378378 0.7296875 0.8108108108108109
17 0.95625 0.3952702702702703 0.921875 0.4864864864864865 0.93125 0.4864864864864865 0.9421875 0.5067567567567568 0.946875 0.49324324324324326 0.9625 0.5033783783783784 0.98125 0.47297297297297297 0.9875 0.4831081081081081 0.9921875 0.5168918918918919 0.9984375 0.5135135135135135 0.9984375 0.47297297297297297 0.9875 0.44594594594594594 0.9984375 0.4189189189189189 0.9984375 0.3952702702702703 0.9890625 0.41216216216216217 0.9796875 0.3952702702702703 0.9625 0.3952702702702703
64 0.50890625 0.41283783783783784 0.0824375 0.010912162162162162
42 0.507640625 0.399222972972973 0.07990625 0.016385135135135134
68 0.113140625 0.15550675675675676 0.14551562499999998 0.31101351351351353
66 0.1404375 0.2551689189189189 0.016593749999999997 0.042533783783783786
1 0.157953125 0.26047297297297295 0.019671875 0.03986486486486487
49 0.08359375 0.18736486486486487 0.015984375000000002 0.03189189189189189
29 0.056546874999999996 0.04054054054054054 0.018437500000000002 0.04118243243243243
30 0.07129687500000001 0.020608108108108106 0.020890625 0.04118243243243243