102 0.9301406249999999 0.5926944444444444 0.0763125 0.14016666666666666
45 0.667890625 0.89025 0.048703125 0.08511111111111111
85 0.828875 0.695388888888889 0.076515625 0.13636111111111113
59 0.625 0.20833333333333334 0.625 0.21666666666666667 0.634375 0.21944444444444444 0.6109375 0.2361111111111111 0.5921875 0.30277777777777776 0.59375 0.3111111111111111 0.6125 0.32222222222222224 0.6015625 0.3388888888888889 0.6015625 0.3527777777777778 0.6203125 0.3861111111111111 0.6140625 0.4 0.6171875 0.4111111111111111 0.5921875 0.45 0.578125 0.45555555555555555 0.578125 0.4666666666666667 0.6015625 0.49166666666666664 0.609375 0.525 0.6234375 0.5333333333333333 0.6234375 0.5583333333333333 0.6109375 0.5888888888888889 0.60625 0.5305555555555556 0.584375 0.5305555555555556 0.578125 0.5388888888888889 0.578125 0.5527777777777778 0.59375 0.575 0.5890625 0.6138888888888889 0.615625 0.6277777777777778 0.6453125 0.6277777777777778 0.665625 0.5944444444444444 0.7078125 0.575 0.7203125 0.5333333333333333 0.7390625 0.5 0.7296875 0.46944444444444444 0.6875 0.42777777777777776 0.690625 0.39444444444444443 0.6859375 0.36666666666666664 0.690625 0.3611111111111111 0.6578125 0.3527777777777778 0.696875 0.3416666666666667 0.7046875 0.35555555555555557 0.709375 0.3527777777777778 0.7203125 0.29444444444444445 0.690625 0.26944444444444443 0.6765625 0.23055555555555557 0.6765625 0.2111111111111111 0.65 0.2222222222222222 0.634375 0.20833333333333334
64 0.7140625 0.20277777777777778 0.096875 0.016666666666666666
40 0.709765625 0.18669444444444444 0.090515625 0.014583333333333334
52 0.6609375 0.6666666666666666 0.6578125 0.6805555555555556 0.6625 0.6888888888888889 0.7 0.7194444444444444 0.6859375 0.7361111111111112 0.6875 0.7666666666666667 0.68125 0.7861111111111111 0.684375 0.7944444444444444 0.6890625 0.7944444444444444 0.696875 0.7694444444444445 0.7265625 0.7611111111111111 0.7296875 0.7361111111111112 0.7421875 0.7305555555555555 0.7578125 0.7083333333333334 0.7484375 0.6805555555555556 0.740625 0.6944444444444444 0.7296875 0.6972222222222222 0.709375 0.6722222222222223 0.696875 0.6694444444444444 0.7046875 0.6888888888888889 0.696875 0.7 0.6875 0.7 0.671875 0.6916666666666667 0.6625 0.6694444444444444
64 0.734375 0.6361111111111111 0.096875 0.016666666666666666
40 0.7341875 0.6159444444444445 0.09709375 0.013972222222222223
84 0.7682187500000001 0.8796111111111112 0.075078125 0.1280277777777778
68 0.08840624999999999 0.15716666666666665 0.176828125 0.3143611111111111
49 0.062 0.12408333333333334 0.020749999999999998 0.035944444444444446
64 0.722578125 0.025222222222222222 0.098234375 0.01163888888888889
41 0.721234375 0.016083333333333335 0.09634374999999999 0.014944444444444444
40 0.6106874999999999 0.1875277777777778 0.054796875 0.013777777777777778
91 0.765625 0.07777777777777778 0.7578125 0.09722222222222222 0.7578125 0.11666666666666667 0.771875 0.16111111111111112 0.7671875 0.1638888888888889 0.7625 0.20555555555555555 0.79375 0.18611111111111112 0.8234375 0.2 0.8421875 0.2 0.875 0.18333333333333332 0.9078125 0.19444444444444445 0.91875 0.18888888888888888 0.8875 0.14722222222222223 0.8390625 0.1638888888888889 0.809375 0.16111111111111112 0.8 0.14166666666666666 0.803125 0.11388888888888889 0.7953125 0.10277777777777777 0.7828125 0.1111111111111111 0.7765625 0.09722222222222222 0.778125 0.07777777777777778
24 0.54375 0.4444444444444444 0.540625 0.4777777777777778 0.50625 0.5055555555555555 0.5046875 0.5138888888888888 0.5109375 0.5444444444444444 0.5390625 0.5916666666666667 0.5453125 0.6194444444444445 0.5546875 0.6305555555555555 0.5671875 0.6305555555555555 0.5859375 0.6138888888888889 0.59375 0.5916666666666667 0.5921875 0.5694444444444444 0.5984375 0.5638888888888889 0.6078125 0.5777777777777777 0.603125 0.5833333333333334 0.609375 0.5972222222222222 0.6171875 0.5916666666666667 0.625 0.5666666666666667 0.6234375 0.5277777777777778 0.6109375 0.5194444444444445 0.6015625 0.4888888888888889 0.5875 0.48055555555555557 0.578125 0.46111111111111114 0.5484375 0.4444444444444444
29 0.09090625 0.1326388888888889 0.023640625000000002 0.03333333333333333
66 0.12434375 0.11525 0.020390625000000002 0.036250000000000004
1 0.13739062500000002 0.08188888888888889 0.020390625000000002 0.030444444444444448
30 0.13860937499999998 0.04638888888888889 0.0163125 0.03188888888888889
82 0.13574999999999998 0.057972222222222224 0.020390625000000002 0.017388888888888888
83 0.15125 0.02972222222222222 0.020390625000000002 0.03913888888888889