37 0.50625 0.706081081081081 0.50625 0.7432432432432432 0.534375 0.7837837837837838 0.534375 0.8175675675675675 0.5234375 0.8277027027027027 0.5328125 0.8614864864864865 0.559375 0.847972972972973 0.56875 0.8277027027027027 0.5953125 0.8344594594594594 0.590625 0.7736486486486487 0.5984375 0.75 0.59375 0.7466216216216216 0.578125 0.7804054054054054 0.571875 0.7635135135135135 0.5484375 0.7635135135135135 0.528125 0.7331081081081081 0.5140625 0.7263513513513513 0.5078125 0.7094594594594594
21 0.58125 0.46959459459459457 0.5890625 0.5236486486486487 0.575 0.5371621621621622 0.58125 0.5540540540540541 0.5796875 0.5777027027027027 0.590625 0.6317567567567568 0.596875 0.5912162162162162 0.60625 0.5675675675675675 0.6109375 0.5743243243243243 0.6140625 0.5472972972972973 0.5921875 0.5101351351351351 0.584375 0.46959459459459457
97 0.5015625 0.46283783783783783 0.49375 0.4831081081081081 0.490625 0.5371621621621622 0.4765625 0.5506756756756757 0.4765625 0.5743243243243243 0.4828125 0.5912162162162162 0.4984375 0.5945945945945946 0.5 0.5777027027027027 0.5125 0.5641891891891891 0.5109375 0.4864864864864865 0.503125 0.46621621621621623
65 0.3890625 0.25 0.3796875 0.2905405405405405 0.3875 0.2972972972972973 0.3921875 0.31756756756756754 0.4078125 0.32432432432432434 0.4171875 0.3108108108108108 0.421875 0.25675675675675674 0.4078125 0.2668918918918919 0.3953125 0.25
56 0.434375 0.25675675675675674 0.428125 0.27364864864864863 0.4296875 0.3277027027027027 0.434375 0.34121621621621623 0.4390625 0.34459459459459457 0.4421875 0.3108108108108108 0.4625 0.3344594594594595 0.459375 0.30743243243243246 0.4453125 0.28378378378378377 0.4765625 0.28040540540540543 0.440625 0.25675675675675674
69 0.84375 0.1891891891891892 0.8265625 0.19594594594594594 0.8125 0.22635135135135134 0.8140625 0.31756756756756754 0.828125 0.34121621621621623 0.8328125 0.3716216216216216 0.859375 0.36486486486486486 0.8640625 0.3310810810810811 0.8703125 0.32094594594594594 0.859375 0.27364864864864863 0.8625 0.22972972972972974 0.853125 0.1891891891891892
10 0.9125 0.19932432432432431 0.90625 0.20945945945945946 0.903125 0.24662162162162163 0.890625 0.2939189189189189 0.8796875 0.30405405405405406 0.8875 0.32094594594594594 0.9 0.31756756756756754 0.9078125 0.2905405405405405 0.91875 0.30405405405405406 0.9296875 0.2939189189189189 0.9421875 0.30405405405405406 0.94375 0.23310810810810811 0.9375 0.20945945945945946 0.9203125 0.19932432432432431
85 0.7625 0.625 0.7453125 0.6385135135135135 0.734375 0.6790540540540541 0.7421875 0.7466216216216216 0.7609375 0.7668918918918919 0.7875 0.75 0.8 0.7027027027027027 0.79375 0.6486486486486487 0.7703125 0.625
40 0.606125 0.4208783783783784 0.079421875 0.019695945945945946
40 0.44596875 0.17736486486486486 0.079421875 0.016891891891891893
64 0.39064062499999996 0.19361486486486487 0.075546875 0.009932432432432432
40 0.376953125 0.18016891891891892 0.045578125000000004 0.016891891891891893
78 0.5294375 0.6770608108108108 0.068546875 0.021587837837837836
40 0.54296875 0.640472972972973 0.065109375 0.02533783783783784
64 0.5078125 0.41385135135135137 0.080734375 0.0056418918918918915
42 0.506515625 0.3969594594594595 0.083328125 0.016891891891891893
23 0.45689062500000005 0.1935472972972973 0.056578125 0.010067567567567567
68 0.11451562500000001 0.15530405405405406 0.14465625 0.3106081081081081
49 0.152828125 0.075 0.017640625 0.027972972972972972
1 0.14578125 0.04256756756756756 0.014109374999999999 0.03175675675675676
29 0.156359375 0.054020270270270274 0.01175 0.024155405405405405
50 0.16928125 0.04256756756756756 0.016453125 0.047027027027027025
67 0.181328125 0.016520270270270268 0.013515625 0.033040540540540536
92 0.625 0.5878378378378378 0.603125 0.6114864864864865 0.5953125 0.6351351351351351 0.590625 0.706081081081081 0.6109375 0.7466216216216216 0.6609375 0.7567567567567568 0.66875 0.7364864864864865 0.6765625 0.7331081081081081 0.6875 0.6891891891891891 0.68125 0.6824324324324325 0.665625 0.6081081081081081 0.634375 0.5878378378378378
41 0.8430937500000001 0.12949324324324324 0.079421875 0.022533783783783783
41 0.9453125 0.11682432432432432 0.078125 0.019695945945945946