5 0.571875 0.425 0.5484375 0.4388888888888889 0.5359375 0.42777777777777776 0.528125 0.4527777777777778 0.5203125 0.46111111111111114 0.5171875 0.45555555555555555 0.5125 0.46944444444444444 0.5015625 0.46944444444444444 0.496875 0.5222222222222223 0.4859375 0.48055555555555557 0.475 0.5166666666666667 0.465625 0.525 0.4546875 0.5083333333333333 0.4484375 0.5361111111111111 0.440625 0.5361111111111111 0.4265625 0.5166666666666667 0.40625 0.5138888888888888 0.3921875 0.5222222222222223 0.390625 0.5388888888888889 0.36875 0.5861111111111111 0.3453125 0.6 0.3390625 0.6305555555555555 0.325 0.625 0.3265625 0.6833333333333333 0.3140625 0.6944444444444444 0.3140625 0.7111111111111111 0.3328125 0.7277777777777777 0.365625 0.7388888888888889 0.4 0.7388888888888889 0.4359375 0.7611111111111111 0.4515625 0.7583333333333333 0.4703125 0.7305555555555555 0.4921875 0.7277777777777777 0.5078125 0.7 0.5296875 0.6861111111111111 0.5453125 0.6611111111111111 0.546875 0.6166666666666667 0.5625 0.575 0.565625 0.5166666666666667 0.578125 0.49444444444444446 0.578125 0.43333333333333335 0.5734375 0.425
97 0.503125 0.5625 0.10625 0.225
88 0.7515625 0.4166666666666667 0.746875 0.4222222222222222 0.753125 0.45555555555555555 0.7625 0.4527777777777778 0.7703125 0.4777777777777778 0.7703125 0.4527777777777778 0.759375 0.45 0.7609375 0.4388888888888889 0.753125 0.41944444444444445
88 0.7328125 0.26944444444444443 0.7234375 0.275 0.71875 0.28888888888888886 0.728125 0.3638888888888889 0.7453125 0.37222222222222223 0.7578125 0.39166666666666666 0.765625 0.41944444444444445 0.765625 0.44722222222222224 0.775 0.4444444444444444 0.76875 0.39166666666666666 0.75 0.3388888888888889 0.7359375 0.26944444444444443
65 0.6921875 0.2916666666666667 0.684375 0.3055555555555556 0.6515625 0.31666666666666665 0.66875 0.33611111111111114 0.665625 0.38055555555555554 0.66875 0.375 0.678125 0.39166666666666666 0.6984375 0.3861111111111111 0.709375 0.37222222222222223 0.70625 0.35 0.715625 0.32222222222222224 0.709375 0.2972222222222222 0.6984375 0.2916666666666667
85 0.825 0.625 0.8015625 0.6361111111111111 0.7859375 0.6777777777777778 0.7953125 0.7388888888888889 0.80625 0.7527777777777778 0.8171875 0.7527777777777778 0.81875 0.7611111111111111 0.840625 0.7583333333333333 0.853125 0.7444444444444445 0.8640625 0.7166666666666667 0.8640625 0.6722222222222223 0.853125 0.6416666666666667 0.8359375 0.625
84 0.7671875 0.8138888888888889 0.74375 0.825 0.73125 0.8583333333333333 0.7359375 0.9083333333333333 0.75625 0.9305555555555556 0.7796875 0.925 0.7984375 0.8805555555555555 0.79375 0.8333333333333334 0.778125 0.8138888888888889
45 0.6609375 0.8444444444444444 0.6453125 0.8666666666666667 0.6421875 0.9083333333333333 0.659375 0.9361111111111111 0.678125 0.9361111111111111 0.6921875 0.9111111111111111 0.69375 0.875 0.684375 0.8527777777777777 0.671875 0.8444444444444444
5 0.796875 0.23333333333333334 0.7609375 0.2361111111111111 0.7515625 0.25 0.721875 0.25 0.7171875 0.25833333333333336 0.740625 0.26944444444444443 0.7515625 0.3333333333333333 0.7671875 0.36944444444444446 0.7921875 0.34444444444444444 0.8171875 0.2833333333333333 0.8015625 0.23333333333333334
25 0.2359375 0.13055555555555556 0.215625 0.14722222222222223 0.225 0.15 0.21875 0.15833333333333333 0.2171875 0.18333333333333332 0.228125 0.20555555555555555 0.240625 0.2 0.2421875 0.17222222222222222 0.246875 0.16666666666666666 0.2453125 0.14722222222222223 0.2375 0.13333333333333333
25 0.275 0.04722222222222222 0.2734375 0.07222222222222222 0.259375 0.10555555555555556 0.2546875 0.1111111111111111 0.246875 0.09444444444444444 0.240625 0.11666666666666667 0.2546875 0.13333333333333333 0.259375 0.15555555555555556 0.2953125 0.16666666666666666 0.309375 0.14166666666666666 0.309375 0.09444444444444444 0.2984375 0.09444444444444444 0.2875 0.05555555555555555 0.28125 0.058333333333333334 0.2765625 0.04722222222222222
40 0.75240625 0.21022222222222225 0.09634374999999999 0.009333333333333332
64 0.708609375 0.23980555555555555 0.09459375 0.012444444444444445
40 0.7090468750000001 0.22655555555555557 0.09371874999999999 0.010888888888888889
40 0.846125 0.1495 0.050796875 0.015583333333333334
64 0.51065625 0.4118611111111111 0.09809375000000001 0.004666666666666666
42 0.50890625 0.4001944444444444 0.09459375 0.015583333333333334
68 0.08846875 0.15883333333333333 0.1769375 0.31766666666666665
1 0.148578125 0.25475 0.021109375 0.036083333333333335
66 0.1165 0.15155555555555555 0.015421874999999998 0.03463888888888889
29 0.1254375 0.13927777777777778 0.017046875 0.03897222222222222
49 0.13414062499999999 0.13161111111111112 0.02025 0.036000000000000004