97 0.5 0.4594594594594595 0.490625 0.4864864864864865 0.4875 0.5304054054054054 0.4796875 0.543918918918919 0.4953125 0.6081081081081081 0.5046875 0.6047297297297297 0.521875 0.5641891891891891 0.5140625 0.49324324324324326 0.509375 0.46959459459459457 0.5015625 0.4594594594594595
56 0.5828125 0.25675675675675674 0.571875 0.27702702702702703 0.5671875 0.30405405405405406 0.5765625 0.34459459459459457 0.5703125 0.36824324324324326 0.584375 0.34797297297297297 0.5890625 0.32432432432432434 0.59375 0.32432432432432434 0.6046875 0.3581081081081081 0.596875 0.2972972972972973 0.603125 0.28378378378378377 0.615625 0.28040540540540543 0.5953125 0.27364864864864863 0.5875 0.25675675675675674
69 0.8140625 0.2702702702702703 0.8140625 0.28716216216216217 0.8203125 0.2972972972972973 0.7796875 0.34121621621621623 0.7828125 0.3614864864864865 0.821875 0.40878378378378377 0.834375 0.40878378378378377 0.846875 0.34121621621621623 0.8171875 0.2702702702702703
98 0.903125 0.14189189189189189 0.8921875 0.19594594594594594 0.9109375 0.21621621621621623 0.921875 0.21621621621621623 0.9125 0.19256756756756757 0.909375 0.14864864864864866 0.9046875 0.14527027027027026
10 0.728125 0.5337837837837838 0.715625 0.5574324324324325 0.7109375 0.5844594594594594 0.7046875 0.6317567567567568 0.70625 0.6655405405405406 0.725 0.6655405405405406 0.7359375 0.6317567567567568 0.74375 0.6317567567567568 0.7328125 0.6047297297297297 0.7328125 0.5844594594594594 0.7484375 0.5878378378378378 0.73125 0.5337837837837838
5 0.909375 0.7128378378378378 0.8921875 0.7364864864864865 0.8875 0.7297297297297297 0.865625 0.7466216216216216 0.8703125 0.75 0.8671875 0.7601351351351351 0.8828125 0.7635135135135135 0.8859375 0.7736486486486487 0.8859375 0.8108108108108109 0.8796875 0.8209459459459459 0.8859375 0.8445945945945946 0.8765625 0.8952702702702703 0.884375 0.9121621621621622 0.8828125 0.9358108108108109 0.859375 0.9155405405405406 0.853125 0.8952702702702703 0.8296875 0.9054054054054054 0.8203125 0.9222972972972973 0.7890625 0.8918918918918919 0.7828125 0.9121621621621622 0.790625 0.9155405405405406 0.7578125 0.9662162162162162 0.7375 0.9831081081081081 0.6953125 0.9864864864864865 0.6953125 0.9966216216216216 0.95 0.9966216216216216 0.9984375 0.8547297297297297 0.9984375 0.8378378378378378 0.984375 0.8277027027027027 0.9890625 0.8209459459459459 0.9765625 0.7972972972972973 0.98125 0.7905405405405406 0.9796875 0.7702702702702703 0.9625 0.7601351351351351 0.940625 0.7195945945945946 0.9125 0.7128378378378378
5 0.99375 0.4594594594594595 0.9734375 0.4966216216216216 0.959375 0.49324324324324326 0.940625 0.5135135135135135 0.9328125 0.581081081081081 0.9234375 0.5945945945945946 0.9203125 0.6182432432432432 0.921875 0.652027027027027 0.9421875 0.6925675675675675 0.9453125 0.7128378378378378 0.965625 0.7331081081081081 0.9765625 0.7601351351351351 0.9828125 0.7635135135135135 0.9875 0.7533783783783784 0.9890625 0.7668918918918919 0.9984375 0.7635135135135135 0.9984375 0.4594594594594595
5 0.3828125 0.05067567567567568 0.340625 0.057432432432432436 0.334375 0.10472972972972973 0.3375 0.14189189189189189 0.359375 0.12162162162162163 0.396875 0.12162162162162163 0.4796875 0.15878378378378377 0.5140625 0.21621621621621623 0.5203125 0.2635135135135135 0.5375 0.25675675675675674 0.5671875 0.2702702702702703 0.584375 0.24662162162162163 0.5921875 0.21621621621621623 0.584375 0.20270270270270271 0.590625 0.19932432432432431 0.5625 0.20270270270270271 0.559375 0.21283783783783783 0.5421875 0.1891891891891892 0.540625 0.17229729729729729 0.5484375 0.15202702702702703 0.5734375 0.15202702702702703 0.5609375 0.11148648648648649 0.5640625 0.10472972972972973 0.465625 0.09797297297297297 0.459375 0.10810810810810811 0.4453125 0.10810810810810811 0.4375 0.0945945945945946 0.440625 0.05067567567567568 0.3875 0.05067567567567568
90 0.2046875 0.4594594594594595 0.2015625 0.5472972972972973 0.2140625 0.5675675675675675 0.225 0.5709459459459459 0.2109375 0.581081081081081 0.153125 0.5777027027027027 0.153125 0.5878378378378378 0.234375 0.5912162162162162 0.2234375 0.6013513513513513 0.2234375 0.6283783783783784 0.2328125 0.6722972972972973 0.228125 0.706081081081081 0.2171875 0.7331081081081081 0.215625 0.706081081081081 0.1984375 0.7432432432432432 0.15625 0.7635135135135135 0.13125 0.8648648648648649 0.14375 0.8581081081081081 0.16875 0.8108108108108109 0.1859375 0.8006756756756757 0.2140625 0.8851351351351351 0.2078125 0.9256756756756757 0.2 0.9425675675675675 0.2046875 0.9966216216216216 0.2671875 0.9966216216216216 0.2734375 0.9831081081081081 0.2625 0.9628378378378378 0.265625 0.9493243243243243 0.278125 0.9358108108108109 0.2828125 0.9594594594594594 0.2953125 0.9594594594594594 0.30625 0.9391891891891891 0.2953125 0.7837837837837838 0.2796875 0.7195945945945946 0.284375 0.7668918918918919 0.28125 0.793918918918919 0.275 0.8040540540540541 0.2625 0.8074324324324325 0.2515625 0.7466216216216216 0.2421875 0.7398648648648649 0.2453125 0.7263513513513513 0.259375 0.7162162162162162 0.2484375 0.7027027027027027 0.2515625 0.6824324324324325 0.2703125 0.6993243243243243 0.278125 0.6959459459459459 0.2515625 0.6486486486486487 0.246875 0.5945945945945946 0.215625 0.5236486486486487 0.20625 0.46283783783783783
42 0.508921875 0.3985810810810811 0.078078125 0.01564189189189189
40 0.60759375 0.17347972972972975 0.07734375 0.0125
41 0.854828125 0.23915540540540542 0.080234375 0.01564189189189189
41 0.914109375 0.0977027027027027 0.07734375 0.017195945945945944
41 0.749640625 0.46108108108108103 0.07518749999999999 0.01564189189189189
84 0.7125 0.8209459459459459 0.696875 0.8378378378378378 0.690625 0.8716216216216216 0.7 0.9155405405405406 0.7234375 0.9256756756756757 0.7328125 0.9087837837837838 0.740625 0.8716216216216216 0.73125 0.8277027027027027 0.715625 0.8209459459459459
68 0.11278125000000001 0.15817567567567567 0.14121875 0.31635135135135134
82 0.15578125 0.3044256756756757 0.0131875 0.033682432432432435
66 0.15337499999999998 0.28435810810810813 0.014374999999999999 0.03239864864864865
50 0.16415625 0.28888513513513514 0.01678125 0.033682432432432435
1 0.15996875 0.26881756756756753 0.014374999999999999 0.03239864864864865
2 0.17254687500000002 0.2623310810810811 0.015578125000000002 0.04016891891891892
49 0.135171875 0.20750000000000002 0.019828125 0.03702702702702703
29 0.072546875 0.05652027027027027 0.020734375 0.03506756756756757
45 0.6328125 0.847972972972973 0.621875 0.8648648648648649 0.61875 0.902027027027027 0.63125 0.9324324324324325 0.64375 0.9324324324324325 0.65625 0.9054054054054054 0.646875 0.8547297297297297 0.6375 0.847972972972973