91 0.6640625 0.3972222222222222 0.6640625 0.4305555555555556 0.6390625 0.43333333333333335 0.6515625 0.4388888888888889 0.6296875 0.4527777777777778 0.6171875 0.48333333333333334 0.609375 0.48055555555555557 0.60625 0.49722222222222223 0.5984375 0.4888888888888889 0.6 0.4777777777777778 0.5875 0.48333333333333334 0.575 0.5111111111111111 0.5828125 0.5305555555555556 0.5875 0.5166666666666667 0.609375 0.5138888888888888 0.6078125 0.5333333333333333 0.621875 0.55 0.6203125 0.5694444444444444 0.5953125 0.6194444444444445 0.6 0.6666666666666666 0.596875 0.6861111111111111 0.6171875 0.7083333333333334 0.6578125 0.7083333333333334 0.684375 0.6833333333333333 0.690625 0.6388888888888888 0.6828125 0.5861111111111111 0.6703125 0.5611111111111111 0.6734375 0.5527777777777778 0.684375 0.5555555555555556 0.6890625 0.4527777777777778 0.7234375 0.4444444444444444 0.7546875 0.4666666666666667 0.765625 0.4638888888888889 0.7296875 0.4027777777777778 0.68125 0.4111111111111111 0.6703125 0.3972222222222222
96 0.5921875 0.46944444444444444 0.5828125 0.4861111111111111 0.5828125 0.5 0.575 0.5083333333333333 0.575 0.5194444444444445 0.5921875 0.5583333333333333 0.5921875 0.5888888888888889 0.6140625 0.5833333333333334 0.6234375 0.5638888888888889 0.621875 0.55 0.6109375 0.5361111111111111 0.61875 0.4861111111111111 0.6109375 0.46944444444444444 0.5984375 0.46944444444444444
91 0.63046875 0.28888888888888886 0.6125 0.2972222222222222 0.6140625 0.375 0.603125 0.38055555555555554 0.6015625 0.3972222222222222 0.6453125 0.4 0.640625 0.375 0.6421875 0.33611111111111114 0.6359375 0.3194444444444444 0.640625 0.28888888888888886
24 0.35625 0.6916666666666667 0.3515625 0.7 0.378125 0.7305555555555555 0.3796875 0.7416666666666667 0.3671875 0.7527777777777778 0.353125 0.7222222222222222 0.3328125 0.7 0.334375 0.7222222222222222 0.3234375 0.7388888888888889 0.3078125 0.7472222222222222 0.3203125 0.8111111111111111 0.334375 0.8333333333333334 0.3375 0.85 0.35 0.8638888888888889 0.371875 0.8555555555555555 0.3796875 0.8388888888888889 0.3953125 0.8388888888888889 0.403125 0.825 0.4125 0.7944444444444444 0.40625 0.7444444444444445 0.4296875 0.7194444444444444 0.4078125 0.7111111111111111 0.396875 0.7277777777777777 0.3921875 0.7055555555555556 0.3703125 0.6916666666666667
86 0.9338541666666667 0.525 0.909375 0.5305555555555556 0.8875 0.575 0.896875 0.6222222222222222 0.928125 0.6638888888888889 0.9546875 0.6472222222222223 0.96875 0.6055555555555555 0.9640625 0.5555555555555556 0.9421875 0.525
5 0.259375 0.10277777777777777 0.2546875 0.11944444444444445 0.234375 0.125 0.221875 0.1388888888888889 0.2015625 0.13055555555555556 0.1890625 0.14166666666666666 0.1828125 0.18888888888888888 0.1765625 0.20277777777777778 0.1765625 0.25 0.1640625 0.2777777777777778 0.16875 0.31666666666666665 0.175 0.33055555555555555 0.215625 0.3472222222222222 0.2359375 0.3388888888888889 0.2421875 0.26666666666666666 0.259375 0.24722222222222223 0.2734375 0.18888888888888888 0.29375 0.16111111111111112 0.290625 0.14444444444444443 0.2734375 0.13333333333333333 0.2640625 0.10277777777777777
64 0.61959375 0.42325 0.09690625 0.009138888888888889
41 0.618609375 0.41055555555555556 0.094984375 0.010555555555555556
68 0.089515625 0.15375 0.17903125 0.3075
82 0.12703124999999998 0.14491666666666667 0.019765625000000002 0.03638888888888889
67 0.124921875 0.09661111111111112 0.022578124999999998 0.040138888888888884
1 0.138328125 0.16436111111111112 0.021171875 0.03513888888888889
49 0.05221875 0.2013611111111111 0.0268125 0.041416666666666664
66 0.07621875 0.07527777777777778 0.024 0.03261111111111111
29 0.09281249999999999 0.05269444444444444 0.02046875 0.03261111111111111
45 0.6671875 0.8472222222222222 0.653125 0.8527777777777777 0.6421875 0.8805555555555555 0.64375 0.9111111111111111 0.6640625 0.9388888888888889 0.68125 0.9333333333333333 0.69375 0.9027777777777778 0.6890625 0.8638888888888889 0.675 0.8472222222222222