97 0.5078125 0.4666666666666667 0.4984375 0.46944444444444444 0.4875 0.49722222222222223 0.4921875 0.5194444444444445 0.4796875 0.575 0.459375 0.5944444444444444 0.4671875 0.6138888888888889 0.5140625 0.6138888888888889 0.51875 0.5472222222222223 0.5390625 0.5472222222222223 0.540625 0.525 0.515625 0.5222222222222223 0.521875 0.5083333333333333 0.5140625 0.4666666666666667
85 0.8234375 0.625 0.8046875 0.6305555555555555 0.7859375 0.6722222222222223 0.7859375 0.7083333333333334 0.79375 0.7361111111111112 0.821875 0.7611111111111111 0.840625 0.7444444444444445 0.8546875 0.7444444444444445 0.865625 0.7055555555555556 0.8640625 0.6722222222222223 0.85625 0.6472222222222223 0.8328125 0.625
84 0.765625 0.8111111111111111 0.7390625 0.8277777777777777 0.7296875 0.8611111111111112 0.7296875 0.8916666666666667 0.7359375 0.9166666666666666 0.746875 0.9333333333333333 0.7625 0.9388888888888889 0.7890625 0.925 0.8015625 0.8722222222222222 0.7953125 0.8305555555555556 0.7765625 0.8111111111111111
45 0.6625 0.8472222222222222 0.6453125 0.8694444444444445 0.6421875 0.9027777777777778 0.6546875 0.9305555555555556 0.675 0.9361111111111111 0.690625 0.9138888888888889 0.69375 0.8833333333333333 0.68125 0.8527777777777777 0.671875 0.8472222222222222
75 0.54375 0.022222222222222223 0.540625 0.03333333333333333 0.5328125 0.025 0.4984375 0.058333333333333334 0.50625 0.06388888888888888 0.4734375 0.14166666666666666 0.45625 0.1638888888888889 0.4453125 0.23055555555555557 0.4265625 0.2611111111111111 0.421875 0.2916666666666667 0.4234375 0.35555555555555557 0.4078125 0.39166666666666666 0.4078125 0.4027777777777778 0.425 0.4305555555555556 0.4453125 0.44166666666666665 0.46875 0.4305555555555556 0.4953125 0.4388888888888889 0.56875 0.4388888888888889 0.575 0.4305555555555556 0.60625 0.425 0.6421875 0.39444444444444443 0.6484375 0.38055555555555554 0.6625 0.37777777777777777 0.66875 0.34444444444444444 0.6609375 0.29444444444444445 0.6640625 0.25833333333333336 0.659375 0.24166666666666667 0.64375 0.23055555555555557 0.640625 0.19722222222222222 0.6265625 0.15 0.559375 0.05 0.553125 0.1388888888888889 0.584375 0.16944444444444445 0.5984375 0.20277777777777778 0.590625 0.2111111111111111 0.5640625 0.19166666666666668 0.5453125 0.14722222222222223 0.5203125 0.125 0.5328125 0.11944444444444445 0.5375 0.10277777777777777 0.54375 0.075 0.540625 0.04722222222222222 0.5453125 0.041666666666666664 0.5453125 0.025
64 0.5105625 0.4124444444444444 0.09659375 0.009194444444444444
42 0.5099843749999999 0.3991388888888889 0.0954375 0.013277777777777779
68 0.08925 0.158 0.178484375 0.316
66 0.015140625 0.2995 0.02034375 0.03263888888888889
2 0.149859375 0.29508333333333336 0.01984375 0.02736111111111111
1 0.154578125 0.2831666666666667 0.017374999999999998 0.03175
49 0.109421875 0.15394444444444444 0.017374999999999998 0.029111111111111112
82 0.122078125 0.16144444444444445 0.018859375 0.035277777777777776
29 0.031515625000000005 0.042777777777777776 0.018359375 0.030888888888888886
30 0.038453125 0.026027777777777775 0.019359375 0.03263888888888889
94 0.050609375 0.09394444444444444 0.022828124999999998 0.036166666666666666