97 0.50390625 0.5095608108108108 0.046875 0.1858108108108108
5 0.4390625 0.375 0.4375 0.3885135135135135 0.4265625 0.39864864864864863 0.4140625 0.3952702702702703 0.4140625 0.40878378378378377 0.4015625 0.4391891891891892 0.4 0.4797297297297297 0.4234375 0.543918918918919 0.4390625 0.5608108108108109 0.4671875 0.5574324324324325 0.459375 0.5168918918918919 0.465625 0.4358108108108108 0.446875 0.42567567567567566 0.4375 0.40202702702702703 0.4390625 0.38513513513513514
5 0.8015625 0.6486486486486487 0.8 0.7027027027027027 0.7875 0.7364864864864865 0.7828125 0.7364864864864865 0.7859375 0.75 0.7765625 0.75 0.7703125 0.7702702702702703 0.7609375 0.7601351351351351 0.7515625 0.7702702702702703 0.7625 0.7837837837837838 0.7765625 0.777027027027027 0.778125 0.7905405405405406 0.7453125 0.8006756756756757 0.7421875 0.8175675675675675 0.7484375 0.8716216216216216 0.7375 0.9358108108108109 0.73125 0.9290540540540541 0.725 0.9493243243243243 0.71875 0.9493243243243243 0.7046875 0.9391891891891891 0.7 0.9222972972972973 0.69375 0.9256756756756757 0.6890625 0.9628378378378378 0.68125 0.9797297297297297 0.6828125 0.9966216216216216 0.9984375 0.9966216216216216 0.9984375 0.8783783783783784 0.9921875 0.875 0.990625 0.8513513513513513 0.9828125 0.8547297297297297 0.9765625 0.8445945945945946 0.9828125 0.8277027027027027 0.9734375 0.8040540540540541 0.9453125 0.777027027027027 0.93125 0.777027027027027 0.928125 0.7432432432432432 0.921875 0.7331081081081081 0.9140625 0.7364864864864865 0.90625 0.7195945945945946 0.903125 0.6858108108108109 0.8890625 0.6891891891891891 0.8859375 0.6993243243243243 0.871875 0.6925675675675675 0.8734375 0.652027027027027 0.8296875 0.652027027027027 0.815625 0.6655405405405406 0.803125 0.652027027027027
5 0.7234375 0.060810810810810814 0.7140625 0.06418918918918919 0.709375 0.07432432432432433 0.7140625 0.0777027027027027 0.7109375 0.08783783783783784 0.7015625 0.08108108108108109 0.6734375 0.11486486486486487 0.665625 0.14527027027027026 0.6578125 0.12162162162162163 0.65625 0.17567567567567569 0.6828125 0.2668918918918919 0.6953125 0.28378378378378377 0.7359375 0.2939189189189189 0.7640625 0.2533783783783784 0.775 0.2195945945945946 0.7765625 0.17567567567567569 0.771875 0.14864864864864866 0.759375 0.13513513513513514 0.753125 0.10472972972972973 0.7453125 0.09797297297297297 0.7421875 0.06756756756756757 0.725 0.06418918918918919
37 0.128125 0.3310810810810811 0.1171875 0.3310810810810811 0.1109375 0.35135135135135137 0.1109375 0.38513513513513514 0.096875 0.40878378378378377 0.10625 0.43243243243243246 0.1265625 0.43243243243243246 0.1328125 0.4560810810810811 0.1421875 0.4560810810810811 0.1453125 0.44594594594594594 0.1375 0.43243243243243246 0.1359375 0.375 0.1453125 0.35135135135135137 0.1390625 0.3310810810810811
65 0.384375 0.23648648648648649 0.378125 0.25 0.3578125 0.26013513513513514 0.3609375 0.27364864864864863 0.3515625 0.2939189189189189 0.359375 0.32432432432432434 0.3890625 0.32094594594594594 0.3953125 0.2972972972972973 0.3953125 0.2702702702702703 0.3875 0.23648648648648649
93 0.3 0.060810810810810814 0.2984375 0.10810810810810811 0.29375 0.11486486486486487 0.2765625 0.11486486486486487 0.253125 0.08783783783783784 0.2390625 0.0945945945945946 0.2328125 0.125 0.21875 0.1554054054054054 0.2140625 0.2195945945945946 0.1984375 0.25 0.2359375 0.2905405405405405 0.2375 0.375 0.2421875 0.39864864864864863 0.2734375 0.40202702702702703 0.278125 0.3952702702702703 0.2828125 0.34459459459459457 0.3203125 0.3344594594594595 0.328125 0.3108108108108108 0.3484375 0.33783783783783783 0.35625 0.31756756756756754 0.3421875 0.23648648648648649 0.3359375 0.2195945945945946 0.325 0.21283783783783783 0.3265625 0.1891891891891892 0.3140625 0.16554054054054054 0.31875 0.15202702702702703 0.3171875 0.125 0.3109375 0.11486486486486487 0.303125 0.060810810810810814
68 0.114625 0.1560472972972973 0.14434375 0.3120945945945946
1 0.15353125 0.2860810810810811 0.015375 0.033243243243243244
2 0.171828125 0.28780405405405407 0.01378125 0.03209459459459459
83 0.175265625 0.26256756756756755 0.017499999999999998 0.027533783783783784
49 0.0798125 0.11236486486486486 0.013265625 0.027533783783783784
66 0.09864062500000001 0.11925675675675675 0.01484375 0.03439189189189189
82 0.090953125 0.10206081081081081 0.0143125 0.03439189189189189
29 0.066828125 0.07280405405405406 0.016968749999999998 0.03783783783783783
86 0.85390625 0.5236486486486487 0.83125 0.5337837837837838 0.821875 0.5641891891891891 0.821875 0.6047297297297297 0.8390625 0.6418918918918919 0.865625 0.6351351351351351 0.8796875 0.6081081081081081 0.878125 0.597972972972973 0.884375 0.5945945945945946 0.8796875 0.5506756756756757 0.8640625 0.5236486486486487
84 0.72109375 0.8141891891891891 0.7 0.8243243243243243 0.6890625 0.8547297297297297 0.6890625 0.8851351351351351 0.6984375 0.9256756756756757 0.728125 0.9290540540540541 0.7390625 0.8986486486486487 0.7421875 0.8412162162162162 0.7390625 0.8209459459459459 0.7296875 0.8141891891891891
45 0.634375 0.8445945945945946 0.6203125 0.8648648648648649 0.6171875 0.9054054054054054 0.628125 0.9324324324324325 0.6453125 0.9358108108108109 0.6578125 0.9087837837837838 0.6578125 0.8716216216216216 0.640625 0.8445945945945946
64 0.5060156250000001 0.4135135135135135 0.0748125 0.012195945945945946
42 0.507421875 0.396722972972973 0.077625 0.012195945945945946
64 0.38321875 0.17547297297297296 0.07621875 0.009155405405405406
40 0.385328125 0.15868243243243244 0.080453125 0.015270270270270269