97 0.4859375 0.4666666666666667 0.475 0.4777777777777778 0.4921875 0.5111111111111111 0.484375 0.5527777777777778 0.4859375 0.6 0.496875 0.6083333333333333 0.5359375 0.5833333333333334 0.5328125 0.5638888888888889 0.509375 0.5166666666666667 0.509375 0.46944444444444444 0.496875 0.4666666666666667 0.4921875 0.4777777777777778 0.4859375 0.4722222222222222
84 0.7734375 0.8111111111111111 0.7421875 0.825 0.73125 0.8527777777777777 0.7328125 0.9055555555555556 0.7421875 0.9277777777777778 0.7546875 0.9361111111111111 0.7953125 0.9305555555555556 0.80625 0.8972222222222223 0.8078125 0.875 0.8015625 0.8361111111111111 0.7765625 0.8111111111111111
85 0.828125 0.625 0.8015625 0.6361111111111111 0.7859375 0.6777777777777778 0.7953125 0.7444444444444445 0.8171875 0.7666666666666667 0.8328125 0.7666666666666667 0.853125 0.7472222222222222 0.865625 0.7055555555555556 0.865625 0.6805555555555556 0.8578125 0.65 0.8359375 0.625
91 0.7203125 0.041666666666666664 0.696875 0.04722222222222222 0.6890625 0.08055555555555556 0.6984375 0.08055555555555556 0.7046875 0.12222222222222222 0.7 0.15 0.678125 0.18055555555555555 0.6765625 0.20555555555555555 0.6796875 0.22777777777777777 0.6953125 0.2388888888888889 0.7359375 0.2361111111111111 0.746875 0.21944444444444444 0.746875 0.18888888888888888 0.734375 0.13333333333333333 0.7390625 0.09444444444444444 0.7484375 0.07222222222222222 0.7484375 0.04722222222222222 0.7375 0.044444444444444446 0.7359375 0.06111111111111111 0.73125 0.05555555555555555 0.734375 0.04722222222222222 0.728125 0.041666666666666664
92 0.230078125 0.7166666666666667 0.18125 0.7222222222222222 0.159375 0.7472222222222222 0.1765625 0.75 0.1625 0.7611111111111111 0.165625 0.7666666666666667 0.1578125 0.7805555555555556 0.153125 0.7666666666666667 0.15625 0.7611111111111111 0.1515625 0.7611111111111111 0.14375 0.7916666666666666 0.146875 0.7972222222222223 0.1421875 0.8027777777777778 0.1484375 0.825 0.140625 0.8333333333333334 0.1484375 0.8361111111111111 0.15 0.8583333333333333 0.159375 0.8694444444444445 0.153125 0.8916666666666667 0.190625 0.9027777777777778 0.225 0.8944444444444445 0.225 0.8861111111111111 0.246875 0.8555555555555555 0.2546875 0.8555555555555555 0.2703125 0.8027777777777778 0.26875 0.7638888888888888 0.25 0.725 0.2390625 0.7166666666666667
25 0.65 0.027777777777777776 0.6375 0.030555555555555555 0.6125 0.08333333333333333 0.60625 0.07222222222222222 0.5984375 0.07222222222222222 0.603125 0.10555555555555556 0.615625 0.13055555555555556 0.646875 0.1361111111111111 0.6625 0.11944444444444445 0.665625 0.06666666666666667 0.65625 0.06388888888888888 0.65 0.04722222222222222 0.6515625 0.030555555555555555
24 0.4703125 0.21388888888888888 0.46875 0.24166666666666667 0.45625 0.24722222222222223 0.4484375 0.2638888888888889 0.4609375 0.2722222222222222 0.46875 0.3 0.484375 0.3277777777777778 0.503125 0.3138888888888889 0.509375 0.3277777777777778 0.51875 0.3194444444444444 0.5296875 0.29444444444444445 0.528125 0.26666666666666666 0.540625 0.24444444444444444 0.5203125 0.24722222222222223 0.509375 0.23333333333333334 0.471875 0.21666666666666667
64 0.50875 0.41294444444444445 0.0943125 0.01411111111111111
42 0.50925 0.39972222222222226 0.095296875 0.01588888888888889
68 0.08834375 0.15619444444444444 0.17670312500000002 0.31236111111111114
1 0.16275 0.2056111111111111 0.02265625 0.03816666666666667
49 0.11446875000000001 0.16216666666666668 0.020265625000000002 0.03602777777777778
82 0.12728124999999998 0.14733333333333334 0.018484375 0.03816666666666667
66 0.1150625 0.11922222222222223 0.017890625 0.034972222222222224
2 0.1266875 0.08902777777777778 0.018484375 0.03602777777777778
30 0.08645312499999999 0.034444444444444444 0.019078125 0.02861111111111111
83 0.09032812500000001 0.02013888888888889 0.019671875 0.03602777777777778
45 0.6625 0.8444444444444444 0.646875 0.8638888888888889 0.6421875 0.9083333333333333 0.65625 0.9333333333333333 0.6765625 0.9361111111111111 0.690625 0.9138888888888889 0.69375 0.8805555555555555 0.68125 0.85 0.671875 0.8444444444444444