5 0.7921875 0.375 0.7890625 0.38513513513513514 0.7640625 0.3783783783783784 0.74375 0.40540540540540543 0.73125 0.39864864864864863 0.7203125 0.4189189189189189 0.7140625 0.4155405405405405 0.696875 0.44932432432432434 0.6765625 0.5236486486486487 0.653125 0.5304054054054054 0.6375 0.5574324324324325 0.621875 0.5675675675675675 0.603125 0.6182432432432432 0.5890625 0.6283783783783784 0.5875 0.6452702702702703 0.575 0.6722972972972973 0.5640625 0.652027027027027 0.5484375 0.6891891891891891 0.53125 0.6554054054054054 0.4703125 0.6554054054054054 0.46875 0.706081081081081 0.478125 0.722972972972973 0.484375 0.7162162162162162 0.4859375 0.6993243243243243 0.4921875 0.6993243243243243 0.49375 0.75 0.5 0.75 0.5 0.7364864864864865 0.509375 0.722972972972973 0.528125 0.7668918918918919 0.5984375 0.7668918918918919 0.5953125 0.777027027027027 0.6015625 0.7837837837837838 0.5984375 0.7905405405405406 0.6078125 0.793918918918919 0.6109375 0.8412162162162162 0.6171875 0.847972972972973 0.6140625 0.8513513513513513 0.621875 0.847972972972973 0.628125 0.8277027027027027 0.6296875 0.8378378378378378 0.653125 0.8378378378378378 0.6484375 0.8243243243243243 0.6515625 0.8141891891891891 0.675 0.8074324324324325 0.6734375 0.793918918918919 0.6875 0.7871621621621622 0.7234375 0.7364864864864865 0.7453125 0.6283783783783784 0.7796875 0.6114864864864865 0.7828125 0.597972972972973 0.7890625 0.6148648648648649 0.809375 0.6216216216216216 0.815625 0.6114864864864865 0.8171875 0.5709459459459459 0.825 0.543918918918919 0.8515625 0.5101351351351351 0.85 0.4831081081081081 0.8421875 0.47635135135135137 0.840625 0.4391891891891892 0.8328125 0.43243243243243246 0.8296875 0.40202702702702703 0.8234375 0.41216216216216217 0.8015625 0.40540540540540543 0.7953125 0.375
97 0.5 0.46283783783783783 0.4890625 0.5101351351351351 0.4859375 0.5641891891891891 0.49375 0.5912162162162162 0.5078125 0.5743243243243243 0.5171875 0.5912162162162162 0.509375 0.5540540540540541 0.5125 0.4864864864864865 0.5046875 0.46283783783783783
24 0.3546875 0.32094594594594594 0.3453125 0.34121621621621623 0.3453125 0.375 0.353125 0.38513513513513514 0.3609375 0.38513513513513514 0.36875 0.35135135135135137 0.359375 0.32094594594594594
24 0.403125 0.20270270270270271 0.4 0.2533783783783784 0.38125 0.28040540540540543 0.38125 0.2939189189189189 0.39375 0.2905405405405405 0.403125 0.3108108108108108 0.4125 0.30067567567567566 0.4203125 0.27702702702702703 0.4171875 0.26013513513513514 0.421875 0.25675675675675674 0.4171875 0.2533783783783784 0.40625 0.20270270270270271
25 0.49375 0.11486486486486487 0.48125 0.16891891891891891 0.484375 0.17905405405405406 0.5015625 0.17567567567567569 0.5015625 0.13175675675675674 0.496875 0.11486486486486487
5 0.3046875 0 0.1875 0 0.1875 0.09797297297297297 0.203125 0.09797297297297297 0.196875 0.07432432432432433 0.2046875 0.06418918918918919 0.2109375 0.07094594594594594 0.2125 0.0945945945945946 0.2671875 0.0472972972972973 0.2890625 0.013513513513513514 0.3109375 0.013513513513513514 0.3125 0
5 0.98125 0.04391891891891892 0.9640625 0.09121621621621621 0.9546875 0.09121621621621621 0.9421875 0.11486486486486487 0.9328125 0.10135135135135136 0.921875 0.10135135135135136 0.9078125 0.125 0.903125 0.13513513513513514 0.9046875 0.15202702702702703 0.8859375 0.17229729729729729 0.88125 0.22972972972972974 0.8765625 0.23986486486486486 0.9140625 0.2533783783783784 0.93125 0.24662162162162163 0.9515625 0.2635135135135135 0.9734375 0.2635135135135135 0.9984375 0.24662162162162163 0.9984375 0.05067567567567568 0.9859375 0.04391891891891892
45 0.6296875 0.847972972972973 0.61875 0.8682432432432432 0.61875 0.9121621621621622 0.6296875 0.9358108108108109 0.6453125 0.9358108108108109 0.6546875 0.918918918918919 0.659375 0.8918918918918919 0.65625 0.8648648648648649 0.64375 0.847972972972973
84 0.72109375 0.8141891891891891 0.6984375 0.8243243243243243 0.6875 0.8581081081081081 0.6921875 0.9121621621621622 0.7125 0.9391891891891891 0.7390625 0.9290540540540541 0.74375 0.8783783783783784 0.7484375 0.8716216216216216 0.7421875 0.8344594594594594 0.73125 0.8141891891891891
68 0.11421875 0.1546283783783784 0.1481875 0.3092567567567568
64 0.508015625 0.4129054054054054 0.08034375 0.010675675675675676
42 0.507703125 0.3975337837837838 0.07971875 0.017364864864864864
1 0.16346875 0.2752702702702703 0.014218749999999999 0.04010135135135135
83 0.172734375 0.2632432432432433 0.009265625 0.026722972972972974
82 0.18756250000000002 0.26256756756756755 0.015453125000000002 0.03341216216216216
2 0.18076562499999999 0.2752702702702703 0.014218749999999999 0.021385135135135135
66 0.117109375 0.1743918918918919 0.017921875 0.03341216216216216
49 0.084359375 0.15766891891891893 0.0166875 0.03472972972972973
67 0.11371875000000001 0.13496621621621624 0.013593749999999998 0.03472972972972973
29 0.070765625 0.051452702702702705 0.017921875 0.03875
30 0.060875 0.020033783783783784 0.014218749999999999 0.04010135135135135