97 0.5 0.4638888888888889 0.4859375 0.5166666666666667 0.4921875 0.5333333333333333 0.4734375 0.6055555555555555 0.4828125 0.6194444444444445 0.5 0.6111111111111112 0.5140625 0.5805555555555556 0.5171875 0.475 0.509375 0.4638888888888889
63 0.519921875 0.4222222222222222 0.4953125 0.4222222222222222 0.49375 0.43333333333333335 0.5015625 0.46111111111111114 0.5125 0.46111111111111114 0.51875 0.4444444444444444 0.528125 0.44722222222222224 0.528125 0.4222222222222222
63 0.453125 0.28055555555555556 0.4546875 0.3 0.4671875 0.3333333333333333 0.459375 0.36666666666666664 0.4640625 0.38055555555555554 0.553125 0.3861111111111111 0.5671875 0.4083333333333333 0.571875 0.3861111111111111 0.5609375 0.36944444444444446 0.590625 0.325 0.575 0.3194444444444444 0.5484375 0.28888888888888886 0.528125 0.2972222222222222 0.5234375 0.28888888888888886 0.509375 0.2916666666666667 0.49375 0.28055555555555556 0.465625 0.2916666666666667 0.45625 0.28055555555555556
85 0.82421875 0.625 0.803125 0.6333333333333333 0.7859375 0.675 0.7953125 0.7416666666666667 0.809375 0.7611111111111111 0.8203125 0.7638888888888888 0.84375 0.7555555555555555 0.85625 0.7388888888888889 0.8640625 0.7138888888888889 0.8640625 0.6722222222222223 0.85625 0.6472222222222223 0.834375 0.625
5 0.5875 0.11388888888888889 0.5921875 0.13333333333333333 0.5875 0.13055555555555556 0.5734375 0.1527777777777778 0.5484375 0.17222222222222222 0.5328125 0.1638888888888889 0.525 0.18888888888888888 0.5328125 0.2 0.5625 0.2 0.565625 0.2111111111111111 0.5078125 0.2222222222222222 0.4984375 0.24444444444444444 0.5 0.2777777777777778 0.53125 0.29444444444444445 0.55 0.2861111111111111 0.5765625 0.31666666666666665 0.5890625 0.3138888888888889 0.5765625 0.30833333333333335 0.578125 0.2861111111111111 0.5953125 0.2222222222222222 0.6171875 0.18611111111111112 0.615625 0.17222222222222222 0.6234375 0.17222222222222222 0.6234375 0.1638888888888889 0.590625 0.15 0.5875 0.14166666666666666 0.59375 0.1361111111111111 0.5953125 0.11388888888888889
5 0.27608173076923076 0 0.1765625 0 0.1765625 0.019444444444444445 0.19375 0.030555555555555555 0.2125 0.06388888888888888 0.2625 0.06388888888888888 0.28125 0.044444444444444446 0.284375 0
25 0.7265625 0.925 0.709375 0.9416666666666667 0.7046875 0.9583333333333334 0.7 0.9583333333333334 0.6921875 0.9305555555555556 0.6875 0.9305555555555556 0.6828125 0.9416666666666667 0.684375 0.9972222222222222 0.7875 0.9972222222222222 0.79375 0.9833333333333333 0.79375 0.9666666666666667 0.7859375 0.975 0.778125 0.9583333333333334 0.778125 0.9361111111111111 0.7671875 0.9277777777777778 0.7328125 0.925
68 0.08984375 0.15694444444444444 0.1796875 0.3138888888888889
64 0.5111718749999999 0.41602777777777783 0.0970625 0.007666666666666666
42 0.51015625 0.4013888888888889 0.0953125 0.013888888888888888
1 0.08896875 0.26075000000000004 0.022640625 0.042166666666666665
50 0.09814062500000001 0.11983333333333333 0.021562500000000002 0.028749999999999998
82 0.085546875 0.0916388888888889 0.019328124999999998 0.030555555555555555
66 0.106671875 0.08972222222222222 0.021484375 0.034361111111111106
29 0.081609375 0.030555555555555555 0.02290625 0.03563888888888889
83 0.084109375 0.010194444444444443 0.027921875000000002 0.02036111111111111
45 0.6609375 0.8472222222222222 0.6453125 0.8694444444444445 0.64375 0.9055555555555556 0.659375 0.9333333333333333 0.678125 0.9333333333333333 0.6921875 0.9027777777777778 0.6921875 0.875 0.68125 0.8527777777777777 0.671875 0.8472222222222222