56 0.447265625 0.3969594594594595 0.118484375 0.13513513513513514
97 0.496875 0.4594594594594595 0.490625 0.4797297297297297 0.4875 0.527027027027027 0.478125 0.5574324324324325 0.484375 0.5743243243243243 0.48125 0.6013513513513513 0.4875 0.625 0.5046875 0.6182432432432432 0.5171875 0.5912162162162162 0.5125 0.5506756756756757 0.5171875 0.5304054054054054 0.5109375 0.5202702702702703 0.5078125 0.47297297297297297 0.5015625 0.4594594594594595
21 0.73125 0.27364864864864863 0.7234375 0.3141891891891892 0.7078125 0.30067567567567566 0.690625 0.3310810810810811 0.69375 0.35135135135135137 0.703125 0.3614864864864865 0.7046875 0.3918918918918919 0.73125 0.3277027027027027 0.734375 0.27364864864864863
37 0.903125 0.22972972972972974 0.8890625 0.24662162162162163 0.8765625 0.23648648648648649 0.8625 0.30405405405405406 0.853125 0.31756756756756754 0.8328125 0.3141891891891892 0.83125 0.3277027027027027 0.85 0.33783783783783783 0.85625 0.3614864864864865 0.8796875 0.3547297297297297 0.8859375 0.3277027027027027 0.8796875 0.30743243243243246 0.8828125 0.27702702702702703 0.89375 0.2533783783783784 0.903125 0.25 0.90625 0.22972972972972974
86 0.8546875 0.5236486486486487 0.8296875 0.5371621621621622 0.8203125 0.5878378378378378 0.8234375 0.6182432432432432 0.8515625 0.6621621621621622 0.8703125 0.652027027027027 0.884375 0.6081081081081081 0.88125 0.5574324324324325 0.8625 0.5236486486486487
85 0.76796875 0.625 0.7453125 0.6385135135135135 0.734375 0.6790540540540541 0.7421875 0.7432432432432432 0.7625 0.7668918918918919 0.7828125 0.7567567567567568 0.8 0.7094594594594594 0.79375 0.6486486486486487 0.7765625 0.625
91 0.9328125 0.46959459459459457 0.9265625 0.48986486486486486 0.9296875 0.5878378378378378 0.9546875 0.6452702702702703 0.9578125 0.6790540540540541 0.9375 0.706081081081081 0.928125 0.8074324324324325 0.9 0.8243243243243243 0.896875 0.847972972972973 0.884375 0.8783783783783784 0.8890625 0.8918918918918919 0.884375 0.902027027027027 0.890625 0.9054054054054054 0.8859375 0.9155405405405406 0.8921875 0.9358108108108109 0.8890625 0.956081081081081 0.9109375 0.9864864864864865 0.9515625 0.9864864864864865 0.9671875 0.9695945945945946 0.953125 0.9628378378378378 0.96875 0.9493243243243243 0.9734375 0.9222972972972973 0.965625 0.8614864864864865 0.9671875 0.8378378378378378 0.9984375 0.7837837837837838 0.9984375 0.5777027027027027 0.9828125 0.625 0.9640625 0.625 0.95625 0.6013513513513513 0.9703125 0.6013513513513513 0.9515625 0.5675675675675675 0.946875 0.4966216216216216 0.9359375 0.46959459459459457
91 0.559375 0.057432432432432436 0.5390625 0.09121621621621621 0.5390625 0.10135135135135136 0.5546875 0.125 0.578125 0.13175675675675674 0.6046875 0.10135135135135136 0.596875 0.060810810810810814 0.5609375 0.057432432432432436
45 0.63125 0.8445945945945946 0.6171875 0.8716216216216216 0.6171875 0.9087837837837838 0.63125 0.9324324324324325 0.6453125 0.9324324324324325 0.65625 0.9121621621621622 0.659375 0.8885135135135135 0.6546875 0.8581081081081081 0.64375 0.8445945945945946
23 0.45990624999999996 0.2760810810810811 0.08051562500000001 0.014054054054054054
40 0.4576875 0.2632432432432433 0.08203125 0.019695945945945946
64 0.5062656249999999 0.4193918918918919 0.078890625 0.008783783783783784
42 0.505859375 0.40618243243243246 0.078078125 0.021114864864864864
40 0.505859375 0.3842905405405405 0.079421875 0.02533783783783784
40 0.733078125 0.20412162162162162 0.078125 0.019695945945945946
40 0.9016875000000001 0.14780405405405406 0.07421875 0.02533783783783784
68 0.11385937500000001 0.16003378378378377 0.149640625 0.3200337837837838
66 0.143140625 0.05364864864864865 0.014640624999999999 0.03692567567567567
1 0.139890625 0.03516891891891892 0.009765625 0.0316554054054054
29 0.15045312500000002 0.0360472972972973 0.011390625 0.03341216216216216
49 0.1598125 0.0360472972972973 0.015453125000000002 0.02287162162162162
30 0.1655 0.01581081081081081 0.018703125 0.0316554054054054