5 0.178125 0.25555555555555554 0.1703125 0.275 0.175 0.2972222222222222 0.1703125 0.3111111111111111 0.078125 0.325 0.090625 0.3416666666666667 0.09375 0.325 0.121875 0.3333333333333333 0.134375 0.325 0.14375 0.3388888888888889 0.1703125 0.3388888888888889 0.1734375 0.325 0.1953125 0.325 0.2015625 0.33055555555555555 0.196875 0.35555555555555557 0.0515625 0.35833333333333334 0.0453125 0.37222222222222223 0.046875 0.3861111111111111 0.034375 0.3861111111111111 0.046875 0.3888888888888889 0.0421875 0.40555555555555556 0 0.4027777777777778 0 0.6222222222222222 0.0140625 0.6194444444444445 0.025 0.6027777777777777 0.0484375 0.5972222222222222 0.0640625 0.575 0.0828125 0.5666666666666667 0.0828125 0.5083333333333333 0.09375 0.49166666666666664 0.1109375 0.5055555555555555 0.121875 0.5361111111111111 0.1421875 0.48333333333333334 0.1578125 0.48055555555555557 0.1640625 0.46944444444444444 0.1984375 0.5055555555555555 0.2171875 0.5361111111111111 0.2203125 0.5583333333333333 0.2296875 0.5583333333333333 0.2578125 0.5305555555555556 0.2671875 0.5111111111111111 0.278125 0.5083333333333333 0.2796875 0.41944444444444445 0.2640625 0.4027777777777778 0.2234375 0.2972222222222222 0.2171875 0.2972222222222222 0.215625 0.3194444444444444 0.1890625 0.30277777777777776 0.1859375 0.2833333333333333 0.19375 0.2777777777777778 0.1890625 0.25555555555555554
97 0.09375 0.49444444444444446 0.0859375 0.5083333333333333 0.0859375 0.5666666666666667 0.0640625 0.575 0.0703125 0.5805555555555556 0.06875 0.5972222222222222 0.096875 0.575 0.1 0.6027777777777777 0.1109375 0.6305555555555555 0.1296875 0.6388888888888888 0.1375 0.625 0.1359375 0.5944444444444444 0.121875 0.5638888888888889 0.125 0.5527777777777778 0.1140625 0.5333333333333333 0.1109375 0.5111111111111111 0.10625 0.5138888888888888 0.0953125 0.49444444444444446
25 0.6109375 0.5555555555555556 0.6078125 0.5666666666666667 0.5984375 0.5638888888888889 0.5671875 0.6083333333333333 0.578125 0.6111111111111112 0.5921875 0.5944444444444444 0.6 0.6194444444444445 0.5875 0.6333333333333333 0.5875 0.6527777777777778 0.60625 0.6722222222222223 0.6140625 0.6694444444444444 0.621875 0.65 0.6234375 0.5972222222222222 0.6171875 0.5805555555555556 0.61875 0.5555555555555556
25 0.715625 0.4222222222222222 0.7 0.44722222222222224 0.6921875 0.4361111111111111 0.7 0.49166666666666664 0.715625 0.5083333333333333 0.73125 0.49722222222222223 0.71875 0.4638888888888889 0.721875 0.4361111111111111 0.7171875 0.4222222222222222
91 0.86875 0.06111111111111111 0.871875 0.07777777777777778 0.8796875 0.075 0.8859375 0.09444444444444444 0.8765625 0.1111111111111111 0.878125 0.14722222222222223 0.9 0.18888888888888888 0.9015625 0.2222222222222222 0.884375 0.28055555555555556 0.8734375 0.23055555555555557 0.8703125 0.23333333333333334 0.8671875 0.31666666666666665 0.8484375 0.41388888888888886 0.8484375 0.4388888888888889 0.85625 0.4583333333333333 0.853125 0.46944444444444444 0.865625 0.4722222222222222 0.8703125 0.4888888888888889 0.9125 0.4888888888888889 0.925 0.48055555555555557 0.934375 0.45555555555555555 0.93125 0.4111111111111111 0.9234375 0.38055555555555554 0.915625 0.38055555555555554 0.9171875 0.3638888888888889 0.9234375 0.3638888888888889 0.928125 0.34444444444444444 0.953125 0.3194444444444444 0.965625 0.28888888888888886 0.9515625 0.29444444444444445 0.9421875 0.25833333333333336 0.928125 0.24722222222222223 0.93125 0.23055555555555557 0.9515625 0.2222222222222222 0.9703125 0.23333333333333334 0.978125 0.23055555555555557 0.9703125 0.225 0.9703125 0.21666666666666667 0.9984375 0.21944444444444444 0.9984375 0.18611111111111112 0.9859375 0.19166666666666668 0.9828125 0.2111111111111111 0.95625 0.20277777777777778 0.9375 0.17222222222222222 0.9515625 0.1388888888888889 0.9296875 0.1361111111111111 0.91875 0.15555555555555556 0.8984375 0.125 0.89375 0.09722222222222222 0.9 0.07777777777777778 0.8953125 0.06388888888888888 0.8765625 0.07222222222222222 0.871875 0.06111111111111111
65 0.2484375 0.03611111111111111 0.234375 0.05 0.2203125 0.05 0.221875 0.075 0.234375 0.09444444444444444 0.2359375 0.10833333333333334 0.2484375 0.1 0.2671875 0.10833333333333334 0.25625 0.09166666666666666 0.2671875 0.075 0.25 0.06666666666666667 0.2453125 0.05277777777777778 0.2515625 0.03611111111111111
85 0.825 0.625 0.8046875 0.6305555555555555 0.7859375 0.675 0.79375 0.7361111111111112 0.821875 0.7583333333333333 0.8515625 0.7444444444444445 0.8640625 0.7027777777777777 0.8640625 0.6805555555555556 0.853125 0.6416666666666667 0.8359375 0.625
64 0.086890625 0.4473888888888889 0.096734375 0.008749999999999999
42 0.08771875 0.43280555555555555 0.096734375 0.020388888888888887
68 0.08853124999999999 0.15519444444444444 0.17706249999999998 0.3104166666666667
1 0.129109375 0.2863611111111111 0.017218749999999998 0.03061111111111111
2 0.146328125 0.28344444444444444 0.020499999999999997 0.03352777777777778
49 0.073359375 0.1522777777777778 0.022125 0.03644444444444444
66 0.079921875 0.13844444444444445 0.018859375 0.02330555555555556
82 0.079921875 0.10930555555555556 0.023765625000000002 0.034972222222222224
30 0.1 0.044444444444444446 0.01803125 0.03644444444444444
29 0.11762500000000001 0.03788888888888889 0.017218749999999998 0.04080555555555555
67 0.13075 0.027694444444444445 0.022125 0.034972222222222224
35 0.16646875 0.29594444444444445 0.02284375 0.036333333333333336
22 0.0108125 0.022444444444444444 0.021640625 0.04486111111111111