97 0.5 0.4638888888888889 0.484375 0.5222222222222223 0.4890625 0.5388888888888889 0.484375 0.6 0.4921875 0.6305555555555555 0.50625 0.6305555555555555 0.5171875 0.6138888888888889 0.5109375 0.5333333333333333 0.5203125 0.5305555555555556 0.5359375 0.5 0.5328125 0.48333333333333334 0.515625 0.4888888888888889 0.5125 0.49722222222222223 0.5046875 0.4638888888888889
65 0.55625 0.6305555555555555 0.5453125 0.6333333333333333 0.534375 0.6583333333333333 0.5046875 0.6972222222222222 0.509375 0.7027777777777777 0.51875 0.6944444444444444 0.5296875 0.7111111111111111 0.5203125 0.7638888888888888 0.5484375 0.7333333333333333 0.559375 0.75 0.571875 0.75 0.5734375 0.7361111111111112 0.584375 0.7277777777777777 0.584375 0.7194444444444444 0.5796875 0.7305555555555555 0.5734375 0.725 0.5765625 0.6666666666666666 0.5625 0.6305555555555555
84 0.7578125 0.8166666666666667 0.7390625 0.8305555555555556 0.7296875 0.8638888888888889 0.734375 0.9083333333333333 0.7578125 0.9333333333333333 0.778125 0.9277777777777778 0.790625 0.9027777777777778 0.79375 0.8833333333333333 0.790625 0.8444444444444444 0.7703125 0.8166666666666667
85 0.82578125 0.625 0.80625 0.6305555555555555 0.7921875 0.6527777777777778 0.784375 0.7055555555555556 0.7953125 0.7444444444444445 0.81875 0.7638888888888888 0.8453125 0.7555555555555555 0.85625 0.7416666666666667 0.8640625 0.7138888888888889 0.8640625 0.6722222222222223 0.85625 0.6472222222222223 0.8359375 0.625
86 0.9296875 0.5222222222222223 0.9 0.5416666666666666 0.8890625 0.5861111111111111 0.8890625 0.6138888888888889 0.8984375 0.6444444444444445 0.9203125 0.6638888888888889 0.9453125 0.6583333333333333 0.9609375 0.6361111111111111 0.9671875 0.6138888888888889 0.965625 0.5611111111111111 0.95625 0.5388888888888889 0.9359375 0.5222222222222223
90 0.6578125 0.1527777777777778 0.6609375 0.15555555555555556 0.65625 0.16944444444444445 0.66875 0.18611111111111112 0.684375 0.19444444444444445 0.6984375 0.21388888888888888 0.696875 0.21944444444444444 0.7328125 0.24444444444444444 0.7359375 0.26944444444444443 0.7640625 0.25833333333333336 0.7875 0.28055555555555556 0.7953125 0.3 0.8328125 0.30833333333333335 0.8015625 0.24722222222222223 0.778125 0.21944444444444444 0.7703125 0.175 0.7609375 0.16111111111111112 0.7484375 0.18611111111111112 0.73125 0.19444444444444445 0.7046875 0.16944444444444445 0.6984375 0.175 0.678125 0.16666666666666666 0.6703125 0.15555555555555556 0.6734375 0.1527777777777778 0.659375 0.1527777777777778
90 0.734375 0.29444444444444445 0.7 0.3333333333333333 0.7 0.43333333333333335 0.69375 0.45 0.6625 0.4861111111111111 0.6671875 0.49166666666666664 0.6734375 0.55 0.678125 0.5472222222222223 0.6890625 0.5611111111111111 0.696875 0.5611111111111111 0.7 0.55 0.703125 0.5583333333333333 0.73125 0.5583333333333333 0.746875 0.5472222222222223 0.75625 0.525 0.753125 0.4861111111111111 0.7359375 0.43333333333333335 0.740625 0.4027777777777778 0.7546875 0.38055555555555554 0.759375 0.35 0.7546875 0.32222222222222224 0.740625 0.3111111111111111 0.7375 0.29444444444444445
5 0.465625 0.07222222222222222 0.428125 0.09722222222222222 0.4140625 0.09722222222222222 0.3671875 0.15 0.3484375 0.22777777777777777 0.3484375 0.2638888888888889 0.3421875 0.28888888888888886 0.346875 0.325 0.365625 0.3416666666666667 0.384375 0.3388888888888889 0.4 0.28888888888888886 0.39375 0.2777777777777778 0.4 0.2361111111111111 0.4140625 0.22777777777777777 0.425 0.2 0.4421875 0.18611111111111112 0.4890625 0.17777777777777778 0.5265625 0.20555555555555555 0.5578125 0.18611111111111112 0.5625 0.14444444444444443 0.559375 0.10833333333333334 0.5359375 0.09166666666666666 0.5171875 0.08888888888888889 0.509375 0.075 0.475 0.08055555555555556 0.4671875 0.07222222222222222
5 0.04375 0.35833333333333334 0.015625 0.3611111111111111 0.0140625 0.36944444444444446 0.0953125 0.37777777777777777 0.115625 0.36944444444444446 0.10625 0.35833333333333334 0.0453125 0.3611111111111111
5 0.05 0.4027777777777778 0.0109375 0.4083333333333333 0.0203125 0.45 0.0078125 0.5222222222222223 0.0796875 0.5444444444444444 0.1390625 0.5444444444444444 0.1625 0.5277777777777778 0.184375 0.49444444444444446 0.1890625 0.45 0.178125 0.40555555555555556 0.053125 0.4027777777777778
64 0.50975 0.41352777777777777 0.10104687500000001 0.008888888888888889
42 0.50875 0.3966388888888889 0.095046875 0.017777777777777778
64 0.56428125 0.5798333333333333 0.096046875 0.014222222222222223
40 0.5622812500000001 0.5682777777777778 0.098046875 0.019555555555555555
68 0.088546875 0.15741666666666668 0.17709375 0.31127777777777776
1 0.1230625 0.2836944444444444 0.022015625 0.04091666666666667
82 0.06153125 0.19741666666666666 0.023015625 0.03202777777777777
66 0.05903125 0.18052777777777776 0.016015625 0.019555555555555555
49 0.051531249999999994 0.08983333333333335 0.013000000000000001 0.030250000000000003
29 0.06153125 0.09783333333333333 0.017015625 0.03913888888888889
30 0.1285625 0.035583333333333335 0.023015625 0.042694444444444445
67 0.1230625 0.012444444444444445 0.014000000000000002 0.02488888888888889