88 0.3921875 0.23333333333333334 0.371875 0.26666666666666666 0.375 0.30833333333333335 0.390625 0.30833333333333335 0.396875 0.34444444444444444 0.4109375 0.3611111111111111 0.4265625 0.35555555555555557 0.4140625 0.33611111111111114 0.415625 0.3277777777777778 0.4234375 0.33611111111111114 0.425 0.3277777777777778 0.434375 0.3277777777777778 0.4375 0.35833333333333334 0.446875 0.37222222222222223 0.4546875 0.4111111111111111 0.478125 0.4388888888888889 0.4671875 0.4166666666666667 0.484375 0.4111111111111111 0.5 0.3888888888888889 0.5 0.37777777777777777 0.4765625 0.3472222222222222 0.4578125 0.3472222222222222 0.4421875 0.3 0.4234375 0.26944444444444443 0.421875 0.25 0.4 0.23333333333333334
25 0.6859375 0.3 0.665625 0.3416666666666667 0.665625 0.31666666666666665 0.6546875 0.31666666666666665 0.640625 0.33611111111111114 0.6265625 0.33611111111111114 0.6421875 0.3527777777777778 0.640625 0.37777777777777777 0.6703125 0.41388888888888886 0.703125 0.4027777777777778 0.71875 0.3611111111111111 0.73125 0.34444444444444444 0.721875 0.3138888888888889 0.7125 0.30833333333333335 0.7046875 0.3277777777777778 0.6921875 0.3277777777777778 0.6875 0.30277777777777776
24 0.265625 0.2388888888888889 0.2546875 0.24166666666666667 0.25 0.25555555555555554 0.2515625 0.2777777777777778 0.25625 0.28055555555555556 0.253125 0.3055555555555556 0.2671875 0.33611111111111114 0.278125 0.3277777777777778 0.3 0.28055555555555556 0.296875 0.25 0.290625 0.2388888888888889 0.2671875 0.2388888888888889
91 0.4546875 0.05277777777777778 0.45 0.06944444444444445 0.4421875 0.06944444444444445 0.4359375 0.05555555555555555 0.4265625 0.058333333333333334 0.4265625 0.10277777777777777 0.428125 0.11388888888888889 0.44375 0.11388888888888889 0.4453125 0.1527777777777778 0.4390625 0.16944444444444445 0.45625 0.19166666666666668 0.4421875 0.2111111111111111 0.446875 0.24722222222222223 0.4625 0.26666666666666666 0.4828125 0.2722222222222222 0.5171875 0.24444444444444444 0.515625 0.21944444444444444 0.5 0.18888888888888888 0.4953125 0.16111111111111112 0.5 0.05555555555555555 0.4578125 0.05277777777777778
5 0.90625 0 0.8828125 0 0.8671875 0.019444444444444445 0.859375 0.044444444444444446 0.8453125 0.05555555555555555 0.8296875 0.05555555555555555 0.8109375 0.07222222222222222 0.8140625 0.1111111111111111 0.8265625 0.1638888888888889 0.8421875 0.18611111111111112 0.8671875 0.19722222222222222 0.9984375 0.2 0.9984375 0.08888888888888889 0.9234375 0.08333333333333333 0.915625 0.06666666666666667 0.9140625 0
5 0.853125 0.7805555555555556 0.8484375 0.7888888888888889 0.8453125 0.7833333333333333 0.8375 0.8027777777777778 0.8296875 0.8027777777777778 0.8234375 0.8166666666666667 0.825 0.8277777777777777 0.8109375 0.8388888888888889 0.8109375 0.8694444444444445 0.8015625 0.8833333333333333 0.7953125 0.925 0.7859375 0.9444444444444444 0.7828125 0.9416666666666667 0.7796875 0.9972222222222222 0.81875 0.9972222222222222 0.821875 0.9888888888888889 0.828125 0.9333333333333333 0.84375 0.9 0.84375 0.8833333333333333 0.859375 0.8388888888888889 0.853125 0.825 0.8578125 0.7805555555555556
5 0.0625 0.8 0.0625 0.825 0.06875 0.8333333333333334 0.0640625 0.8638888888888889 0.053125 0.8527777777777777 0.053125 0.8305555555555556 0.0515625 0.85 0.040625 0.8305555555555556 0.0359375 0.85 0.025 0.8527777777777777 0.021875 0.8972222222222223 0 0.8916666666666667 0 0.9138888888888889 0.0046875 0.9111111111111111 0.0140625 0.9277777777777778 0 0.9527777777777777 0 0.9972222222222222 0.2296875 0.9972222222222222 0.2296875 0.9694444444444444 0.2125 0.975 0.2 0.9416666666666667 0.1875 0.95 0.18125 0.9027777777777778 0.16875 0.9222222222222223 0.15 0.8777777777777778 0.1421875 0.8833333333333333 0.140625 0.8972222222222223 0.134375 0.8972222222222223 0.125 0.8444444444444444 0.1078125 0.8444444444444444 0.0890625 0.8 0.078125 0.8 0.0734375 0.8111111111111111 0.0640625 0.8
86 0.9338541666666667 0.525 0.909375 0.5305555555555556 0.896875 0.5472222222222223 0.890625 0.5722222222222222 0.8953125 0.6194444444444445 0.91875 0.6472222222222223 0.94375 0.6361111111111111 0.9671875 0.5888888888888889 0.965625 0.5638888888888889 0.9578125 0.5416666666666666 0.9421875 0.525
85 0.82578125 0.625 0.8015625 0.6361111111111111 0.7875 0.6666666666666666 0.7890625 0.7138888888888889 0.7953125 0.7361111111111112 0.80625 0.7472222222222222 0.8265625 0.75 0.840625 0.7361111111111112 0.853125 0.7444444444444445 0.8640625 0.7166666666666667 0.8609375 0.6611111111111111 0.853125 0.6416666666666667 0.834375 0.625
84 0.7734375 0.8111111111111111 0.7484375 0.8194444444444444 0.73125 0.8527777777777777 0.73125 0.8916666666666667 0.7453125 0.9277777777777778 0.7703125 0.9333333333333333 0.7859375 0.9194444444444444 0.79375 0.9 0.7984375 0.8555555555555555 0.79375 0.825 0.778125 0.8111111111111111
45 0.6609375 0.8472222222222222 0.646875 0.8638888888888889 0.6421875 0.9 0.6546875 0.9305555555555556 0.6671875 0.9361111111111111 0.68125 0.9305555555555556 0.69375 0.8944444444444445 0.6890625 0.8638888888888889 0.6734375 0.8472222222222222
68 0.088484375 0.15830555555555556 0.17696875 0.3125833333333333
64 0.39525 0.15180555555555555 0.09759375 0.008666666666666666
40 0.39525 0.13447222222222222 0.095640625 0.019083333333333334
1 0.142328125 0.2896388888888889 0.017109375 0.033805555555555554
82 0.13946875 0.26202777777777775 0.019015625 0.03719444444444445
83 0.158484375 0.26541666666666663 0.02028125 0.03944444444444444
49 0.07860937500000001 0.25075 0.021546875 0.034944444444444445
94 0.05071875 0.09297222222222222 0.021546875 0.03269444444444444
66 0.04215625 0.058611111111111114 0.0221875 0.036055555555555556
29 0.043109375 0.021416666666666667 0.022828124999999998 0.033805555555555554