5 0.4765625 0.4222222222222222 0.46875 0.42777777777777776 0.459375 0.4527777777777778 0.4609375 0.49444444444444446 0.45 0.5166666666666667 0.434375 0.5083333333333333 0.428125 0.5333333333333333 0.4140625 0.5472222222222223 0.40625 0.6055555555555555 0.3921875 0.6111111111111112 0.3859375 0.625 0.375 0.625 0.3765625 0.65 0.36875 0.6722222222222223 0.4015625 0.7138888888888889 0.4 0.7444444444444445 0.4421875 0.775 0.4796875 0.7666666666666667 0.49375 0.75 0.5171875 0.7472222222222222 0.5515625 0.6833333333333333 0.559375 0.6833333333333333 0.5609375 0.6333333333333333 0.5703125 0.5916666666666667 0.571875 0.5583333333333333 0.565625 0.5333333333333333 0.5671875 0.5083333333333333 0.5625 0.5 0.5640625 0.45 0.55625 0.425 0.5078125 0.4222222222222222 0.5125 0.4222222222222222 0.5140625 0.43333333333333335 0.5015625 0.4388888888888889 0.4984375 0.4222222222222222 0.4828125 0.4222222222222222
97 0.4984375 0.5333333333333333 0.053125 0.15
5 0.871875 0.3472222222222222 0.8609375 0.37222222222222223 0.8578125 0.3611111111111111 0.84375 0.36944444444444446 0.8296875 0.4 0.825 0.3888888888888889 0.815625 0.3888888888888889 0.7859375 0.4222222222222222 0.79375 0.5083333333333333 0.8015625 0.5277777777777778 0.8828125 0.5111111111111111 0.98125 0.5194444444444445 0.9828125 0.5277777777777778 0.9984375 0.5305555555555556 0.9984375 0.4361111111111111 0.96875 0.4361111111111111 0.9453125 0.3888888888888889 0.9375 0.3527777777777778 0.93125 0.35 0.915625 0.36944444444444446 0.9078125 0.35555555555555557 0.890625 0.35555555555555557 0.8828125 0.3638888888888889 0.8765625 0.3472222222222222
26 0.2265625 0.525 0.215625 0.5416666666666666 0.2140625 0.5277777777777778 0.203125 0.5361111111111111 0.2 0.5888888888888889 0.20625 0.6055555555555555 0.1921875 0.6194444444444445 0.196875 0.6666666666666666 0.2046875 0.6388888888888888 0.2265625 0.6638888888888889 0.234375 0.6555555555555556 0.2390625 0.6333333333333333 0.2546875 0.6611111111111111 0.2609375 0.6472222222222223 0.2625 0.6138888888888889 0.253125 0.5972222222222222 0.271875 0.5527777777777778 0.2609375 0.55 0.259375 0.525 0.2515625 0.5416666666666666 0.24375 0.525 0.2390625 0.5388888888888889 0.2296875 0.525
45 0.665625 0.8444444444444444 0.646875 0.8638888888888889 0.6421875 0.9 0.6546875 0.9305555555555556 0.678125 0.9333333333333333 0.6890625 0.9166666666666666 0.69375 0.8777777777777778 0.6828125 0.8527777777777777 0.66875 0.8444444444444444
68 0.09025 0.15933333333333333 0.1805 0.31866666666666665
64 0.5100781249999999 0.4157222222222222 0.098109375 0.01186111111111111
42 0.5101718749999999 0.39777777777777773 0.09526562499999999 0.015611111111111112
1 0.12506250000000002 0.28733333333333333 0.019234375 0.035194444444444445
82 0.13193749999999999 0.27852777777777776 0.018687500000000003 0.029305555555555557
66 0.11709375 0.25655555555555554 0.021984375 0.034194444444444444
49 0.07943750000000001 0.25555555555555554 0.02034375 0.03811111111111111
29 0.061921875 0.07127777777777777 0.0238125 0.035277777777777776
30 0.042859375 0.01975 0.020640625000000003 0.0395