97 0.265625 0.35135135135135137 0.2671875 0.42567567567567566 0.2640625 0.4527027027027027 0.2515625 0.47635135135135137 0.259375 0.49324324324324326 0.2890625 0.48986486486486486 0.29375 0.46959459459459457 0.284375 0.42905405405405406 0.28125 0.38175675675675674 0.2671875 0.35135135135135137
65 0.27604687499999997 0.3125 0.072921875 0.11824324324324324
5 0.16875 0.5574324324324325 0.1609375 0.5844594594594594 0.15 0.5743243243243243 0.134375 0.5878378378378378 0.128125 0.6216216216216216 0.1125 0.6486486486486487 0.109375 0.6891891891891891 0.1234375 0.7263513513513513 0.125 0.7533783783783784 0.140625 0.7804054054054054 0.159375 0.793918918918919 0.21875 0.8074324324324325 0.2328125 0.75 0.2546875 0.7094594594594594 0.2546875 0.6554054054054054 0.2359375 0.6148648648648649 0.221875 0.6216216216216216 0.215625 0.597972972972973 0.1890625 0.5743243243243243 0.1765625 0.5777027027027027 0.171875 0.5641891891891891
5 0.67265625 0.08108108108108109 0.6640625 0.08108108108108109 0.6578125 0.10135135135135136 0.646875 0.08783783783783784 0.64375 0.125 0.6265625 0.16891891891891891 0.6296875 0.20270270270270271 0.6390625 0.2195945945945946 0.6390625 0.23310810810810811 0.65625 0.2533783783783784 0.6796875 0.23648648648648649 0.6875 0.19256756756756757 0.7203125 0.1891891891891892 0.725 0.17229729729729729 0.7234375 0.14189189189189189 0.7109375 0.12162162162162163 0.7078125 0.09121621621621621 0.68125 0.08108108108108109
84 0.7203125 0.8141891891891891 0.696875 0.8277027027027027 0.6890625 0.8547297297297297 0.69375 0.9087837837837838 0.7140625 0.9324324324324325 0.73125 0.9256756756756757 0.7453125 0.8716216216216216 0.740625 0.8344594594594594 0.728125 0.8141891891891891
85 0.75625 0.6283783783783784 0.740625 0.6554054054054054 0.7375 0.6756756756756757 0.7421875 0.7162162162162162 0.7515625 0.7331081081081081 0.7734375 0.7263513513513513 0.7875 0.7027027027027027 0.784375 0.6554054054054054 0.7609375 0.6283783783783784
86 0.85625 0.5236486486486487 0.8359375 0.527027027027027 0.828125 0.543918918918919 0.821875 0.5945945945945946 0.828125 0.625 0.8484375 0.6452702702702703 0.8515625 0.6621621621621622 0.8703125 0.652027027027027 0.884375 0.6114864864864865 0.88125 0.5574324324324325 0.8640625 0.5236486486486487
98 0.9140625 0.40540540540540543 0.9109375 0.4358108108108108 0.91875 0.47635135135135137 0.9109375 0.5135135135135135 0.915625 0.5135135135135135 0.9421875 0.42567567567567566 0.9390625 0.41216216216216217 0.9203125 0.4155405405405405 0.915625 0.40540540540540543
25 0.9859375 0.5506756756756757 0.9765625 0.5777027027027027 0.959375 0.597972972972973 0.946875 0.5945945945945946 0.9453125 0.6081081081081081 0.959375 0.6486486486486487 0.975 0.6621621621621622 0.9796875 0.6993243243243243 0.99375 0.7128378378378378 0.9984375 0.7094594594594594 0.9984375 0.5675675675675675 0.9859375 0.5675675675675675
25 0.975 0.847972972972973 0.9703125 0.8614864864864865 0.9546875 0.8513513513513513 0.9296875 0.8952702702702703 0.946875 0.8851351351351351 0.9515625 0.8918918918918919 0.95625 0.9358108108108109 0.9859375 0.9358108108108109 0.990625 0.9121621621621622 0.9796875 0.875 0.9796875 0.847972972972973
26 0.6453125 0.43243243243243246 0.6234375 0.46959459459459457 0.6125 0.5135135135135135 0.63125 0.5608108108108109 0.653125 0.5709459459459459 0.6703125 0.5337837837837838 0.6921875 0.5304054054054054 0.715625 0.5067567567567568 0.6734375 0.5168918918918919 0.6578125 0.49324324324324326 0.6609375 0.46283783783783783 0.64375 0.4594594594594595 0.65 0.44256756756756754 0.646875 0.43243243243243246
15 0.2796875 0 0.271875 0 0.25625 0.04054054054054054 0.2515625 0.07094594594594594 0.2453125 0.06756756756756757 0.2421875 0.04054054054054054 0.234375 0.04054054054054054 0.2234375 0.060810810810810814 0.23125 0.06418918918918919 0.234375 0.0777027027027027 0.253125 0.0777027027027027 0.2703125 0.10810810810810811 0.275 0.0945945945945946 0.3015625 0.08445945945945946 0.325 0.13175675675675674 0.3453125 0.12837837837837837 0.3453125 0.08445945945945946 0.3796875 0.09797297297297297 0.3984375 0.07094594594594594 0.3890625 0.05405405405405406 0.3421875 0.057432432432432436 0.334375 0.037162162162162164 0.309375 0.033783783783783786 0.3015625 0.02702702702702703 0.3015625 0.016891891891891893 0.2890625 0.02027027027027027 0.2875 0
64 0.26765625000000004 0.30834459459459457 0.07840625 0.01168918918918919
42 0.26887500000000003 0.2928040540540541 0.079421875 0.016891891891891893
64 0.26934375 0.2148310810810811 0.076375 0.01168918918918919
40 0.26865625 0.20094594594594595 0.075015625 0.01608108108108108
64 0.9562968749999999 0.35307432432432434 0.079296875 0.009222972972972972
41 0.9541718749999999 0.3401689189189189 0.078453125 0.01658783783783784