97 0.5015625 0.46283783783783783 0.4890625 0.5168918918918919 0.49375 0.5337837837837838 0.4875 0.5608108108108109 0.496875 0.5641891891891891 0.5 0.5777027027027027 0.484375 0.581081081081081 0.4875 0.6216216216216216 0.5015625 0.6216216216216216 0.5109375 0.5878378378378378 0.5140625 0.5202702702702703 0.5046875 0.46283783783783783
65 0.524734375 0.4068243243243243 0.0703125 0.1266891891891892
37 0.45390625 0.4560810810810811 0.4421875 0.4594594594594595 0.4359375 0.5236486486486487 0.4265625 0.5304054054054054 0.4375 0.597972972972973 0.4546875 0.597972972972973 0.4578125 0.581081081081081 0.45625 0.5675675675675675 0.4625 0.5540540540540541 0.4578125 0.5033783783783784 0.4625 0.4560810810810811
21 0.451828125 0.4152702702702703 0.080734375 0.16047297297297297
98 0.9264374999999999 0.12949324324324324 0.06640625 0.11260135135135134
56 0.6015625 0.33783783783783783 0.58125 0.3581081081081081 0.60625 0.38175675675675674 0.6125 0.3952702702702703 0.609375 0.39864864864864863 0.6328125 0.41216216216216217 0.640625 0.38513513513513514 0.6640625 0.3885135135135135 0.659375 0.3783783783783784 0.6296875 0.36824324324324326 0.609375 0.33783783783783783
76 0.69375 0 0.684375 0 0.665625 0.060810810810810814 0.6515625 0.06756756756756757 0.65 0.11148648648648649 0.6375 0.16554054054054054 0.6421875 0.17567567567567569 0.65 0.17229729729729729 0.646875 0.16216216216216217 0.6515625 0.15878378378378377 0.6625 0.17905405405405406 0.665625 0.2195945945945946 0.69375 0.2668918918918919 0.709375 0.28040540540540543 0.759375 0.30743243243243246 0.7828125 0.3310810810810811 0.8171875 0.3141891891891892 0.8171875 0.28378378378378377 0.809375 0.25675675675675674 0.8203125 0.23648648648648649 0.815625 0.21283783783783783 0.81875 0.1891891891891892 0.825 0.1858108108108108 0.828125 0.16891891891891891 0.8390625 0.16554054054054054 0.8390625 0.18243243243243243 0.853125 0.18243243243243243 0.85625 0.17229729729729729 0.8453125 0.16891891891891891 0.8421875 0.1554054054054054 0.825 0.16554054054054054 0.80625 0.14189189189189189 0.8 0.12837837837837837 0.8046875 0.08445945945945946 0.8015625 0.060810810810810814 0.7953125 0.05405405405405406 0.7984375 0.0472972972972973 0.7109375 0.037162162162162164 0.7109375 0.006756756756756757 0.703125 0
69 0.8359375 0.14864864864864866 0.8203125 0.19932432432432431 0.81875 0.22297297297297297 0.8296875 0.25 0.8296875 0.28040540540540543 0.81875 0.30743243243243246 0.8140625 0.3344594594594595 0.8171875 0.34121621621621623 0.8265625 0.34121621621621623 0.840625 0.31756756756756754 0.8453125 0.28716216216216217 0.871875 0.27364864864864863 0.8640625 0.2668918918918919 0.8625 0.2533783783783784 0.8703125 0.23986486486486486 0.8734375 0.19594594594594594 0.840625 0.14864864864864866
64 0.508296875 0.41135135135135137 0.08184375 0.012432432432432434
42 0.5078125 0.3969594594594595 0.078125 0.022533783783783783
40 0.451828125 0.3744256756756757 0.078125 0.022533783783783783
23 0.6224375 0.2623310810810811 0.08040625 0.015506756756756756
40 0.623046875 0.24635135135135136 0.076828125 0.02533783783783784
40 0.4576875 0.29702702702702705 0.079421875 0.019695945945945946
64 0.5133125 0.28250000000000003 0.08040625 0.012432432432432434
40 0.51628125 0.2716891891891892 0.08203125 0.019695945945945946
78 0.43075 0.40668918918918917 0.047390625 0.02793918918918919
92 0.41875 0.6114864864864865 0.3921875 0.6182432432432432 0.365625 0.6486486486486487 0.3625 0.6790540540540541 0.35625 0.6824324324324325 0.35625 0.7162162162162162 0.3734375 0.7668918918918919 0.3984375 0.7837837837837838 0.4234375 0.7804054054054054 0.415625 0.777027027027027 0.4375 0.7635135135135135 0.45 0.7331081081081081 0.45625 0.7364864864864865 0.4609375 0.706081081081081 0.4578125 0.6655405405405406 0.4421875 0.6283783783783784 0.4203125 0.6148648648648649