97 0.5 0.46621621621621623 0.4890625 0.5135135135135135 0.49375 0.5304054054054054 0.4765625 0.6081081081081081 0.48125 0.6148648648648649 0.5 0.6081081081081081 0.5078125 0.5878378378378378 0.5109375 0.5506756756756757 0.5234375 0.5304054054054054 0.53125 0.5304054054054054 0.5296875 0.5067567567567568 0.515625 0.5304054054054054 0.5109375 0.527027027027027 0.5125 0.5 0.50625 0.46621621621621623
24 0.5609375 0.5067567567567568 0.5390625 0.5540540540540541 0.5453125 0.5878378378378378 0.571875 0.5777027027027027 0.5875 0.5371621621621622 0.5890625 0.5202702702702703 0.5703125 0.5067567567567568
24 0.6453125 0.3581081081081081 0.6359375 0.3783783783783784 0.634375 0.4358108108108108 0.640625 0.44594594594594594 0.6671875 0.4391891891891892 0.675 0.4222972972972973 0.65625 0.4155405405405405 0.6609375 0.375 0.6546875 0.3581081081081081
24 0.4734375 0.652027027027027 0.4625 0.6790540540540541 0.4484375 0.6891891891891891 0.45 0.7398648648648649 0.4734375 0.722972972972973 0.478125 0.7297297297297297 0.4765625 0.75 0.48125 0.7466216216216216 0.503125 0.6722972972972973 0.484375 0.652027027027027
24 0.3671875 0.8175675675675675 0.34375 0.8682432432432432 0.340625 0.8885135135135135 0.3453125 0.9155405405405406 0.3578125 0.8986486486486487 0.3671875 0.9121621621621622 0.36875 0.9290540540540541 0.3921875 0.8547297297297297 0.3921875 0.8378378378378378 0.36875 0.8175675675675675
25 0.7015625 0.27364864864864863 0.6875 0.30405405405405406 0.6703125 0.32094594594594594 0.68125 0.32432432432432434 0.68125 0.34121621621621623 0.6890625 0.3614864864864865 0.7046875 0.35135135135135137 0.7078125 0.3108108108108108 0.703125 0.27702702702702703
25 0.7546875 0.1891891891891892 0.74375 0.20608108108108109 0.7421875 0.24662162162162163 0.7484375 0.26013513513513514 0.75625 0.26013513513513514 0.7609375 0.24324324324324326 0.775 0.24662162162162163 0.75625 0.1891891891891892
25 0.7953125 0.09797297297297297 0.8 0.16554054054054054 0.8109375 0.17229729729729729 0.8171875 0.1554054054054054 0.825 0.16554054054054054 0.81875 0.14189189189189189 0.81875 0.10135135135135136 0.8015625 0.09797297297297297
85 0.76875 0.625 0.7453125 0.6385135135135135 0.7359375 0.6790540540540541 0.7421875 0.722972972972973 0.759375 0.75 0.7859375 0.7432432432432432 0.7984375 0.6993243243243243 0.79375 0.6554054054054054 0.7765625 0.625
90 0.1140625 0.6418918918918919 0.109375 0.6452702702702703 0.115625 0.6486486486486487 0.109375 0.6587837837837838 0.121875 0.6655405405405406 0.125 0.6486486486486487 0.13125 0.6554054054054054 0.140625 0.6959459459459459 0.1375 0.7195945945945946 0.1421875 0.722972972972973 0.1296875 0.7263513513513513 0.13125 0.7567567567567568 0.09375 0.8378378378378378 0.103125 0.8885135135135135 0.121875 0.9256756756756757 0.1171875 0.9966216216216216 0.215625 0.9966216216216216 0.2171875 0.8986486486486487 0.2046875 0.8412162162162162 0.1953125 0.847972972972973 0.1953125 0.8614864864864865 0.2046875 0.875 0.2078125 0.902027027027027 0.196875 0.8885135135135135 0.190625 0.8885135135135135 0.190625 0.8986486486486487 0.18125 0.8885135135135135 0.1734375 0.8986486486486487 0.1640625 0.8851351351351351 0.1625 0.8682432432432432 0.1734375 0.847972972972973 0.15625 0.8040540540540541 0.159375 0.7364864864864865 0.15 0.6655405405405406 0.1375 0.6418918918918919 0.1140625 0.6452702702702703
5 0.4890625 0.04391891891891892 0.4640625 0.060810810810810814 0.2890625 0.06418918918918919 0.2546875 0.09797297297297297 0.2828125 0.1858108108108108 0.2953125 0.18243243243243243 0.3109375 0.22297297297297297 0.3265625 0.22297297297297297 0.3578125 0.24662162162162163 0.409375 0.17905405405405406 0.4859375 0.11148648648648649 0.4984375 0.08445945945945946 0.496875 0.04391891891891892
5 0.0171875 0.34797297297297297 0 0.375 0 0.5405405405405406 0.0125 0.543918918918919 0.0375 0.527027027027027 0.0390625 0.5168918918918919 0.0796875 0.5371621621621622 0.0984375 0.5168918918918919 0.121875 0.5101351351351351 0.1296875 0.47635135135135137 0.121875 0.41216216216216217 0.078125 0.40202702702702703 0.0640625 0.3716216216216216 0.0359375 0.3716216216216216 0.0203125 0.3547297297297297
5 0.9953125 0.7027027027027027 0.984375 0.7195945945945946 0.9828125 0.7466216216216216 0.9734375 0.7567567567567568 0.9578125 0.8108108108108109 0.9390625 0.8141891891891891 0.921875 0.8581081081081081 0.9140625 0.8175675675675675 0.90625 0.8209459459459459 0.8890625 0.9391891891891891 0.8890625 0.9695945945945946 0.8984375 0.9966216216216216 0.9984375 0.9966216216216216 0.9984375 0.7027027027027027
5 0.56328125 0 0.54375 0.010135135135135136 0.5453125 0.02702702702702703 0.5328125 0.0472972972972973 0.5109375 0.05405405405405406 0.5125 0.07094594594594594 0.55 0.125 0.571875 0.11486486486486487 0.584375 0.08108108108108109 0.584375 0.0472972972972973 0.5734375 0
64 0.508046875 0.41216216216216217 0.078859375 0.009797297297297298
42 0.507765625 0.39868243243243245 0.078296875 0.017162162162162164
68 0.11428125 0.15851351351351353 0.145 0.31702702702702706
82 0.1054375 0.2660472972972973 0.01 0.03385135135135135
1 0.11673437499999999 0.26746621621621625 0.016953125 0.0347972972972973
49 0.10021875 0.24864864864864863 0.01521875 0.0347972972972973
66 0.10609375000000001 0.16638513513513514 0.016515625 0.03949324324324324
29 0.08478125 0.16074324324324324 0.014781250000000001 0.03570945945945946
45 0.6359375 0.8445945945945946 0.6265625 0.8513513513513513 0.6171875 0.8783783783783784 0.6171875 0.9087837837837838 0.6328125 0.9358108108108109 0.64375 0.9358108108108109 0.6578125 0.9087837837837838 0.6578125 0.8716216216216216 0.6421875 0.8445945945945946