5 0.340625 0.30277777777777776 0.30625 0.3111111111111111 0.2859375 0.3333333333333333 0.2578125 0.4083333333333333 0.25625 0.43333333333333335 0.265625 0.4666666666666667 0.275 0.4888888888888889 0.296875 0.5138888888888888 0.3921875 0.5861111111111111 0.4421875 0.6 0.490625 0.6305555555555555 0.5125 0.6305555555555555 0.5515625 0.65 0.5921875 0.65 0.615625 0.6361111111111111 0.634375 0.6138888888888889 0.6453125 0.5333333333333333 0.6296875 0.5111111111111111 0.6296875 0.5 0.615625 0.475 0.5703125 0.45555555555555555 0.540625 0.4222222222222222 0.53125 0.4305555555555556 0.528125 0.44722222222222224 0.515625 0.4222222222222222 0.4703125 0.41944444444444445 0.4390625 0.4305555555555556 0.4296875 0.4027777777777778 0.43125 0.3861111111111111 0.421875 0.38055555555555554 0.4171875 0.35555555555555557 0.4078125 0.35555555555555557 0.4 0.3416666666666667 0.3765625 0.34444444444444444 0.3625 0.3111111111111111 0.346875 0.325 0.3421875 0.30277777777777776
97 0.50234375 0.55 0.0578125 0.18333333333333332
5 0.9328125 0.26666666666666666 0.8921875 0.2972222222222222 0.8796875 0.325 0.8703125 0.37222222222222223 0.85625 0.39444444444444443 0.8578125 0.45555555555555555 0.865625 0.48055555555555557 0.86875 0.5444444444444444 0.8953125 0.6277777777777778 0.903125 0.6416666666666667 0.921875 0.65 0.9421875 0.6416666666666667 0.95625 0.6166666666666667 0.9578125 0.5694444444444444 0.9578125 0.5805555555555556 0.95 0.5833333333333334 0.946875 0.6027777777777777 0.934375 0.6 0.934375 0.5916666666666667 0.9453125 0.5861111111111111 0.9453125 0.5722222222222222 0.9359375 0.5583333333333333 0.9234375 0.5583333333333333 0.9296875 0.5638888888888889 0.9265625 0.575 0.9359375 0.5666666666666667 0.9421875 0.5833333333333334 0.925 0.5888888888888889 0.9171875 0.5777777777777777 0.9109375 0.5416666666666666 0.9 0.5555555555555556 0.896875 0.55 0.9171875 0.525 0.934375 0.5222222222222223 0.9609375 0.5444444444444444 0.9703125 0.5694444444444444 0.9703125 0.55 0.965625 0.5444444444444444 0.975 0.5138888888888888 0.9703125 0.4888888888888889 0.9765625 0.48055555555555557 0.98125 0.48055555555555557 0.984375 0.49444444444444446 0.990625 0.4888888888888889 0.9890625 0.4722222222222222 0.975 0.46111111111111114 0.9890625 0.42777777777777776 0.9609375 0.4027777777777778 0.9609375 0.39166666666666666 0.9703125 0.3861111111111111 0.9828125 0.3888888888888889 0.984375 0.40555555555555556 0.9921875 0.3972222222222222 0.9921875 0.3638888888888889 0.984375 0.3527777777777778 0.9859375 0.325 0.96875 0.325 0.98125 0.2972222222222222 0.9796875 0.30833333333333335 0.9890625 0.30833333333333335 0.9890625 0.2861111111111111 0.965625 0.28055555555555556 0.9578125 0.26666666666666666 0.946875 0.28055555555555556 0.9390625 0.26666666666666666
88 0.6890625 0.7111111111111111 0.6734375 0.7194444444444444 0.6640625 0.7638888888888888 0.6265625 0.8166666666666667 0.625 0.8333333333333334 0.634375 0.8388888888888889 0.634375 0.8555555555555555 0.66875 0.8388888888888889 0.678125 0.8222222222222222 0.68125 0.8 0.7171875 0.7361111111111112 0.715625 0.725 0.7015625 0.7111111111111111
96 0.9484375 0.17777777777777778 0.934375 0.19166666666666668 0.93125 0.25833333333333336 0.940625 0.2638888888888889 0.984375 0.24166666666666667 0.978125 0.20833333333333334 0.959375 0.20555555555555555 0.953125 0.19444444444444445 0.953125 0.17777777777777778
85 0.81875 0.625 0.8015625 0.6361111111111111 0.7828125 0.6805555555555556 0.8015625 0.7333333333333333 0.815625 0.7416666666666667 0.8234375 0.7583333333333333 0.834375 0.7583333333333333 0.8578125 0.7388888888888889 0.865625 0.7055555555555556 0.85625 0.6472222222222223 0.8328125 0.625
86 0.9265625 0.5194444444444445 0.896875 0.5472222222222223 0.8859375 0.5805555555555556 0.8921875 0.6222222222222222 0.9140625 0.65 0.9421875 0.6444444444444445 0.9671875 0.5861111111111111 0.965625 0.5638888888888889 0.95625 0.5388888888888889 0.928125 0.5194444444444445
45 0.6609375 0.8444444444444444 0.64375 0.8694444444444445 0.64375 0.9111111111111111 0.6609375 0.9388888888888889 0.6765625 0.9388888888888889 0.690625 0.9138888888888889 0.6921875 0.875 0.68125 0.85 0.671875 0.8444444444444444
68 0.088796875 0.16011111111111112 0.177578125 0.3066111111111111
82 0.1284375 0.2965 0.013421875 0.03577777777777778
2 0.144734375 0.2807222222222222 0.019171874999999998 0.034944444444444445
1 0.11621875 0.30074999999999996 0.020609375 0.034083333333333334
49 0.071890625 0.23769444444444443 0.022046875 0.03577777777777778
94 0.053203125 0.09458333333333332 0.022046875 0.028972222222222222
29 0.046484375 0.07327777777777778 0.01821875 0.030666666666666665
66 0.037140625 0.05538888888888889 0.01965625 0.03577777777777778
67 0.05775 0.043444444444444445 0.01678125 0.03577777777777778
17 0.11875 0.8944444444444445 0.1078125 0.9166666666666666 0.1109375 0.9361111111111111 0.1234375 0.9416666666666667 0.121875 0.9527777777777777 0.10625 0.9444444444444444 0.0984375 0.9166666666666666 0.0890625 0.9138888888888889 0.075 0.9277777777777778 0.075 0.9583333333333334 0.0640625 0.9638888888888889 0.0625 0.9805555555555555 0.053125 0.9972222222222222 0.1390625 0.9972222222222222 0.140625 0.9916666666666667 0.1328125 0.9888888888888889 0.1421875 0.9861111111111112 0.1296875 0.975 0.1296875 0.9472222222222222 0.1359375 0.925 0.128125 0.9 0.1203125 0.8944444444444445
64 0.50984375 0.4126666666666667 0.096625 0.010805555555555556
42 0.510859375 0.39644444444444443 0.095953125 0.014416666666666668
64 0.6808125 0.7081944444444445 0.096625 0.008416666666666666
40 0.6794687500000001 0.6919722222222222 0.093921875 0.014416666666666668
64 0.960953125 0.1458611111111111 0.07809374999999999 0.011277777777777777
41 0.960953125 0.13022222222222224 0.07809374999999999 0.015027777777777779