97 0.5015625 0.4638888888888889 0.49375 0.4861111111111111 0.49375 0.5361111111111111 0.478125 0.5805555555555556 0.4953125 0.6 0.5078125 0.5583333333333333 0.525 0.5277777777777778 0.5421875 0.5166666666666667 0.5359375 0.49722222222222223 0.51875 0.5111111111111111 0.50625 0.4638888888888889
84 0.76875 0.8138888888888889 0.7484375 0.8194444444444444 0.73125 0.8527777777777777 0.7328125 0.9055555555555556 0.746875 0.9333333333333333 0.7765625 0.9333333333333333 0.7890625 0.9194444444444444 0.7953125 0.8972222222222223 0.7984375 0.8722222222222222 0.79375 0.8333333333333334 0.778125 0.8138888888888889
85 0.8296875 0.625 0.8046875 0.6333333333333333 0.7875 0.6722222222222223 0.7921875 0.7194444444444444 0.803125 0.7416666666666667 0.828125 0.7444444444444445 0.840625 0.7333333333333333 0.853125 0.7444444444444445 0.8640625 0.7138888888888889 0.8640625 0.6722222222222223 0.8484375 0.6361111111111111 0.834375 0.625
45 0.665625 0.8444444444444444 0.653125 0.8527777777777777 0.6421875 0.8777777777777778 0.64375 0.9111111111111111 0.6609375 0.9361111111111111 0.68125 0.9305555555555556 0.69375 0.9 0.6890625 0.8638888888888889 0.6703125 0.8444444444444444
24 0.478125 0.24722222222222223 0.4734375 0.26944444444444443 0.4546875 0.3 0.4546875 0.3138888888888889 0.4703125 0.3333333333333333 0.478125 0.33055555555555555 0.50625 0.275 0.5046875 0.2611111111111111 0.4828125 0.24722222222222223
24 0.559375 0.16666666666666666 0.546875 0.2 0.5296875 0.2111111111111111 0.5328125 0.22777777777777777 0.55 0.25277777777777777 0.5578125 0.24722222222222223 0.58125 0.18611111111111112 0.5796875 0.17777777777777778 0.5609375 0.16944444444444445
24 0.63125 0.08888888888888889 0.625 0.11388888888888889 0.6078125 0.13333333333333333 0.609375 0.14722222222222223 0.621875 0.1527777777777778 0.6296875 0.16666666666666666 0.6484375 0.11666666666666667 0.6359375 0.08888888888888889
24 0.7046875 0.013888888888888888 0.696875 0.019444444444444445 0.690625 0.03888888888888889 0.6875 0.06388888888888888 0.6953125 0.07777777777777778 0.7171875 0.06944444444444445 0.7125 0.058333333333333334 0.7171875 0.030555555555555555 0.7078125 0.013888888888888888
90 0.4984375 0 0.4828125 0 0.48125 0.022222222222222223 0.4890625 0.03888888888888889 0.4859375 0.05 0.471875 0.03888888888888889 0.4515625 0.03888888888888889 0.446875 0.04722222222222222 0.446875 0.09166666666666666 0.453125 0.1 0.4546875 0.14444444444444443 0.434375 0.18333333333333332 0.434375 0.22777777777777777 0.4390625 0.225 0.4453125 0.2361111111111111 0.4578125 0.225 0.48125 0.22777777777777777 0.4828125 0.21666666666666667 0.4984375 0.21666666666666667 0.5046875 0.20555555555555555 0.5015625 0.17222222222222222 0.4875 0.15555555555555556 0.4828125 0.13333333333333333 0.4859375 0.12777777777777777 0.50625 0.1527777777777778 0.5125 0.14722222222222223 0.515625 0.016666666666666666 0.50625 0
64 0.508671875 0.4118888888888889 0.09746875 0.012166666666666666
42 0.509375 0.39861111111111114 0.096875 0.013888888888888888
68 0.088484375 0.15730555555555556 0.17696875 0.3146111111111111
1 0.1385 0.2598888888888889 0.022234375 0.03344444444444444
66 0.06839062500000001 0.20897222222222223 0.022234375 0.041027777777777774
49 0.10215624999999999 0.19758333333333333 0.021374999999999998 0.03952777777777778
82 0.0901875 0.15655555555555556 0.01965625 0.03344444444444444
94 0.051296875 0.09347222222222222 0.0239375 0.034944444444444445
29 0.05728124999999999 0.04636111111111112 0.022234375 0.034944444444444445
30 0.05215625 0.024305555555555556 0.017093749999999998 0.03344444444444444