38 0.81484375 0.7736111111111111 0.0890625 0.06944444444444445
68 0.08803125 0.15541666666666668 0.1760625 0.31080555555555556
1 0.138015625 0.2917777777777778 0.022375 0.035361111111111114
35 0.1670625 0.29808333333333337 0.019234375 0.04913888888888889
22 0.01021875 0.022444444444444444 0.0204375 0.04486111111111111
82 0.11025 0.21661111111111112 0.02653125 0.05305555555555556
66 0.103609375 0.16947222222222222 0.019890625000000002 0.04125
49 0.12350000000000001 0.16358333333333333 0.019890625000000002 0.04125
94 0.051390625 0.09505555555555555 0.02653125 0.03977777777777778
29 0.026937499999999996 0.03830555555555555 0.022375 0.04125
30 0.039781250000000004 0.021361111111111112 0.024875 0.03977777777777778
91 0.318265625 0.13680555555555557 0.109578125 0.23419444444444446
5 0.126203125 0.8910277777777778 0.25240625 0.21794444444444444
42 0.132359375 0.7923333333333333 0.094796875 0.02188888888888889
84 0.763953125 0.8776944444444446 0.075109375 0.14447222222222222
85 0.818125 0.679611111111111 0.062796875 0.11599999999999999
15 0.881046875 0.3819444444444444 0.237890625 0.29547222222222225
5 0.550484375 0.4369722222222222 0.25240625 0.3354722222222222
5 0.8413437500000001 0.20086111111111113 0.15384375 0.14102777777777778