97 0.5015625 0.4666666666666667 0.49375 0.48055555555555557 0.4875 0.5194444444444445 0.490625 0.5361111111111111 0.4828125 0.5638888888888889 0.4828125 0.6027777777777777 0.4921875 0.6333333333333333 0.5046875 0.6305555555555555 0.515625 0.6166666666666667 0.5125 0.5583333333333333 0.5265625 0.5111111111111111 0.5390625 0.49444444444444446 0.5296875 0.4777777777777778 0.51875 0.49166666666666664 0.5046875 0.4666666666666667
14 0.375 0.1111111111111111 0.378125 0.18333333333333332 0.353125 0.19166666666666668 0.35625 0.2 0.3515625 0.20277777777777778 0.3546875 0.21388888888888888 0.35 0.225 0.3375 0.20833333333333334 0.3234375 0.21388888888888888 0.3140625 0.2 0.30625 0.2 0.2984375 0.16666666666666666 0.2875 0.18055555555555555 0.28125 0.18055555555555555 0.278125 0.16666666666666666 0.2640625 0.17222222222222222 0.2390625 0.2111111111111111 0.2453125 0.21944444444444444 0.2421875 0.2361111111111111 0.25 0.24444444444444444 0.240625 0.26944444444444443 0.24375 0.2833333333333333 0.2375 0.2916666666666667 0.2234375 0.28888888888888886 0.246875 0.32222222222222224 0.2671875 0.3194444444444444 0.2828125 0.35 0.2921875 0.4388888888888889 0.3390625 0.4027777777777778 0.34375 0.39444444444444443 0.3421875 0.3638888888888889 0.346875 0.35555555555555557 0.3640625 0.37222222222222223 0.36875 0.4 0.3984375 0.38055555555555554 0.3953125 0.3527777777777778 0.3703125 0.3138888888888889 0.3734375 0.29444444444444445 0.396875 0.3055555555555556 0.403125 0.3055555555555556 0.4046875 0.29444444444444445 0.3953125 0.25277777777777777 0.3890625 0.24444444444444444 0.3984375 0.18888888888888888 0.3984375 0.15833333333333333 0.3765625 0.1111111111111111
5 0.7375 0.75 0.7328125 0.7638888888888888 0.71875 0.7527777777777778 0.709375 0.775 0.6859375 0.7861111111111111 0.665625 0.8166666666666667 0.6484375 0.8166666666666667 0.6484375 0.8333333333333334 0.6546875 0.8416666666666667 0.63125 0.8527777777777777 0.6265625 0.9055555555555556 0.6109375 0.925 0.60625 0.9416666666666667 0.6140625 0.9527777777777777 0.6140625 0.9972222222222222 0.746875 0.9916666666666667 0.7234375 0.8777777777777778 0.740625 0.8305555555555556 0.7546875 0.8111111111111111 0.771875 0.8111111111111111 0.778125 0.8 0.775 0.7805555555555556 0.7578125 0.7805555555555556 0.7484375 0.75
84 0.771875 0.8111111111111111 0.75625 0.8138888888888889 0.740625 0.8305555555555556 0.7296875 0.8694444444444445 0.728125 0.9 0.734375 0.9222222222222223 0.74375 0.9416666666666667 0.759375 0.9527777777777777 0.7859375 0.9472222222222222 0.80625 0.9055555555555556 0.8078125 0.8666666666666667 0.8015625 0.8361111111111111 0.78125 0.8111111111111111
85 0.8203125 0.625 0.79375 0.6472222222222223 0.7875 0.6666666666666666 0.784375 0.7138888888888889 0.7890625 0.7333333333333333 0.80625 0.7611111111111111 0.8328125 0.7666666666666667 0.85625 0.7416666666666667 0.8640625 0.7166666666666667 0.865625 0.6805555555555556 0.85625 0.6472222222222223 0.846875 0.6333333333333333 0.8234375 0.625
86 0.934375 0.5222222222222223 0.903125 0.5361111111111111 0.8953125 0.55 0.8890625 0.5861111111111111 0.8921875 0.6305555555555555 0.91875 0.6638888888888889 0.9484375 0.6555555555555556 0.9625 0.6333333333333333 0.96875 0.6055555555555555 0.9640625 0.5555555555555556 0.95625 0.5388888888888889 0.9359375 0.5222222222222223
56 0.8328125 0.08055555555555556 0.8171875 0.09722222222222222 0.7828125 0.09166666666666666 0.7828125 0.1 0.8151636952261407 0.11388975719881174 0.7984375 0.1527777777777778 0.8140625 0.17777777777777778 0.821875 0.14722222222222223 0.8359375 0.12222222222222222 0.8625 0.11944444444444445 0.8375 0.10833333333333334 0.834375 0.08333333333333333
5 0.153125 0.3055555555555556 0.1375 0.31666666666666665 0 0.31666666666666665 0 0.49722222222222223 0.0109375 0.49722222222222223 0.0609375 0.46111111111111114 0.0984375 0.45555555555555555 0.159375 0.4666666666666667 0.1875 0.5166666666666667 0.2125 0.525 0.2640625 0.5138888888888888 0.2875 0.4888888888888889 0.29375 0.45555555555555555 0.284375 0.40555555555555556 0.2859375 0.39166666666666666 0.2765625 0.3472222222222222 0.2671875 0.33055555555555555 0.225 0.3277777777777778 0.2125 0.34444444444444444 0.20625 0.33611111111111114 0.1890625 0.33611111111111114 0.171875 0.3111111111111111 0.15625 0.3111111111111111
64 0.51028125 0.41263888888888894 0.093578125 0.00775
42 0.5101875 0.39736111111111116 0.09659375 0.011
68 0.088125 0.15925 0.176265625 0.3185
50 0.06528125 0.09833333333333333 0.02321875 0.03611111111111111
82 0.055484374999999996 0.0628888888888889 0.018140625 0.03738888888888889
30 0.075796875 0.0796388888888889 0.022484375 0.0245
49 0.07653125 0.05386111111111111 0.019578125 0.027083333333333334
66 0.104453125 0.058361111111111114 0.02321875 0.04383333333333333
60 0.035546875 0.26016666666666666 0.02321875 0.042555555555555555