97 0.496875 0.44932432432432434 0.4921875 0.5168918918918919 0.48125 0.5371621621621622 0.48125 0.5506756756756757 0.4859375 0.6013513513513513 0.4921875 0.6182432432432432 0.503125 0.625 0.5140625 0.6148648648648649 0.51875 0.5743243243243243 0.509375 0.5337837837837838 0.509375 0.4831081081081081 0.5015625 0.44932432432432434
5 0.8453125 0.7027027027027027 0.834375 0.7195945945945946 0.8203125 0.7195945945945946 0.81875 0.7297297297297297 0.8265625 0.7331081081081081 0.821875 0.7398648648648649 0.803125 0.7331081081081081 0.790625 0.7533783783783784 0.7875 0.793918918918919 0.778125 0.8209459459459459 0.7765625 0.8716216216216216 0.7640625 0.9054054054054054 0.7515625 0.9087837837837838 0.7515625 0.9324324324324325 0.7390625 0.9628378378378378 0.7359375 0.9527027027027027 0.7328125 0.9831081081081081 0.6984375 0.9932432432432432 0.740625 0.9966216216216216 0.759375 0.9594594594594594 0.7625 0.9966216216216216 0.9984375 0.9966216216216216 0.9984375 0.9628378378378378 0.9890625 0.9391891891891891 0.990625 0.9222972972972973 0.9984375 0.9155405405405406 0.990625 0.8918918918918919 0.990625 0.875 0.9984375 0.8581081081081081 0.9984375 0.8108108108108109 0.9859375 0.8141891891891891 0.98125 0.8006756756756757 0.965625 0.8074324324324325 0.9578125 0.7601351351351351 0.94375 0.7668918918918919 0.94375 0.7432432432432432 0.95 0.7331081081081081 0.94375 0.7128378378378378 0.9328125 0.7331081081081081 0.9078125 0.7195945945945946 0.9 0.7364864864864865 0.896875 0.7195945945945946 0.9046875 0.7128378378378378 0.8984375 0.7128378378378378 0.896875 0.7027027027027027 0.8859375 0.7128378378378378 0.88125 0.7027027027027027 0.8578125 0.7027027027027027
84 0.7265625 0.8108108108108109 0.7 0.8243243243243243 0.6890625 0.8547297297297297 0.6921875 0.9121621621621622 0.709375 0.9358108108108109 0.734375 0.9256756756756757 0.7515625 0.875 0.746875 0.8412162162162162 0.728125 0.8108108108108109
85 0.76875 0.625 0.7515625 0.6317567567567568 0.7375 0.668918918918919 0.740625 0.7263513513513513 0.75625 0.75 0.7703125 0.75 0.7765625 0.7364864864864865 0.7921875 0.7398648648648649 0.7984375 0.7162162162162162 0.8 0.6824324324324325 0.79375 0.6486486486486487 0.778125 0.625
24 0.4171875 0.5844594594594594 0.4078125 0.5878378378378378 0.40625 0.6081081081081081 0.4125 0.6114864864864865 0.4203125 0.5844594594594594
24 0.3890625 0.5202702702702703 0.3765625 0.5506756756756757 0.378125 0.6047297297297297 0.3890625 0.6216216216216216 0.4 0.6114864864864865 0.3953125 0.5844594594594594 0.409375 0.5472972972972973 0.4 0.5202702702702703
24 0.2890625 0.668918918918919 0.265625 0.7263513513513513 0.2671875 0.7466216216216216 0.28125 0.7668918918918919 0.3046875 0.7398648648648649 0.3140625 0.6993243243243243 0.2921875 0.668918918918919
24 0.153125 0.8648648648648649 0.14375 0.8716216216216216 0.14375 0.8885135135135135 0.1296875 0.918918918918919 0.1296875 0.9628378378378378 0.146875 0.9425675675675675 0.159375 0.9695945945945946 0.175 0.902027027027027 0.175 0.8851351351351351 0.1609375 0.8648648648648649
24 0.55 0.3108108108108108 0.5390625 0.34121621621621623 0.54375 0.38175675675675674 0.5546875 0.38175675675675674 0.5671875 0.3344594594594595 0.55625 0.3108108108108108
25 0.5796875 0.25 0.575 0.2668918918918919 0.5765625 0.2939189189189189 0.5671875 0.30405405405405406 0.5703125 0.3310810810810811 0.5796875 0.34121621621621623 0.5921875 0.32432432432432434 0.59375 0.2668918918918919 0.5875 0.25
25 0.64375 0.17229729729729729 0.6296875 0.19594594594594594 0.6296875 0.22972972972972974 0.6359375 0.24662162162162163 0.6484375 0.23648648648648649 0.6453125 0.17229729729729729
25 0.6578125 0.15202702702702703 0.6484375 0.16891891891891891 0.6515625 0.2195945945945946 0.6609375 0.21621621621621623 0.665625 0.19932432432432431 0.659375 0.1554054054054054
25 0.6765625 0.11824324324324324 0.6640625 0.13851351351351351 0.6703125 0.1858108108108108 0.690625 0.17567567567567569 0.678125 0.12162162162162163
91 0.826953125 0 0.796875 0.006756756756756757 0.7953125 0.08108108108108109 0.7671875 0.13513513513513514 0.7734375 0.17229729729729729 0.8015625 0.1891891891891892 0.8265625 0.17229729729729729 0.8203125 0.08108108108108109 0.8234375 0.05405405405405406 0.8328125 0.037162162162162164 0.8359375 0
5 0.3078125 0.006756756756756757 0.28125 0.037162162162162164 0.2609375 0.033783783783783786 0.2515625 0.05405405405405406 0.2359375 0.057432432432432436 0.20625 0.13513513513513514 0.2140625 0.14189189189189189 0.2125 0.16216216216216217 0.1984375 0.17229729729729729 0.19375 0.16554054054054054 0.2015625 0.16216216216216217 0.2 0.1554054054054054 0.1890625 0.15878378378378377 0.1890625 0.20608108108108109 0.1953125 0.22972972972972974 0.1890625 0.22972972972972974 0.178125 0.27702702702702703 0.1984375 0.27702702702702703 0.2671875 0.22972972972972974 0.2921875 0.19256756756756757 0.29375 0.17905405405405406 0.315625 0.17905405405405406 0.31875 0.1891891891891892 0.325 0.18243243243243243 0.3484375 0.22972972972972974 0.384375 0.19256756756756757 0.3859375 0.13851351351351351 0.371875 0.09121621621621621 0.3640625 0.07094594594594594 0.3390625 0.05405405405405406 0.325 0.013513513513513514 0.315625 0.006756756756756757
45 0.634375 0.8445945945945946 0.6203125 0.8648648648648649 0.6171875 0.902027027027027 0.6234375 0.9256756756756757 0.6421875 0.9358108108108109 0.6546875 0.918918918918919 0.6578125 0.875 0.6515625 0.8547297297297297 0.6390625 0.8445945945945946
68 0.11276562500000001 0.15844594594594594 0.14353125 0.3168918918918919
82 0.142015625 0.2610810810810811 0.015187500000000001 0.042702702702702704
1 0.15301562500000002 0.25695945945945947 0.014421875 0.037770270270270266
66 0.1161875 0.15925675675675677 0.01975 0.03939189189189189
49 0.10403124999999999 0.09442567567567567 0.013671875 0.0410472972972973
50 0.11656249999999999 0.0829054054054054 0.018984375 0.031182432432432433
29 0.0653125 0.036114864864864864 0.01821875 0.042702702702702704
30 0.07518749999999999 0.014763513513513514 0.013671875 0.02956081081081081
64 0.50646875 0.4127027027027027 0.0788125 0.0125
42 0.507109375 0.3979391891891892 0.082125 0.01712837837837838