21 0.2578125 0.14527027027027026 0.2484375 0.17229729729729729 0.2484375 0.19932432432432431 0.228125 0.22297297297297297 0.2453125 0.2195945945945946 0.2390625 0.24662162162162163 0.2453125 0.24662162162162163 0.2515625 0.27364864864864863 0.259375 0.2668918918918919 0.2578125 0.24324324324324326 0.265625 0.22972972972972974 0.2609375 0.14527027027027026
97 0.4984375 0.46959459459459457 0.4890625 0.5135135135135135 0.490625 0.5405405405405406 0.48125 0.6114864864864865 0.4921875 0.6216216216216216 0.5046875 0.6081081081081081 0.50625 0.5743243243243243 0.5171875 0.5371621621621622 0.50625 0.46959459459459457
85 0.765625 0.625 0.746875 0.6351351351351351 0.7359375 0.668918918918919 0.7421875 0.7331081081081081 0.7609375 0.75 0.7859375 0.7364864864864865 0.7921875 0.7027027027027027 0.7890625 0.652027027027027 0.771875 0.625
90 0.5015625 0.06418918918918919 0.4984375 0.0777027027027027 0.503125 0.125 0.4984375 0.16554054054054054 0.5046875 0.1891891891891892 0.503125 0.26013513513513514 0.5140625 0.2668918918918919 0.5140625 0.30743243243243246 0.5078125 0.34797297297297297 0.496875 0.35135135135135137 0.49375 0.3783783783783784 0.509375 0.3783783783783784 0.5046875 0.375 0.5078125 0.36824324324324326 0.515625 0.3783783783783784 0.5390625 0.3783783783783784 0.5546875 0.3614864864864865 0.5578125 0.32432432432432434 0.553125 0.30743243243243246 0.553125 0.2702702702702703 0.559375 0.23986486486486486 0.559375 0.1554054054054054 0.5390625 0.1554054054054054 0.5296875 0.11486486486486487 0.5125 0.0945945945945946 0.509375 0.06418918918918919
68 0.114578125 0.15766891891891893 0.1484375 0.31530405405405404
75 0 0.6587837837837838 0 0.9966216216216216 0.1703125 0.9966216216216216 0.16875 0.8986486486486487 0.165625 0.875 0.153125 0.8445945945945946 0.0796875 0.777027027027027 0.0421875 0.6891891891891891 0.0125 0.6587837837837838
82 0.057171875000000004 0.29469594594594595 0.015140625 0.031114864864864866
66 0.06871875 0.2635810810810811 0.017796875 0.03929054054054054
29 0.056406250000000005 0.24189189189189186 0.015140625 0.035202702702702704
49 0.044296875 0.3053378378378378 0.013625000000000002 0.03929054054054054
1 0.06890625 0.3024662162162162 0.012109375 0.033547297297297295
40 0.244171875 0.08564189189189189 0.07746875 0.016925675675675676
64 0.507921875 0.4131081081081081 0.080953125 0.009425675675675677
42 0.5061718749999999 0.3980743243243243 0.080953125 0.016925675675675676
45 0.6328125 0.847972972972973 0.61875 0.8716216216216216 0.61875 0.9087837837837838 0.63125 0.9324324324324325 0.65 0.9256756756756757 0.6578125 0.8986486486486487 0.6546875 0.8682432432432432 0.64375 0.847972972972973