5 0.228125 0.11388888888888889 0.1875 0.13055555555555556 0.190625 0.13333333333333333 0.178125 0.16111111111111112 0.1828125 0.1638888888888889 0.1765625 0.17777777777777778 0.175 0.25555555555555554 0.146875 0.3111111111111111 0.128125 0.31666666666666665 0.13125 0.3333333333333333 0.2015625 0.3388888888888889 0.2046875 0.3055555555555556 0.2296875 0.275 0.2375 0.23333333333333334 0.2640625 0.18888888888888888 0.2515625 0.1527777777777778 0.24375 0.1638888888888889 0.240625 0.15833333333333333 0.2296875 0.11666666666666667
97 0.2109375 0.2013888888888889 0.071875 0.175
91 0.553125 0.2611111111111111 0.5515625 0.2722222222222222 0.5609375 0.2972222222222222 0.553125 0.325 0.5546875 0.3388888888888889 0.5625 0.3527777777777778 0.5640625 0.3972222222222222 0.5828125 0.45 0.5796875 0.475 0.5953125 0.46944444444444444 0.575 0.5 0.559375 0.5555555555555556 0.5859375 0.5138888888888888 0.590625 0.5166666666666667 0.5875 0.5888888888888889 0.5921875 0.6222222222222222 0.5625 0.6666666666666666 0.5625 0.7111111111111111 0.5671875 0.7222222222222222 0.5609375 0.7361111111111112 0.578125 0.7638888888888888 0.6328125 0.7638888888888888 0.646875 0.7527777777777778 0.659375 0.7222222222222222 0.65625 0.6527777777777778 0.6359375 0.6138888888888889 0.6390625 0.5944444444444444 0.653125 0.5666666666666667 0.653125 0.5083333333333333 0.7109375 0.4722222222222222 0.74375 0.48055555555555557 0.7546875 0.48055555555555557 0.759375 0.4722222222222222 0.7140625 0.4305555555555556 0.6671875 0.4583333333333333 0.6421875 0.44722222222222224 0.6390625 0.45 0.646875 0.4638888888888889 0.6421875 0.46944444444444444 0.6265625 0.4583333333333333 0.615625 0.4361111111111111 0.615625 0.4027777777777778 0.60625 0.39166666666666666 0.5953125 0.39166666666666666 0.5859375 0.375 0.584375 0.34444444444444444 0.6015625 0.3388888888888889 0.59375 0.33611111111111114 0.6015625 0.325 0.609375 0.3277777777777778 0.6109375 0.33611111111111114 0.6046875 0.3388888888888889 0.6515625 0.3388888888888889 0.653125 0.3472222222222222 0.6390625 0.375 0.6390625 0.3861111111111111 0.64375 0.3888888888888889 0.6640625 0.3388888888888889 0.6890625 0.3388888888888889 0.690625 0.32222222222222224 0.59375 0.32222222222222224 0.584375 0.3138888888888889 0.5765625 0.2861111111111111 0.55625 0.2611111111111111
86 0.934375 0.5222222222222223 0.903125 0.5361111111111111 0.8953125 0.55 0.8890625 0.5861111111111111 0.89375 0.6194444444444445 0.9078125 0.6416666666666667 0.9234375 0.65 0.9265625 0.6638888888888889 0.953125 0.65 0.965625 0.625 0.96875 0.6 0.96875 0.5777777777777777 0.959375 0.5444444444444444 0.946875 0.5277777777777778 0.9359375 0.525
85 0.82578125 0.625 0.8015625 0.6361111111111111 0.7875 0.6666666666666666 0.7890625 0.7333333333333333 0.8140625 0.7666666666666667 0.84375 0.7583333333333333 0.85625 0.7416666666666667 0.8640625 0.7166666666666667 0.865625 0.6861111111111111 0.8609375 0.6611111111111111 0.8515625 0.6388888888888888 0.8359375 0.625
84 0.759375 0.8111111111111111 0.7359375 0.8333333333333334 0.728125 0.8722222222222222 0.734375 0.9138888888888889 0.7625 0.9361111111111111 0.7859375 0.9222222222222223 0.79375 0.9305555555555556 0.8015625 0.9194444444444444 0.8078125 0.8861111111111111 0.8 0.8361111111111111 0.7890625 0.8194444444444444 0.7734375 0.8111111111111111
91 0.90625 0 0.896875 0.011111111111111112 0.8953125 0.06111111111111111 0.8875 0.08333333333333333 0.85625 0.11944444444444445 0.8640625 0.16111111111111112 0.88125 0.175 0.9234375 0.175 0.9296875 0.15833333333333333 0.9296875 0.125 0.915625 0.06944444444444445 0.915625 0.008333333333333333 0.9078125 0
5 0.203125 0.3472222222222222 0.1984375 0.35833333333333334 0.1453125 0.35833333333333334 0.1375 0.36666666666666664 0.196875 0.37777777777777777 0.203125 0.36944444444444446 0.2046875 0.3472222222222222
64 0.220375 0.09961111111111111 0.0888125 0.013277777777777779
42 0.21787499999999999 0.08486111111111111 0.09046875 0.013277777777777779
68 0.088390625 0.15494444444444444 0.17679687500000002 0.3098888888888889
49 0.04428125 0.16336111111111112 0.021828125 0.03775
1 0.10704687500000001 0.12130555555555556 0.018796874999999998 0.035583333333333335
82 0.131 0.12991666666666668 0.020624999999999998 0.035583333333333335
67 0.143734375 0.1088888888888889 0.01940625 0.0345
1 0.166484375 0.12508333333333332 0.018796874999999998 0.03880555555555556
66 0.110984375 0.07169444444444444 0.020624999999999998 0.03127777777777778
29 0.0985625 0.04636111111111112 0.020015625000000002 0.0345
83 0.089453125 0.021027777777777777 0.021234375 0.03775
25 0.2125 0.9111111111111111 0.2046875 0.9305555555555556 0.1921875 0.9222222222222223 0.1921875 0.9416666666666667 0.1703125 0.9972222222222222 0.2578125 0.9972222222222222 0.25625 0.95 0.246875 0.9611111111111111 0.23125 0.95 0.215625 0.9305555555555556 0.215625 0.9111111111111111
45 0.665625 0.8444444444444444 0.6453125 0.8666666666666667 0.6421875 0.9055555555555556 0.653125 0.9305555555555556 0.6765625 0.9361111111111111 0.6890625 0.9194444444444444 0.69375 0.8777777777777778 0.6828125 0.8527777777777777 0.6703125 0.8444444444444444