56 0.6 0.9054054054054054 0.596875 0.9087837837837838 0.584375 0.9358108108108109 0.58125 0.9358108108108109 0.571875 0.9493243243243243 0.5609375 0.9493243243243243 0.559375 0.9459459459459459 0.55625 0.9493243243243243 0.55625 0.956081081081081 0.553125 0.9662162162162162 0.546875 0.9662162162162162 0.540625 0.9594594594594594 0.5359375 0.9594594594594594 0.53125 0.9662162162162162 0.534375 0.9695945945945946 0.5390625 0.9695945945945946 0.540625 0.972972972972973 0.54375 0.9695945945945946 0.5484375 0.972972972972973 0.546875 0.9695945945945946 0.5484375 0.9662162162162162 0.553125 0.9662162162162162 0.5546875 0.9695945945945946 0.5546875 0.9797297297297297 0.5578125 0.9898648648648649 0.55625 0.9966216216216216 0.5984375 0.9966216216216216 0.5984375 0.9797297297297297 0.5953125 0.9695945945945946 0.5984375 0.9662162162162162 0.5984375 0.9628378378378378 0.603125 0.956081081081081 0.603125 0.9527027027027027 0.609375 0.9391891891891891 0.6109375 0.918918918918919 0.6125 0.9155405405405406 0.6109375 0.9054054054054054
97 0.5015625 0.46283783783783783 0.49375 0.47635135135135137 0.4890625 0.5236486486486487 0.4828125 0.5405405405405406 0.4859375 0.581081081081081 0.4984375 0.6114864864864865 0.50625 0.6081081081081081 0.5140625 0.581081081081081 0.509375 0.5371621621621622 0.5171875 0.527027027027027 0.5078125 0.46959459459459457 0.503125 0.46621621621621623
65 0.5546875 0.2905405405405405 0.51875 0.2972972972972973 0.5328125 0.3141891891891892 0.521875 0.3310810810810811 0.521875 0.34459459459459457 0.5421875 0.3581081081081081 0.55625 0.34797297297297297 0.5578125 0.2905405405405405
69 0.93125 0.12162162162162163 0.925 0.14864864864864866 0.903125 0.16554054054054054 0.8953125 0.14864864864864866 0.8875 0.14864864864864866 0.88125 0.20270270270270271 0.8671875 0.21283783783783783 0.871875 0.25 0.884375 0.24662162162162163 0.8953125 0.2195945945945946 0.9046875 0.22635135135135134 0.9 0.2702702702702703 0.9078125 0.3277027027027027 0.925 0.28716216216216217 0.934375 0.28040540540540543 0.9375 0.2939189189189189 0.946875 0.30067567567567566 0.9453125 0.28378378378378377 0.934375 0.27364864864864863 0.9390625 0.24662162162162163 0.9484375 0.25675675675675674 0.94375 0.2702702702702703 0.9515625 0.27364864864864863 0.95625 0.2635135135135135 0.946875 0.23310810810810811 0.959375 0.20270270270270271 0.9625 0.17567567567567569 0.9453125 0.17905405405405406 0.9375 0.16891891891891891 0.9328125 0.1554054054054054 0.9390625 0.1554054054054054 0.9421875 0.13851351351351351 0.934375 0.12162162162162163
85 0.76875 0.6283783783783784 0.7453125 0.6452702702702703 0.7375 0.6790540540540541 0.74375 0.7263513513513513 0.7625 0.7432432432432432 0.790625 0.7398648648648649 0.7953125 0.7263513513513513 0.7953125 0.6621621621621622 0.778125 0.6283783783783784
84 0.709375 0.8175675675675675 0.6921875 0.8412162162162162 0.6890625 0.8885135135135135 0.696875 0.918918918918919 0.7234375 0.9324324324324325 0.740625 0.8952702702702703 0.74375 0.8614864864864865 0.7375 0.8378378378378378 0.7203125 0.8175675675675675
45 0.640625 0.847972972972973 0.6265625 0.8547297297297297 0.6171875 0.8783783783783784 0.61875 0.9121621621621622 0.6328125 0.9358108108108109 0.6453125 0.9358108108108109 0.6578125 0.9054054054054054 0.6578125 0.8783783783783784 0.6421875 0.847972972972973
64 0.506546875 0.4095945945945946 0.076265625 0.012533783783783784
42 0.507375 0.39885135135135136 0.0779375 0.01614864864864865
64 0.557546875 0.22138513513513514 0.0754375 0.008952702702702703
40 0.559203125 0.2079391891891892 0.07876562499999999 0.02152027027027027
23 0.59815625 0.8487837837837838 0.07710937500000001 0.012533783783783784
40 0.59815625 0.8353378378378378 0.07710937500000001 0.014324324324324325
41 0.9455312499999999 0.11472972972972974 0.080421875 0.014324324324324325
5 0.38515625 0.28040540540540543 0.353125 0.28378378378378377 0.3453125 0.2972972972972973 0.3421875 0.32432432432432434 0.328125 0.34797297297297297 0.325 0.3716216216216216 0.30625 0.3885135135135135 0.303125 0.41216216216216217 0.284375 0.44932432432432434 0.2796875 0.4864864864864865 0.265625 0.48986486486486486 0.253125 0.5067567567567568 0.2578125 0.5506756756756757 0.2703125 0.5675675675675675 0.2703125 0.6047297297297297 0.2828125 0.6216216216216216 0.3328125 0.6317567567567568 0.365625 0.6114864864864865 0.4 0.5472972972972973 0.4046875 0.5202702702702703 0.4015625 0.4966216216216216 0.4078125 0.48986486486486486 0.4125 0.44932432432432434 0.4125 0.3141891891891892 0.403125 0.28378378378378377 0.39375 0.28040540540540543
5 0.66875 0.25675675675675674 0.6421875 0.2668918918918919 0.628125 0.2905405405405405 0.596875 0.3108108108108108 0.590625 0.32432432432432434 0.5890625 0.36486486486486486 0.5953125 0.40540540540540543 0.603125 0.4155405405405405 0.625 0.40202702702702703 0.6640625 0.39864864864864863 0.6921875 0.41216216216216217 0.721875 0.41216216216216217 0.8109375 0.47297297297297297 0.84375 0.5202702702702703 0.86875 0.5202702702702703 0.8890625 0.5641891891891891 0.890625 0.5878378378378378 0.9 0.597972972972973 0.9046875 0.5945945945945946 0.8984375 0.5844594594594594 0.915625 0.581081081081081 0.934375 0.5337837837837838 0.934375 0.5067567567567568 0.928125 0.4831081081081081 0.91875 0.46283783783783783 0.8921875 0.4358108108108108 0.8859375 0.40202702702702703 0.859375 0.36486486486486486 0.85 0.36486486486486486 0.8359375 0.34459459459459457 0.8109375 0.34121621621621623 0.8015625 0.32094594594594594 0.7828125 0.33783783783783783 0.709375 0.26013513513513514 0.6875 0.2702702702702703 0.6765625 0.25675675675675674
68 0.11378124999999999 0.15655405405405406 0.14940625000000002 0.31310810810810813
66 0.13784375 0.26699324324324325 0.011484375 0.031722972972972975
1 0.14645312500000002 0.2856081081081081 0.012125 0.03310810810810811
82 0.146140625 0.2525 0.015312500000000001 0.02760135135135135
83 0.159859375 0.2462837837837838 0.015953125000000002 0.04277027027027027
49 0.08071874999999999 0.11037162162162163 0.015953125000000002 0.03310810810810811
94 0.085515625 0.08969594594594595 0.019140625 0.03587837837837837