97 0.525 0.4777777777777778 0.521875 0.49166666666666664 0.515625 0.4888888888888889 0.515625 0.5055555555555555 0.5359375 0.49444444444444446 0.5359375 0.48333333333333334 0.528125 0.4777777777777778
97 0.5015625 0.4666666666666667 0.4921875 0.4888888888888889 0.490625 0.5472222222222223 0.4828125 0.5777777777777777 0.496875 0.6305555555555555 0.51875 0.6111111111111112 0.509375 0.5333333333333333 0.521875 0.5166666666666667 0.5109375 0.5055555555555555 0.5046875 0.4666666666666667
84 0.775 0.8111111111111111 0.7453125 0.8222222222222222 0.73125 0.8527777777777777 0.73125 0.9 0.7359375 0.9194444444444444 0.7484375 0.9333333333333333 0.778125 0.9333333333333333 0.79375 0.9083333333333333 0.8 0.8805555555555555 0.80625 0.8777777777777778 0.8015625 0.8416666666666667 0.790625 0.8222222222222222 0.7765625 0.8138888888888889
45 0.6640625 0.8472222222222222 0.6546875 0.8527777777777777 0.64375 0.875 0.64375 0.9055555555555556 0.659375 0.9333333333333333 0.6765625 0.9333333333333333 0.690625 0.9111111111111111 0.6921875 0.875 0.68125 0.8527777777777777 0.6703125 0.8472222222222222
5 0.58125 0.005555555555555556 0.553125 0.041666666666666664 0.5328125 0.05 0.5203125 0.041666666666666664 0.5 0.04722222222222222 0.484375 0.07222222222222222 0.4546875 0.08333333333333333 0.4390625 0.11388888888888889 0.4484375 0.1388888888888889 0.4578125 0.12222222222222222 0.4875 0.12222222222222222 0.4890625 0.13055555555555556 0.4953125 0.12222222222222222 0.509375 0.12222222222222222 0.5203125 0.13333333333333333 0.54375 0.12222222222222222 0.5609375 0.14166666666666666 0.559375 0.1638888888888889 0.4265625 0.1638888888888889 0.425 0.1527777777777778 0.4359375 0.15 0.4234375 0.15555555555555556 0.41875 0.13333333333333333 0.4140625 0.13333333333333333 0.4 0.14166666666666666 0.3890625 0.16666666666666666 0.375 0.16944444444444445 0.3484375 0.14166666666666666 0.3078125 0.1388888888888889 0.3 0.15555555555555556 0.265625 0.17222222222222222 0.2609375 0.19166666666666668 0.2921875 0.26944444444444443 0.2984375 0.28055555555555556 0.3171875 0.28055555555555556 0.33125 0.32222222222222224 0.3921875 0.35555555555555557 0.45 0.2861111111111111 0.4703125 0.26944444444444443 0.48125 0.26944444444444443 0.4890625 0.25555555555555554 0.5171875 0.2388888888888889 0.5609375 0.19444444444444445 0.5828125 0.1388888888888889 0.5875 0.16111111111111112 0.621875 0.17777777777777778 0.6453125 0.21388888888888888 0.66875 0.2 0.684375 0.16666666666666666 0.6828125 0.11388888888888889 0.66875 0.07777777777777778 0.646875 0.06111111111111111 0.634375 0.03333333333333333 0.603125 0.022222222222222223 0.5953125 0.005555555555555556
5 0 0.49722222222222223 0 0.6666666666666666 0.0203125 0.6805555555555556 0.0515625 0.6166666666666667 0.0828125 0.5833333333333334 0.0875 0.5666666666666667 0.0171875 0.5555555555555556 0.015625 0.5472222222222223 0.021875 0.5444444444444444 0.0140625 0.5333333333333333 0.028125 0.5277777777777778 0.01875 0.5111111111111111 0.00625 0.5111111111111111 0.0015625 0.49722222222222223
90 0.0234375 0.8555555555555555 0.0078125 0.8722222222222222 0.0140625 0.9027777777777778 0.0328125 0.9055555555555556 0.0484375 0.8944444444444445 0.1171875 0.9 0.1265625 0.9222222222222223 0.13125 0.9611111111111111 0.121875 0.9972222222222222 0.2203125 0.9972222222222222 0.2140625 0.9805555555555555 0.2015625 0.9777777777777777 0.209375 0.9694444444444444 0.2078125 0.9611111111111111 0.1953125 0.9527777777777777 0.190625 0.9333333333333333 0.1828125 0.9361111111111111 0.175 0.925 0.1734375 0.9027777777777778 0.1453125 0.8722222222222222 0.1203125 0.8722222222222222 0.109375 0.8638888888888889 0.10625 0.8722222222222222 0.09375 0.8666666666666667 0.059375 0.875 0.028125 0.8555555555555555
90 0.0640625 0.9527777777777777 0.0609375 0.975 0.071875 0.975 0.0734375 0.9972222222222222 0.084375 0.9972222222222222 0.090625 0.9805555555555555 0.115625 0.9694444444444444 0.0859375 0.9694444444444444 0.0765625 0.9527777777777777
64 0.50809375 0.4120277777777778 0.09768750000000001 0.010138888888888888
42 0.5085625 0.39763888888888893 0.09503125 0.012944444444444444
68 0.08842187500000001 0.1584722222222222 0.17684375000000002 0.3118611111111111
1 0.1436875 0.2554444444444444 0.0206875 0.03677777777777778
82 0.15367187499999999 0.2421388888888889 0.01640625 0.03297222222222222
66 0.07559375 0.1584722222222222 0.021390625 0.0355
49 0.049203125 0.11219444444444444 0.017109375 0.03677777777777778
83 0.063109375 0.10013888888888887 0.01640625 0.03297222222222222
50 0.066671875 0.08430555555555556 0.01925 0.029166666666666667