97 0.5 0.46944444444444444 0.490625 0.5027777777777778 0.49375 0.5333333333333333 0.4703125 0.6027777777777777 0.4859375 0.6194444444444445 0.5 0.6111111111111112 0.5046875 0.575 0.5125 0.5555555555555556 0.5140625 0.5694444444444444 0.5234375 0.5666666666666667 0.5125 0.5277777777777778 0.5140625 0.49166666666666664 0.5078125 0.46944444444444444
24 0.403125 0.4027777777777778 0.3921875 0.4388888888888889 0.3734375 0.4722222222222222 0.3875 0.5027777777777778 0.415625 0.5361111111111111 0.434375 0.5055555555555555 0.4421875 0.5138888888888888 0.45 0.5083333333333333 0.4578125 0.49444444444444446 0.4625 0.4666666666666667 0.4546875 0.45555555555555555 0.459375 0.4388888888888889 0.44375 0.44166666666666665 0.4265625 0.41388888888888886 0.4125 0.4222222222222222 0.4046875 0.40555555555555556
63 0.340625 0.25555555555555554 0.3265625 0.2861111111111111 0.315625 0.2972222222222222 0.309375 0.2916666666666667 0.31875 0.35555555555555557 0.309375 0.39166666666666666 0.3171875 0.42777777777777776 0.3328125 0.44166666666666665 0.3515625 0.4861111111111111 0.41875 0.5972222222222222 0.371875 0.49444444444444446 0.3671875 0.4722222222222222 0.334375 0.4111111111111111 0.3359375 0.37777777777777777 0.3515625 0.35833333333333334 0.359375 0.44722222222222224 0.3765625 0.45 0.3828125 0.4111111111111111 0.38125 0.36944444444444446 0.3890625 0.3611111111111111 0.3828125 0.3388888888888889 0.3875 0.3138888888888889 0.38125 0.3055555555555556 0.3875 0.2972222222222222 0.39375 0.3111111111111111 0.396875 0.3 0.3921875 0.2916666666666667 0.3828125 0.2972222222222222 0.3734375 0.2833333333333333 0.3765625 0.25833333333333336 0.359375 0.26666666666666666 0.353125 0.25555555555555554 0.3421875 0.25555555555555554
64 0.5099375 0.4123055555555556 0.09759375 0.009555555555555555
42 0.51084375 0.3979722222222222 0.0958125 0.01591666666666667
24 0.528125 0.33055555555555555 0.5109375 0.35555555555555557 0.5125 0.375 0.521875 0.3861111111111111 0.5359375 0.38333333333333336 0.5390625 0.36666666666666664 0.5515625 0.35833333333333334 0.5453125 0.3333333333333333 0.5296875 0.3333333333333333
86 0.9265625 0.5194444444444445 0.8953125 0.55 0.8890625 0.6111111111111112 0.9046875 0.6527777777777778 0.9359375 0.6638888888888889 0.9609375 0.6361111111111111 0.96875 0.5861111111111111 0.95625 0.5388888888888889 0.928125 0.5194444444444445
68 0.09031249999999999 0.16055555555555553 0.18062499999999998 0.32111111111111107
49 0.10207812499999999 0.2013611111111111 0.02328125 0.027055555555555555
1 0.0958125 0.08755555555555555 0.019703125 0.03819444444444445
29 0.11014062499999999 0.07402777777777778 0.02328125 0.042972222222222224
66 0.12625 0.08836111111111111 0.021484375 0.042972222222222224
30 0.133421875 0.03102777777777778 0.025078125 0.03980555555555555
45 0.659375 0.8472222222222222 0.646875 0.8638888888888889 0.6421875 0.9055555555555556 0.653125 0.9333333333333333 0.6625 0.9388888888888889 0.6828125 0.9305555555555556 0.6953125 0.8972222222222223 0.6890625 0.8611111111111112 0.671875 0.8472222222222222