97 0.4984375 0.4638888888888889 0.4875 0.49166666666666664 0.4890625 0.5138888888888888 0.475 0.5694444444444444 0.484375 0.5916666666666667 0.50625 0.6138888888888889 0.5109375 0.5222222222222223 0.5203125 0.525 0.5015625 0.4638888888888889
16 0.384375 0.7333333333333333 0.371875 0.75 0.3625 0.7472222222222222 0.35 0.7611111111111111 0.3453125 0.8083333333333333 0.325 0.825 0.325 0.8472222222222222 0.3453125 0.825 0.3453125 0.8888888888888888 0.365625 0.8944444444444445 0.38125 0.8833333333333333 0.3875 0.8972222222222223 0.3875 0.9388888888888889 0.3921875 0.9555555555555556 0.3984375 0.9361111111111111 0.3953125 0.8722222222222222 0.40625 0.8833333333333333 0.415625 0.9333333333333333 0.4203125 0.9333333333333333 0.421875 0.9194444444444444 0.4140625 0.8694444444444445 0.4 0.8555555555555555 0.4078125 0.85 0.4484375 0.8583333333333333 0.459375 0.8472222222222222 0.459375 0.8361111111111111 0.4515625 0.8222222222222222 0.4140625 0.8305555555555556 0.4125 0.8055555555555556 0.396875 0.7972222222222223 0.3953125 0.75 0.3859375 0.7361111111111112
79 0.3661875 0.40413888888888894 0.09406250000000001 0.011944444444444443
40 0.36507812500000003 0.38722222222222225 0.098546875 0.017916666666666668
38 0.3515625 0.3472222222222222 0.34375 0.3611111111111111 0.3453125 0.37222222222222223 0.375 0.375 0.3734375 0.3638888888888889 0.3546875 0.3472222222222222
38 0.3625 0.39166666666666666 0.3484375 0.4305555555555556 0.3453125 0.4777777777777778 0.365625 0.4861111111111111 0.3875 0.4638888888888889 0.3765625 0.4222222222222222 0.36875 0.4111111111111111 0.371875 0.39166666666666666
5 0.540625 0.2111111111111111 0.525 0.23333333333333334 0.5171875 0.225 0.5015625 0.23055555555555557 0.49375 0.21944444444444444 0.4640625 0.28055555555555556 0.453125 0.2861111111111111 0.45625 0.34444444444444444 0.4703125 0.3611111111111111 0.4734375 0.37777777777777777 0.4890625 0.37777777777777777 0.4921875 0.36944444444444446 0.4859375 0.3638888888888889 0.4984375 0.35833333333333334 0.55625 0.35833333333333334 0.5609375 0.3638888888888889 0.559375 0.4027777777777778 0.5421875 0.43333333333333335 0.5515625 0.4361111111111111 0.55625 0.4527777777777778 0.6078125 0.48055555555555557 0.6609375 0.49444444444444446 0.6921875 0.5138888888888888 0.7171875 0.5138888888888888 0.746875 0.5305555555555556 0.796875 0.5277777777777778 0.809375 0.5194444444444445 0.834375 0.48055555555555557 0.83125 0.44166666666666665 0.8375 0.4111111111111111 0.825 0.38333333333333336 0.7875 0.35555555555555557 0.759375 0.35 0.7546875 0.33611111111111114 0.7421875 0.3333333333333333 0.734375 0.3194444444444444 0.7171875 0.325 0.7078125 0.3055555555555556 0.6921875 0.3055555555555556 0.684375 0.2833333333333333 0.675 0.2972222222222222 0.6671875 0.2972222222222222 0.6625 0.2833333333333333 0.6421875 0.2972222222222222 0.6375 0.2777777777777778 0.621875 0.2777777777777778 0.6109375 0.25 0.5828125 0.25 0.5609375 0.21666666666666667 0.5515625 0.22777777777777777 0.54375 0.2111111111111111
64 0.50953125 0.41411111111111115 0.09182812500000001 0.011944444444444443
42 0.51009375 0.3971666666666666 0.09518750000000001 0.02188888888888889
68 0.08882812500000001 0.15791666666666668 0.17765625000000002 0.31583333333333335
82 0.098421875 0.2916111111111111 0.021234375 0.04461111111111111
1 0.127359375 0.31219444444444444 0.021234375 0.030888888888888886
83 0.11868749999999999 0.30619444444444444 0.017374999999999998 0.03258333333333333
2 0.137015625 0.28475 0.019296874999999998 0.03775
49 0.02653125 0.0626111111111111 0.018328125 0.03944444444444444
66 0.037625 0.06688888888888889 0.013515625 0.04116666666666667
35 0.168265625 0.30127777777777776 0.02403125 0.03847222222222222
22 0.0078125 0.018166666666666668 0.015625 0.036333333333333336