5 0.3109375 0.16216216216216217 0.253125 0.20608108108108109 0.2390625 0.25675675675675674 0.240625 0.2972972972972973 0.2484375 0.30405405405405406 0.2734375 0.28716216216216217 0.2953125 0.28716216216216217 0.3484375 0.30743243243243246 0.4109375 0.3581081081081081 0.434375 0.40540540540540543 0.440625 0.43243243243243246 0.446875 0.42567567567567566 0.440625 0.3918918918918919 0.4484375 0.375 0.4734375 0.375 0.478125 0.3547297297297297 0.5140625 0.3581081081081081 0.515625 0.34797297297297297 0.4953125 0.3141891891891892 0.490625 0.28040540540540543 0.484375 0.2702702702702703 0.478125 0.2702702702702703 0.4828125 0.28040540540540543 0.4734375 0.28040540540540543 0.475 0.27364864864864863 0.46875 0.2702702702702703 0.4828125 0.2635135135135135 0.41875 0.25675675675675674 0.4125 0.24324324324324326 0.4109375 0.21621621621621623 0.396875 0.19932432432432431 0.3765625 0.1858108108108108 0.359375 0.1891891891891892 0.34375 0.16216216216216217 0.3171875 0.16216216216216217
65 0.473953125 0.32797297297297295 0.059890624999999996 0.1097972972972973
56 0.634375 0.5168918918918919 0.6265625 0.5304054054054054 0.625 0.5608108108108109 0.609375 0.5912162162162162 0.6265625 0.5912162162162162 0.6328125 0.6148648648648649 0.6296875 0.7128378378378378 0.6359375 0.6486486486486487 0.64375 0.6216216216216216 0.640625 0.5641891891891891 0.6484375 0.5574324324324325 0.6609375 0.5777027027027027 0.6625 0.625 0.66875 0.6216216216216216 0.6703125 0.6047297297297297 0.659375 0.5472972972972973 0.6421875 0.5168918918918919
97 0.5 0.46621621621621623 0.4921875 0.4966216216216216 0.49375 0.5405405405405406 0.4875 0.5878378378378378 0.490625 0.6081081081081081 0.496875 0.597972972972973 0.5015625 0.5641891891891891 0.5109375 0.5945945945945946 0.5203125 0.5709459459459459 0.5109375 0.527027027027027 0.5140625 0.5 0.5046875 0.46621621621621623
86 0.8546875 0.5236486486486487 0.834375 0.5304054054054054 0.821875 0.5641891891891891 0.825 0.625 0.8421875 0.6486486486486487 0.8625 0.6452702702702703 0.8734375 0.625 0.8765625 0.597972972972973 0.884375 0.5912162162162162 0.8765625 0.543918918918919 0.8625 0.5236486486486487
84 0.7203125 0.8108108108108109 0.6984375 0.8243243243243243 0.6875 0.8682432432432432 0.6921875 0.9155405405405406 0.715625 0.9425675675675675 0.7390625 0.9222972972972973 0.746875 0.8986486486486487 0.7453125 0.8851351351351351 0.7515625 0.8783783783783784 0.7453125 0.8378378378378378 0.7234375 0.8108108108108109
45 0.6296875 0.847972972972973 0.61875 0.8716216216216216 0.61875 0.9087837837837838 0.63125 0.9324324324324325 0.6453125 0.9324324324324325 0.6546875 0.9155405405405406 0.6578125 0.8817567567567568 0.64375 0.847972972972973
69 0.713671875 0 0.65625 0 0.6578125 0.02027027027027027 0.65 0.037162162162162164 0.65 0.06756756756756757 0.6609375 0.10472972972972973 0.675 0.11148648648648649 0.671875 0.17229729729729729 0.678125 0.1858108108108108 0.6859375 0.17567567567567569 0.696875 0.19256756756756757 0.7015625 0.1858108108108108 0.6875 0.11148648648648649 0.6984375 0.09121621621621621 0.70625 0.09121621621621621 0.7109375 0.07432432432432433 0.7171875 0.07432432432432433 0.721875 0
5 0.025 0.1554054054054054 0.0171875 0.1858108108108108 0.0109375 0.17229729729729729 0 0.17229729729729729 0 0.46621621621621623 0.04375 0.4155405405405405 0.0671875 0.33783783783783783 0.0640625 0.32094594594594594 0.04375 0.31756756756756754 0.0328125 0.2972972972972973 0.0375 0.18243243243243243 0.0265625 0.15878378378378377
5 0.98125 0.7297297297297297 0.965625 0.75 0.946875 0.8108108108108109 0.9375 0.8074324324324325 0.9421875 0.7837837837837838 0.9359375 0.777027027027027 0.9109375 0.8074324324324325 0.903125 0.8412162162162162 0.9046875 0.8918918918918919 0.8875 0.9391891891891891 0.8953125 0.9966216216216216 0.9984375 0.9966216216216216 0.9984375 0.7702702702702703 0.9859375 0.7837837837837838 0.98125 0.7364864864864865
23 0.624859375 0.43537162162162163 0.082125 0.019256756756756758
40 0.62565625 0.4222972972972973 0.08203125 0.022533783783783783
64 0.477921875 0.24283783783783783 0.081140625 0.01070945945945946
40 0.481125 0.22804054054054054 0.076828125 0.022533783783783783
41 0.6360625 0.11682432432432432 0.076828125 0.014087837837837838
64 0.5061093750000001 0.41077702702702706 0.07223437499999999 0.012837837837837837
42 0.5075937500000001 0.40006756756756756 0.081140625 0.01712837837837838
68 0.11376562500000001 0.15635135135135136 0.144640625 0.31273648648648644
29 0.0435625 0.29625 0.021140625 0.029256756756756756
66 0.153609375 0.2821283783783784 0.01028125 0.02222972972972973
82 0.15426562500000002 0.2605743243243243 0.0115625 0.02918918918918919
1 0.162609375 0.28418918918918923 0.012859375000000001 0.02641891891891892
83 0.16421875 0.25780405405405404 0.014781250000000001 0.020844594594594593
67 0.1606875 0.23070945945945948 0.012859375000000001 0.030574324324324328
2 0.172578125 0.23695945945945945 0.013500000000000002 0.03195945945945946
49 0.07359375 0.10493243243243243 0.0160625 0.03472972972972973
50 0.08870312500000001 0.10908783783783783 0.016718749999999998 0.04307432432432432
94 0.083875 0.08476351351351351 0.018640625 0.025