97 0.5 0.4666666666666667 0.4890625 0.5111111111111111 0.4765625 0.5166666666666667 0.4765625 0.5305555555555556 0.4859375 0.5222222222222223 0.49375 0.5305555555555556 0.484375 0.5888888888888889 0.4890625 0.6138888888888889 0.4953125 0.6055555555555555 0.5015625 0.5666666666666667 0.5109375 0.5916666666666667 0.5171875 0.5916666666666667 0.5234375 0.575 0.5234375 0.5555555555555556 0.5140625 0.5222222222222223 0.5203125 0.5 0.5109375 0.4888888888888889 0.50625 0.4666666666666667
5 0.3125 0.5638888888888889 0.30625 0.575 0.2828125 0.5777777777777777 0.2671875 0.5777777777777777 0.25625 0.5666666666666667 0.246875 0.5888888888888889 0.23125 0.6027777777777777 0.215625 0.6416666666666667 0.2 0.6194444444444445 0.1890625 0.6555555555555556 0.1734375 0.6472222222222223 0.1671875 0.6694444444444444 0.1578125 0.6666666666666666 0.1734375 0.7111111111111111 0.165625 0.7416666666666667 0.178125 0.7583333333333333 0.190625 0.7972222222222223 0.2109375 0.8027777777777778 0.2203125 0.8194444444444444 0.2359375 0.825 0.2859375 0.8194444444444444 0.2953125 0.8361111111111111 0.3015625 0.8222222222222222 0.3390625 0.8055555555555556 0.3546875 0.7805555555555556 0.3640625 0.7833333333333333 0.3625 0.7583333333333333 0.378125 0.7333333333333333 0.36875 0.6916666666666667 0.3734375 0.6583333333333333 0.3671875 0.65 0.3671875 0.6305555555555555 0.3484375 0.6222222222222222 0.334375 0.5944444444444444 0.325 0.5944444444444444 0.3140625 0.5638888888888889
5 0.2359375 0.08611111111111111 0.2125 0.10555555555555556 0.209375 0.13055555555555556 0.203125 0.1361111111111111 0.20625 0.1527777777777778 0.1984375 0.16666666666666666 0.1875 0.16111111111111112 0.1875 0.16944444444444445 0.1953125 0.175 0.18125 0.19166666666666668 0.18125 0.25555555555555554 0.184375 0.2611111111111111 0.1875 0.24166666666666667 0.1921875 0.24722222222222223 0.196875 0.2388888888888889 0.1984375 0.25277777777777777 0.2140625 0.26944444444444443 0.2203125 0.28888888888888886 0.2578125 0.3333333333333333 0.2703125 0.3333333333333333 0.284375 0.325 0.290625 0.3111111111111111 0.3125 0.3055555555555556 0.321875 0.28055555555555556 0.321875 0.2361111111111111 0.3109375 0.20555555555555555 0.30625 0.16666666666666666 0.2984375 0.1527777777777778 0.2828125 0.1527777777777778 0.2703125 0.11388888888888889 0.2578125 0.11666666666666667 0.2546875 0.10277777777777777 0.240625 0.08611111111111111
5 0.8015625 0.3111111111111111 0.7828125 0.3138888888888889 0.75625 0.38333333333333336 0.753125 0.4111111111111111 0.7640625 0.4527777777777778 0.8078125 0.49166666666666664 0.8640625 0.49722222222222223 0.884375 0.4888888888888889 0.8828125 0.48055555555555557 0.9125 0.4027777777777778 0.9109375 0.37777777777777777 0.8984375 0.37222222222222223 0.8875 0.35 0.8765625 0.3472222222222222 0.8671875 0.32222222222222224 0.8484375 0.3111111111111111 0.803125 0.3111111111111111
59 0.6671875 0.675 0.6578125 0.6861111111111111 0.6578125 0.7194444444444444 0.6109375 0.7916666666666666 0.596875 0.8 0.578125 0.7972222222222223 0.578125 0.7777777777777778 0.6 0.7777777777777778 0.571875 0.7777777777777778 0.575 0.7833333333333333 0.56875 0.8083333333333333 0.5625 0.8166666666666667 0.55625 0.85 0.5375 0.8833333333333333 0.5296875 0.9194444444444444 0.5203125 0.9361111111111111 0.509375 0.9388888888888889 0.5125 0.95 0.503125 0.9527777777777777 0.4984375 0.9388888888888889 0.4875 0.9638888888888889 0.48125 0.9638888888888889 0.4765625 0.9972222222222222 0.8 0.9972222222222222 0.784375 0.9555555555555556 0.7859375 0.9388888888888889 0.796875 0.9222222222222223 0.796875 0.9 0.8046875 0.8916666666666667 0.8015625 0.8444444444444444 0.7859375 0.8166666666666667 0.7578125 0.8111111111111111 0.7125 0.7555555555555555 0.709375 0.7638888888888888 0.6921875 0.7555555555555555 0.684375 0.7694444444444445 0.671875 0.7555555555555555 0.6734375 0.7722222222222223 0.6859375 0.7722222222222223 0.6859375 0.7888888888888889 0.675 0.8083333333333333 0.6609375 0.825 0.634375 0.8333333333333334 0.63125 0.8555555555555555 0.609375 0.8555555555555555 0.609375 0.8194444444444444 0.6828125 0.7111111111111111 0.684375 0.6861111111111111 0.675 0.675
85 0.8203125 0.625 0.7984375 0.6388888888888888 0.778125 0.6861111111111111 0.778125 0.7027777777777777 0.790625 0.7361111111111112 0.8125 0.7638888888888888 0.8421875 0.7583333333333333 0.85625 0.7388888888888889 0.8640625 0.7138888888888889 0.8640625 0.6722222222222223 0.859375 0.6583333333333333 0.8453125 0.6333333333333333 0.8328125 0.625
84 0.7625 0.8111111111111111 0.74375 0.8277777777777777 0.73125 0.8583333333333333 0.734375 0.9027777777777778 0.7546875 0.9305555555555556 0.7859375 0.9194444444444444 0.796875 0.8888888888888888 0.79375 0.8388888888888889 0.775 0.8111111111111111
68 0.09003125 0.15880555555555556 0.180046875 0.31758333333333333
64 0.508984375 0.4115 0.09715625 0.012027777777777778
42 0.50940625 0.39949999999999997 0.0996875 0.018027777777777778
49 0.15290625 0.2793333333333333 0.021968750000000002 0.036055555555555556
82 0.10559375 0.2177777777777778 0.016890625 0.03302777777777778
1 0.1241875 0.20575 0.018578125 0.036055555555555556
66 0.114890625 0.18622222222222223 0.013515625 0.030027777777777778
29 0.14150000000000001 0.05480555555555556 0.021124999999999998 0.03755555555555556
64 0.7320156250000001 0.710388888888889 0.092078125 0.009000000000000001
40 0.7324375 0.6961111111111111 0.091234375 0.013527777777777777
45 0.6625 0.85 0.646875 0.8694444444444445 0.64375 0.8916666666666667 0.646875 0.9111111111111111 0.659375 0.9333333333333333 0.678125 0.9333333333333333 0.6921875 0.9055555555555556 0.6921875 0.8777777777777778 0.6765625 0.85