84 0.71875 0.8108108108108109 0.7 0.8243243243243243 0.6859375 0.8648648648648649 0.6953125 0.918918918918919 0.7140625 0.9358108108108109 0.7390625 0.9222972972972973 0.746875 0.8986486486486487 0.7484375 0.8682432432432432 0.7390625 0.8243243243243243 0.725 0.8108108108108109
90 0.359375 0.2972972972972973 0.3546875 0.3310810810810811 0.359375 0.3783783783783784 0.3546875 0.38513513513513514 0.378125 0.38513513513513514 0.384375 0.39864864864864863 0.3828125 0.43243243243243246 0.39375 0.4391891891891892 0.396875 0.4831081081081081 0.38125 0.5033783783783784 0.3734375 0.527027027027027 0.3453125 0.5371621621621622 0.328125 0.6182432432432432 0.3484375 0.597972972972973 0.353125 0.6452702702702703 0.3640625 0.6756756756756757 0.353125 0.7094594594594594 0.34375 0.777027027027027 0.371875 0.831081081081081 0.3859375 0.831081081081081 0.415625 0.8175675675675675 0.4421875 0.7668918918918919 0.4421875 0.6317567567567568 0.4296875 0.5168918918918919 0.4140625 0.4966216216216216 0.4203125 0.4797297297297297 0.4109375 0.4594594594594595 0.4015625 0.40878378378378377 0.3890625 0.3952702702702703 0.3640625 0.30743243243243246
56 0.353125 0.4864864864864865 0.3265625 0.5067567567567568 0.33125 0.5608108108108109 0.3453125 0.5337837837837838 0.3703125 0.527027027027027 0.3609375 0.5101351351351351 0.3625 0.4864864864864865
97 0.4953125 0.46959459459459457 0.490625 0.5 0.49375 0.5337837837837838 0.475 0.5912162162162162 0.475 0.6047297297297297 0.484375 0.6182432432432432 0.5125 0.597972972972973 0.5203125 0.581081081081081 0.515625 0.5405405405405406 0.5203125 0.5304054054054054 0.528125 0.5337837837837838 0.525 0.5202702702702703 0.5109375 0.5168918918918919 0.5125 0.4966216216216216 0.50625 0.46959459459459457
24 0.734375 0.4560810810810811 0.7203125 0.4797297297297297 0.721875 0.5236486486486487 0.73125 0.5405405405405406 0.7390625 0.5405405405405406 0.740625 0.5135135135135135 0.7546875 0.5 0.7359375 0.4560810810810811
24 0.675 0.2972972972972973 0.665625 0.31756756756756754 0.646875 0.31756756756756754 0.6390625 0.34459459459459457 0.6578125 0.3918918918918919 0.6734375 0.3952702702702703 0.69375 0.375 0.6828125 0.34797297297297297 0.6765625 0.2972972972972973
25 0.728125 0.3547297297297297 0.7125 0.3783783783783784 0.7109375 0.4155405405405405 0.7171875 0.4222972972972973 0.7296875 0.4189189189189189 0.7390625 0.38175675675675674 0.7296875 0.3547297297297297
25 0.809375 0.36486486486486486 0.7828125 0.41216216216216217 0.775 0.3952702702702703 0.775 0.44256756756756754 0.7828125 0.46283783783783783 0.8203125 0.46283783783783783 0.825 0.4527027027027027 0.8421875 0.39864864864864863 0.8203125 0.36486486486486486
25 0.790625 0.2972972972972973 0.7703125 0.32432432432432434 0.76875 0.3547297297297297 0.7765625 0.375 0.7875 0.36824324324324326 0.790625 0.30067567567567566
98 0.9265625 0.23310810810810811 0.915625 0.24662162162162163 0.9203125 0.26013513513513514 0.9046875 0.3310810810810811 0.915625 0.30743243243243246 0.9234375 0.32094594594594594 0.934375 0.2905405405405405 0.9328125 0.27702702702702703 0.9390625 0.25675675675675674 0.93125 0.23310810810810811
28 0.8890625 0.057432432432432436 0.8796875 0.0945945945945946 0.8796875 0.13175675675675674 0.8984375 0.12162162162162163 0.8921875 0.057432432432432436
5 0.6137152777777778 0 0.5484375 0 0.5421875 0.04391891891891892 0.53125 0.05067567567567568 0.56875 0.07094594594594594 0.5890625 0.09797297297297297 0.6125 0.1554054054054054 0.6484375 0.16891891891891891 0.6671875 0.13175675675675674 0.6625 0.07094594594594594 0.6484375 0.057432432432432436 0.621875 0
5 0.971875 0.5236486486486487 0.9515625 0.5608108108108109 0.9390625 0.5608108108108109 0.9328125 0.581081081081081 0.91875 0.5912162162162162 0.909375 0.6216216216216216 0.8765625 0.6554054054054054 0.875 0.6655405405405406 0.88125 0.6722972972972973 0.8765625 0.6959459459459459 0.8375 0.7027027027027027 0.8265625 0.7364864864864865 0.8203125 0.7364864864864865 0.815625 0.7162162162162162 0.8109375 0.7331081081081081 0.7984375 0.7364864864864865 0.7828125 0.7668918918918919 0.7796875 0.8040540540540541 0.7875 0.8108108108108109 0.7875 0.8547297297297297 0.79375 0.8547297297297297 0.7953125 0.8445945945945946 0.7953125 0.7871621621621622 0.8171875 0.7871621621621622 0.8109375 0.7736486486486487 0.8140625 0.7466216216216216 0.840625 0.75 0.8453125 0.7331081081081081 0.8578125 0.7297297297297297 0.88125 0.8006756756756757 0.8765625 0.8074324324324325 0.8890625 0.8243243243243243 0.884375 0.8378378378378378 0.8765625 0.8378378378378378 0.88125 0.847972972972973 0.8765625 0.8581081081081081 0.88125 0.8648648648648649 0.8734375 0.8682432432432432 0.8890625 0.918918918918919 0.8859375 0.9459459459459459 0.98125 0.8986486486486487 0.984375 0.8716216216216216 0.9984375 0.8716216216216216 0.9984375 0.543918918918919 0.99375 0.5506756756756757 0.9921875 0.5337837837837838 0.975 0.5236486486486487
5 0.26860795454545455 0 0.1890625 0 0.1953125 0.0033783783783783786 0.1890625 0.013513513513513514 0.1875 0.04391891891891892 0.1890625 0.19594594594594594 0.215625 0.19594594594594594 0.2390625 0.17905405405405406 0.271875 0.12837837837837837 0.278125 0.0945945945945946 0.2765625 0
64 0.507046875 0.4134121621621622 0.07384375 0.014222972972972973
42 0.5081562500000001 0.3999662162162162 0.0775 0.01581081081081081
23 0.344 0.41655405405405405 0.079703125 0.01108108108108108
40 0.34290625 0.4031081081081081 0.0775 0.012635135135135136
64 0.94684375 0.16124999999999998 0.07896875 0.009493243243243243
41 0.947203125 0.14780405405405406 0.079703125 0.01108108108108108
64 0.9073593750000001 0.03081081081081081 0.076046875 0.007905405405405404
41 0.9073593750000001 0.01739864864864865 0.076046875 0.018986486486486487
68 0.113328125 0.15966216216216217 0.14915625 0.31618243243243244
82 0.075671875 0.31300675675675677 0.0168125 0.044256756756756756
1 0.14440625 0.29324324324324325 0.015359375 0.03635135135135135
66 0.15426562500000002 0.29010135135135134 0.016078125 0.04266891891891892
2 0.17109375 0.2845608108108108 0.017546875 0.03162162162162162
67 0.1670625 0.2647972972972973 0.015359375 0.026858108108108108
49 0.08737500000000001 0.052162162162162164 0.019734375000000002 0.03793918918918919
29 0.067625 0.027668918918918917 0.019734375000000002 0.04266891891891892