97 0.5015625 0.4666666666666667 0.4921875 0.49722222222222223 0.4859375 0.575 0.5 0.6027777777777777 0.5125 0.6055555555555555 0.53125 0.5833333333333334 0.5359375 0.5555555555555556 0.5125 0.5333333333333333 0.5140625 0.5027777777777778 0.50625 0.4666666666666667
52 0.421875 0.18888888888888888 0.4109375 0.2 0.403125 0.22777777777777777 0.403125 0.30833333333333335 0.409375 0.3138888888888889 0.4140625 0.28888888888888886 0.4375 0.25 0.4375 0.19444444444444445 0.428125 0.18888888888888888
34 0.45625 0.14166666666666666 0.453125 0.15 0.440625 0.15 0.440625 0.17777777777777778 0.428125 0.18888888888888888 0.43125 0.19444444444444445 0.440625 0.18611111111111112 0.4359375 0.2111111111111111 0.4421875 0.225 0.4359375 0.2388888888888889 0.4375 0.25833333333333336 0.4484375 0.25 0.4546875 0.2722222222222222 0.459375 0.25833333333333336 0.4515625 0.25 0.4546875 0.2388888888888889 0.465625 0.25833333333333336 0.4765625 0.2611111111111111 0.478125 0.24166666666666667 0.471875 0.2111111111111111 0.475 0.2 0.5015625 0.19444444444444445 0.4859375 0.15555555555555556 0.471875 0.15555555555555556 0.4609375 0.14166666666666666
65 0.2796875 0.30277777777777776 0.246875 0.33611111111111114 0.275 0.3888888888888889 0.2984375 0.37222222222222223 0.30625 0.3527777777777778 0.275 0.34444444444444444 0.2828125 0.325 0.275 0.325 0.2734375 0.3111111111111111 0.2828125 0.30277777777777776
92 0.6640625 0.3333333333333333 0.6234375 0.38333333333333336 0.621875 0.42777777777777776 0.6390625 0.45555555555555555 0.684375 0.4638888888888889 0.7015625 0.4111111111111111 0.70625 0.37222222222222223 0.703125 0.35555555555555557 0.6875 0.33611111111111114 0.6671875 0.3333333333333333
56 0.640625 0 0.6265625 0.005555555555555556 0.6265625 0.03333333333333333 0.6203125 0.04722222222222222 0.625 0.075 0.6359375 0.08611111111111111 0.659375 0.07222222222222222 0.665625 0.05277777777777778 0.65 0
64 0.50909375 0.414 0.098109375 0.01186111111111111
42 0.508234375 0.39549999999999996 0.101515625 0.015611111111111112
64 0.42739062499999997 0.1323888888888889 0.096125 0.011750000000000002
40 0.428609375 0.11936111111111111 0.0990625 0.015250000000000001
64 0.256796875 0.2543611111111111 0.0983125 0.010444444444444444
40 0.2564375 0.24130555555555558 0.099046875 0.018250000000000002
33 0.462984375 0.09 0.0983125 0.010444444444444444
41 0.46334375000000005 0.075 0.096125 0.022166666666666668
5 0.288671875 0 0.2640625 0 0.259375 0.011111111111111112 0.25 0.011111111111111112 0.2609375 0.013888888888888888 0.2625 0.025 0.2375 0.06388888888888888 0.2359375 0.11388888888888889 0.2609375 0.14166666666666666 0.2703125 0.16944444444444445 0.28125 0.175 0.303125 0.1638888888888889 0.3078125 0.08888888888888889 0.3125 0.08611111111111111 0.3140625 0.09444444444444444 0.321875 0.06666666666666667 0.303125 0.05277777777777778 0.296875 0
24 0.0671875 0.8527777777777777 0.0359375 0.8805555555555555 0.028125 0.9111111111111111 0.0171875 0.925 0.0203125 0.9388888888888889 0.009375 0.9722222222222222 0.0171875 0.9972222222222222 0.075 0.9888888888888889 0.0984375 0.9555555555555556 0.1015625 0.9361111111111111 0.0875 0.9416666666666667 0.08125 0.9305555555555556 0.08125 0.9111111111111111 0.0953125 0.8972222222222223 0.090625 0.8666666666666667 0.06875 0.8527777777777777
68 0.08871875 0.16083333333333333 0.1774375 0.32166666666666666
84 0.771875 0.8138888888888889 0.7546875 0.8166666666666667 0.7390625 0.8305555555555556 0.7296875 0.8638888888888889 0.7390625 0.9333333333333333 0.759375 0.9527777777777777 0.7875 0.9444444444444444 0.803125 0.9166666666666666 0.8078125 0.8916666666666667 0.8015625 0.8388888888888889 0.7828125 0.8138888888888889
86 0.9203125 0.5277777777777778 0.8984375 0.5472222222222223 0.8921875 0.5694444444444444 0.890625 0.6194444444444445 0.9046875 0.6527777777777778 0.9359375 0.6638888888888889 0.9546875 0.6472222222222223 0.965625 0.625 0.96875 0.5777777777777777 0.95625 0.5388888888888889 0.9328125 0.5277777777777778
49 0.073640625 0.2453611111111111 0.02203125 0.033
29 0.09568750000000001 0.05258333333333333 0.01971875 0.043305555555555555
82 0.10582812500000001 0.10038888888888889 0.01278125 0.029055555555555557
66 0.11968749999999999 0.1111111111111111 0.02059375 0.027777777777777776
83 0.118265625 0.08650000000000001 0.014921875000000001 0.02652777777777778
1 0.125359375 0.07008333333333333 0.01775 0.03661111111111111
67 0.13425 0.058722222222222224 0.019890625000000002 0.03661111111111111
30 0.154140625 0.02538888888888889 0.02415625 0.03258333333333333
45 0.6671875 0.8444444444444444 0.653125 0.8527777777777777 0.6421875 0.8805555555555555 0.6453125 0.9138888888888889 0.6640625 0.9361111111111111 0.6828125 0.9277777777777778 0.69375 0.8916666666666667 0.6890625 0.8638888888888889 0.66875 0.8444444444444444