5 0.278125 0.46111111111111114 0.25625 0.46944444444444444 0.246875 0.49166666666666664 0.234375 0.49166666666666664 0.2265625 0.5027777777777778 0.2140625 0.4888888888888889 0.1984375 0.5083333333333333 0.1875 0.5333333333333333 0.1796875 0.5722222222222222 0.18125 0.6138888888888889 0.1875 0.6277777777777778 0.2375 0.6166666666666667 0.3203125 0.6361111111111111 0.43125 0.7194444444444444 0.4796875 0.8111111111111111 0.4953125 0.8027777777777778 0.50625 0.8083333333333333 0.5359375 0.8555555555555555 0.540625 0.8555555555555555 0.5421875 0.8444444444444444 0.5296875 0.8444444444444444 0.5359375 0.8333333333333334 0.53125 0.8277777777777777 0.5328125 0.7638888888888888 0.5625 0.7638888888888888 0.5640625 0.8055555555555556 0.56875 0.7638888888888888 0.5921875 0.7583333333333333 0.584375 0.75 0.55625 0.75 0.55 0.7388888888888889 0.5609375 0.7 0.5609375 0.65 0.553125 0.6055555555555555 0.5359375 0.5944444444444444 0.521875 0.6027777777777777 0.4890625 0.5555555555555556 0.4703125 0.5472222222222223 0.4640625 0.5111111111111111 0.3875 0.49444444444444446 0.3765625 0.475 0.3640625 0.49166666666666664 0.3453125 0.48055555555555557 0.334375 0.46111111111111114 0.325 0.46111111111111114 0.315625 0.475 0.2984375 0.475 0.2859375 0.46111111111111114
38 0.2484375 0.5486111111111112 0.084375 0.1527777777777778
97 0.4984375 0.4666666666666667 0.4859375 0.48055555555555557 0.4921875 0.5111111111111111 0.4875 0.5416666666666666 0.521875 0.6 0.534375 0.5833333333333334 0.521875 0.5611111111111111 0.521875 0.5361111111111111 0.5140625 0.525 0.5171875 0.5 0.5046875 0.4666666666666667
45 0.665625 0.8444444444444444 0.653125 0.8527777777777777 0.6421875 0.8861111111111111 0.6453125 0.9138888888888889 0.6625 0.9361111111111111 0.68125 0.9305555555555556 0.69375 0.8972222222222223 0.6890625 0.8638888888888889 0.6703125 0.8444444444444444
86 0.921875 0.5222222222222223 0.896875 0.5472222222222223 0.8890625 0.5861111111111111 0.8921875 0.6111111111111112 0.9015625 0.6388888888888888 0.915625 0.65 0.9375 0.65 0.9375 0.6583333333333333 0.9421875 0.6583333333333333 0.9421875 0.6472222222222223 0.953125 0.6444444444444445 0.9515625 0.6333333333333333 0.9578125 0.6333333333333333 0.965625 0.6166666666666667 0.9671875 0.5694444444444444 0.9609375 0.5472222222222223 0.9359375 0.5222222222222223
64 0.509203125 0.4132777777777778 0.096296875 0.013833333333333335
42 0.509203125 0.39772222222222225 0.098234375 0.017305555555555557
79 0.24121874999999998 0.4340277777777778 0.097265625 0.01038888888888889
40 0.24025 0.4201944444444445 0.095328125 0.017305555555555557
68 0.088484375 0.15425 0.17696875 0.3085
49 0.1293125 0.25880555555555557 0.018359375 0.03708333333333333
66 0.14056249999999998 0.2536111111111111 0.0141875 0.041527777777777775
82 0.1535 0.2699166666666667 0.018359375 0.03263888888888889
1 0.157671875 0.25730555555555557 0.0166875 0.03113888888888889
67 0.03128125 0.036333333333333336 0.020859375 0.04005555555555555
30 0.034625 0.014083333333333335 0.017515625 0.025222222222222222