65 0.509109375 0.5363175675675675 0.059890624999999996 0.16611486486486488
97 0.502609375 0.5489864864864865 0.0703125 0.17456081081081082
91 0.61875 0.013513513513513514 0.615625 0.02364864864864865 0.6109375 0.02027027027027027 0.60625 0.057432432432432436 0.5640625 0.06418918918918919 0.5640625 0.12162162162162163 0.5453125 0.16554054054054054 0.5484375 0.20608108108108109 0.553125 0.20945945945945946 0.55 0.2195945945945946 0.584375 0.23310810810810811 0.603125 0.22297297297297297 0.6140625 0.20270270270270271 0.621875 0.06418918918918919 0.6203125 0.016891891891891893
24 0.3953125 0.1554054054054054 0.3921875 0.17905405405405406 0.3796875 0.19594594594594594 0.3796875 0.20945945945945946 0.3953125 0.27364864864864863 0.4109375 0.28040540540540543 0.4296875 0.2533783783783784 0.4390625 0.22297297297297297 0.4359375 0.19932432432432431 0.4265625 0.18243243243243243 0.4046875 0.17567567567567569
37 0.428125 0.3952702702702703 0.421875 0.42567567567567566 0.4234375 0.4864864864864865 0.415625 0.48986486486486486 0.4140625 0.5033783783783784 0.43125 0.5506756756756757 0.4390625 0.5574324324324325 0.4484375 0.5304054054054054 0.4484375 0.4797297297297297 0.440625 0.4560810810810811 0.4390625 0.4189189189189189 0.4296875 0.3952702702702703
63 0.5234375 0.8243243243243243 0.525 0.8581081081081081 0.509375 0.8277027027027027 0.490625 0.8614864864864865 0.484375 0.8885135135135135 0.459375 0.9087837837837838 0.44375 0.902027027027027 0.44375 0.9155405405405406 0.465625 0.9594594594594594 0.4875 0.9695945945945946 0.4859375 0.9831081081081081 0.496875 0.9797297297297297 0.5015625 0.9932432432432432 0.5828125 0.9932432432432432 0.603125 0.9087837837837838 0.6015625 0.8682432432432432 0.59375 0.8716216216216216 0.59375 0.8986486486486487 0.5875 0.918918918918919 0.5640625 0.9324324324324325 0.5546875 0.9087837837837838 0.5546875 0.8986486486486487 0.5609375 0.8952702702702703 0.553125 0.8851351351351351 0.559375 0.8614864864864865 0.5390625 0.8783783783783784 0.5359375 0.8445945945945946 0.525 0.8243243243243243
5 0.65625 0.6621621621621622 0.646875 0.6790540540540541 0.6421875 0.7263513513513513 0.63125 0.7668918918918919 0.628125 0.8040540540540541 0.6359375 0.8378378378378378 0.65 0.8412162162162162 0.6640625 0.8783783783783784 0.684375 0.8986486486486487 0.6953125 0.8344594594594594 0.721875 0.8074324324324325 0.7359375 0.8074324324324325 0.7421875 0.8175675675675675 0.759375 0.8716216216216216 0.778125 0.8547297297297297 0.7796875 0.7905405405405406 0.79375 0.777027027027027 0.7921875 0.7702702702702703 0.784375 0.7635135135135135 0.7578125 0.7804054054054054 0.7578125 0.7702702702702703 0.740625 0.7466216216216216 0.7359375 0.722972972972973 0.690625 0.7297297297297297 0.6796875 0.6993243243243243 0.684375 0.6790540540540541 0.659375 0.6621621621621622
5 0.9859375 0.28040540540540543 0.978125 0.2972972972972973 0.9671875 0.2972972972972973 0.9625 0.32432432432432434 0.95 0.3277027027027027 0.94375 0.34459459459459457 0.9453125 0.3783783783783784 0.9390625 0.3885135135135135 0.9484375 0.39864864864864863 0.9421875 0.41216216216216217 0.9390625 0.40540540540540543 0.9421875 0.4155405405405405 0.93125 0.4560810810810811 0.9328125 0.48986486486486486 0.95 0.5304054054054054 0.9984375 0.5506756756756757 0.9984375 0.30405405405405406 0.99375 0.3108108108108108 0.990625 0.2905405405405405
64 0.5086875 0.41317567567567565 0.0813125 0.01756756756756757
42 0.50715625 0.3997635135135135 0.079421875 0.016891891891891893
78 0.430078125 0.34871621621621623 0.079515625 0.025405405405405403
40 0.43415625 0.31844594594594594 0.076796875 0.023445945945945946
68 0.1129375 0.16118243243243244 0.146375 0.32233108108108105
29 0.069578125 0.03320945945945946 0.019875 0.03908783783783784
1 0.148625 0.13871621621621621 0.015359375 0.03125
49 0.13371875 0.10841216216216218 0.016265625 0.03712837837837838
66 0.14140625 0.12013513513513514 0.017171875 0.02929054054054054
83 0.15721875000000002 0.08790540540540541 0.021687500000000002 0.03125
92 0.1359375 0.652027027027027 0.08125 0.7331081081081081 0.0671875 0.793918918918919 0.0671875 0.8074324324324325 0.0765625 0.8141891891891891 0.0703125 0.8243243243243243 0.078125 0.831081081081081 0.078125 0.8513513513513513 0.0984375 0.8614864864864865 0.140625 0.8547297297297297 0.184375 0.8006756756756757 0.18125 0.7331081081081081 0.1875 0.6824324324324325 0.1734375 0.6587837837837838 0.1375 0.652027027027027