97 0.5046875 0.4638888888888889 0.4984375 0.46944444444444444 0.490625 0.5111111111111111 0.4921875 0.5333333333333333 0.484375 0.575 0.4890625 0.6111111111111112 0.5046875 0.6333333333333333 0.5203125 0.6166666666666667 0.5234375 0.5972222222222222 0.5171875 0.5694444444444444 0.5203125 0.5388888888888889 0.5125 0.525 0.51875 0.5166666666666667 0.5125 0.5111111111111111 0.50625 0.4666666666666667
26 0.421875 0.39444444444444443 0.415625 0.4083333333333333 0.4203125 0.41944444444444445 0.4171875 0.4305555555555556 0.4015625 0.4527777777777778 0.396875 0.48055555555555557 0.4109375 0.5166666666666667 0.4234375 0.5111111111111111 0.428125 0.4777777777777778 0.4359375 0.48055555555555557 0.4453125 0.5027777777777778 0.4453125 0.5111111111111111 0.4328125 0.525 0.4375 0.55 0.4625 0.5666666666666667 0.48125 0.5583333333333333 0.5015625 0.4638888888888889 0.51875 0.5138888888888888 0.5328125 0.5222222222222223 0.5375 0.5111111111111111 0.5390625 0.4638888888888889 0.5125 0.41944444444444445 0.4671875 0.41944444444444445 0.44375 0.4305555555555556 0.425 0.4111111111111111 0.425 0.39444444444444443
5 0.2515625 0.5583333333333333 0.2234375 0.5888888888888889 0.2125 0.5694444444444444 0.20625 0.5888888888888889 0.171875 0.5972222222222222 0.18125 0.6 0.209375 0.65 0.2 0.6722222222222223 0.1859375 0.6555555555555556 0.1734375 0.6555555555555556 0.1703125 0.6416666666666667 0.1546875 0.6388888888888888 0.159375 0.6444444444444445 0.1546875 0.6555555555555556 0.1546875 0.6833333333333333 0.1421875 0.6861111111111111 0.140625 0.6722222222222223 0.13125 0.6611111111111111 0.125 0.6638888888888889 0.1203125 0.6833333333333333 0.1265625 0.7027777777777777 0.1375 0.7 0.1421875 0.7083333333333334 0.140625 0.7194444444444444 0.1515625 0.7277777777777777 0.1515625 0.7444444444444445 0.1640625 0.775 0.171875 0.8222222222222222 0.1859375 0.8555555555555555 0.228125 0.8666666666666667 0.234375 0.8777777777777778 0.2546875 0.8694444444444445 0.2671875 0.8388888888888889 0.2890625 0.8361111111111111 0.309375 0.8138888888888889 0.3078125 0.7916666666666666 0.325 0.7694444444444445 0.328125 0.7222222222222222 0.340625 0.7138888888888889 0.340625 0.7055555555555556 0.3296875 0.6944444444444444 0.3296875 0.6638888888888889 0.3203125 0.6666666666666666 0.31875 0.6416666666666667 0.30625 0.6388888888888888 0.290625 0.6055555555555555 0.265625 0.6083333333333333 0.253125 0.5583333333333333
5 0.6918402777777778 0 0.553125 0 0.5578125 0.008333333333333333 0.5546875 0.019444444444444445 0.5671875 0.04722222222222222 0.60625 0.058333333333333334 0.625 0.09166666666666666 0.6390625 0.09722222222222222 0.678125 0.09444444444444444 0.6921875 0.08333333333333333 0.7046875 0.03888888888888889 0.7 0
65 0.2171875 0.2722222222222222 0.196875 0.2777777777777778 0.1890625 0.2916666666666667 0.1890625 0.30833333333333335 0.196875 0.3194444444444444 0.2 0.3527777777777778 0.2078125 0.3527777777777778 0.221875 0.375 0.23125 0.37222222222222223 0.2265625 0.35555555555555557 0.24375 0.30833333333333335 0.24375 0.3 0.228125 0.2861111111111111 0.23125 0.2722222222222222
85 0.82421875 0.625 0.803125 0.6333333333333333 0.7875 0.6638888888888889 0.7859375 0.7055555555555556 0.796875 0.7416666666666667 0.803125 0.7472222222222222 0.828125 0.75 0.840625 0.7388888888888889 0.85 0.7444444444444445 0.8609375 0.7194444444444444 0.8640625 0.6722222222222223 0.853125 0.6416666666666667 0.834375 0.625
64 0.5085625 0.4099444444444445 0.09471874999999999 0.014027777777777778
42 0.5091249999999999 0.39791666666666664 0.09584375 0.014027777777777778
35 0.16346875 0.2906111111111111 0.019234375 0.05127777777777778
64 0.209171875 0.2125 0.073296875 0.008027777777777778
40 0.209171875 0.19947222222222222 0.06878125 0.018055555555555554
68 0.088515625 0.15736111111111112 0.17703125 0.31472222222222224
1 0.122109375 0.29324999999999996 0.02484375 0.035027777777777776
82 0.07368749999999999 0.07769444444444444 0.013703125 0.03352777777777778
66 0.089125 0.08911111111111111 0.018859375 0.03808333333333334
49 0.059984375 0.0495 0.0205625 0.035027777777777776
22 0.009609375 0.020305555555555556 0.019234375 0.04061111111111111
29 0.07284375 0.028944444444444443 0.015421874999999998 0.036555555555555556
67 0.086546875 0.03733333333333333 0.018859375 0.03808333333333334