97 0.5 0.4666666666666667 0.4859375 0.5166666666666667 0.46875 0.5083333333333333 0.4734375 0.5166666666666667 0.46875 0.5305555555555556 0.484375 0.5222222222222223 0.4921875 0.5277777777777778 0.4828125 0.5861111111111111 0.484375 0.6055555555555555 0.49375 0.6 0.5 0.5638888888888889 0.5125 0.5944444444444444 0.525 0.5694444444444444 0.521875 0.5472222222222223 0.5125 0.5361111111111111 0.5125 0.5111111111111111 0.51875 0.5 0.5109375 0.49166666666666664 0.5046875 0.4666666666666667
5 0.7359375 0.21666666666666667 0.7125 0.225 0.6890625 0.24722222222222223 0.6765625 0.26944444444444443 0.6625 0.32222222222222224 0.6609375 0.375 0.6671875 0.4 0.6671875 0.4305555555555556 0.6859375 0.4583333333333333 0.7328125 0.46944444444444444 0.746875 0.4527777777777778 0.753125 0.4305555555555556 0.753125 0.36944444444444446 0.7484375 0.3527777777777778 0.7578125 0.3 0.7796875 0.25555555555555554 0.78125 0.2361111111111111 0.778125 0.225 0.7578125 0.22777777777777777 0.7421875 0.21666666666666667
26 0.025 0.4305555555555556 0.025 0.4527777777777778 0.009375 0.48055555555555557 0 0.4583333333333333 0 0.6166666666666667 0.021875 0.6194444444444445 0.0421875 0.6055555555555555 0.0875 0.625 0.103125 0.5777777777777777 0.0765625 0.5555555555555556 0.08125 0.5277777777777778 0.0875 0.5166666666666667 0.1 0.5583333333333333 0.1171875 0.5638888888888889 0.121875 0.55 0.121875 0.5083333333333333 0.08125 0.4638888888888889 0.03125 0.45 0.0296875 0.4388888888888889 0.0390625 0.43333333333333335 0.0359375 0.4305555555555556
5 0.2953125 0 0.178125 0 0.1765625 0.044444444444444446 0.1859375 0.06111111111111111 0.196875 0.06111111111111111 0.2109375 0.075 0.2359375 0.06666666666666667 0.3046875 0.08055555555555556 0.3140625 0.1 0.3375 0.11944444444444445 0.3859375 0.11666666666666667 0.40625 0.08333333333333333 0.4015625 0.05277777777777778 0.3484375 0.05555555555555555 0.325 0.05277777777777778 0.3171875 0.041666666666666664 0.30625 0.044444444444444446 0.3 0.019444444444444445 0.30625 0.005555555555555556 0.303125 0
86 0.9375 0.525 0.9078125 0.5333333333333333 0.896875 0.55 0.890625 0.575 0.896875 0.6305555555555555 0.928125 0.6638888888888889 0.953125 0.65 0.9671875 0.6166666666666667 0.965625 0.5611111111111111 0.94375 0.525
85 0.8203125 0.625 0.80625 0.6305555555555555 0.790625 0.6555555555555556 0.784375 0.7111111111111111 0.7890625 0.7333333333333333 0.8078125 0.7611111111111111 0.834375 0.7638888888888888 0.85625 0.7416666666666667 0.8640625 0.7138888888888889 0.8640625 0.6722222222222223 0.846875 0.6333333333333333 0.8234375 0.625
84 0.7744791666666667 0.8138888888888889 0.7453125 0.8222222222222222 0.73125 0.8527777777777777 0.7328125 0.9027777777777778 0.746875 0.9277777777777778 0.771875 0.9333333333333333 0.784375 0.9222222222222223 0.7984375 0.9222222222222223 0.79375 0.9111111111111111 0.7984375 0.8972222222222223 0.8015625 0.9027777777777778 0.8 0.8861111111111111 0.80625 0.8805555555555555 0.803125 0.85 0.7828125 0.8138888888888889
64 0.50878125 0.4110555555555555 0.0944375 0.012555555555555554
42 0.509203125 0.3978333333333333 0.09590625 0.01625
68 0.08737500000000001 0.15611111111111112 0.174734375 0.31222222222222223
49 0.040578125 0.10725 0.023703125 0.03830555555555555
66 0.101265625 0.08616666666666667 0.018671874999999998 0.03702777777777778
29 0.08725000000000001 0.049166666666666664 0.022265625 0.042138888888888885
1 0.1199375 0.15447222222222223 0.018671874999999998 0.03319444444444444
83 0.122796875 0.11236111111111112 0.021546875 0.030638888888888886
50 0.139328125 0.13469444444444445 0.020109375 0.01913888888888889
2 0.14290624999999998 0.11044444444444444 0.020109375 0.021694444444444443
45 0.665625 0.8444444444444444 0.646875 0.8666666666666667 0.64375 0.9111111111111111 0.659375 0.9361111111111111 0.6765625 0.9361111111111111 0.6921875 0.9055555555555556 0.6921875 0.875 0.6828125 0.8527777777777777 0.66875 0.8444444444444444