5 0.684375 0.30277777777777776 0.66875 0.325 0.65 0.3194444444444444 0.6421875 0.33055555555555555 0.634375 0.3277777777777778 0.6296875 0.3416666666666667 0.6015625 0.35 0.5984375 0.35833333333333334 0.5921875 0.34444444444444444 0.5796875 0.36666666666666664 0.565625 0.375 0.5609375 0.41944444444444445 0.553125 0.44166666666666665 0.5453125 0.44722222222222224 0.5453125 0.4666666666666667 0.5390625 0.46944444444444444 0.528125 0.4527777777777778 0.525 0.4583333333333333 0.5171875 0.45 0.5078125 0.4638888888888889 0.50625 0.4888888888888889 0.4828125 0.5111111111111111 0.478125 0.5388888888888889 0.4703125 0.5361111111111111 0.459375 0.5611111111111111 0.4453125 0.5638888888888889 0.44375 0.5944444444444444 0.421875 0.5611111111111111 0.41875 0.5361111111111111 0.4140625 0.5416666666666666 0.415625 0.5555555555555556 0.40625 0.5611111111111111 0.3921875 0.5444444444444444 0.384375 0.5472222222222223 0.3828125 0.5305555555555556 0.375 0.5305555555555556 0.365625 0.5166666666666667 0.359375 0.525 0.3453125 0.525 0.3375 0.5388888888888889 0.3296875 0.5305555555555556 0.321875 0.5527777777777778 0.309375 0.5361111111111111 0.3 0.5638888888888889 0.290625 0.5611111111111111 0.275 0.575 0.2734375 0.6138888888888889 0.296875 0.6833333333333333 0.3046875 0.6888888888888889 0.31875 0.7277777777777777 0.3421875 0.7333333333333333 0.3625 0.8055555555555556 0.4109375 0.8555555555555555 0.4234375 0.8583333333333333 0.4359375 0.8472222222222222 0.446875 0.8166666666666667 0.4890625 0.7694444444444445 0.5125 0.725 0.5203125 0.7305555555555555 0.51875 0.7194444444444444 0.5296875 0.7 0.54375 0.7 0.5609375 0.6777777777777778 0.5625 0.6555555555555556 0.575 0.6277777777777778 0.60625 0.6222222222222222 0.640625 0.5833333333333334 0.6546875 0.5611111111111111 0.6734375 0.49722222222222223 0.684375 0.5277777777777778 0.7140625 0.5388888888888889 0.7375 0.5666666666666667 0.7515625 0.6055555555555555 0.7640625 0.6055555555555555 0.8 0.55 0.8015625 0.4638888888888889 0.78125 0.4388888888888889 0.78125 0.4222222222222222 0.7703125 0.4 0.7578125 0.3972222222222222 0.740625 0.36666666666666664 0.7265625 0.3638888888888889 0.721875 0.3527777777777778 0.7125 0.35833333333333334 0.684375 0.30833333333333335
97 0.5046875 0.5361111111111111 0.05 0.15555555555555556
55 0.378125 0.42777777777777776 0.3671875 0.4527777777777778 0.365625 0.4861111111111111 0.375 0.5055555555555555 0.375 0.525 0.4 0.55 0.41875 0.5277777777777778 0.4203125 0.46944444444444444 0.40625 0.4305555555555556 0.4 0.42777777777777776 0.3953125 0.4361111111111111 0.3890625 0.42777777777777776
5 0.29375 0.07222222222222222 0.2828125 0.10555555555555556 0.28125 0.13333333333333333 0.275 0.14166666666666666 0.2625 0.13055555555555556 0.246875 0.15833333333333333 0.246875 0.20555555555555555 0.2625 0.24166666666666667 0.2875 0.2611111111111111 0.3140625 0.26666666666666666 0.3546875 0.2611111111111111 0.38125 0.24722222222222223 0.396875 0.19166666666666668 0.390625 0.13333333333333333 0.35625 0.07777777777777778 0.3484375 0.08611111111111111 0.3375 0.08333333333333333 0.328125 0.09722222222222222 0.3 0.09444444444444444 0.29375 0.08055555555555556
5 0.65 0 0.55625 0 0.5515625 0.005555555555555556 0.5515625 0.022222222222222223 0.56875 0.06666666666666667 0.6140625 0.075 0.6234375 0.06111111111111111 0.6375 0.058333333333333334 0.6546875 0.025 0.6578125 0
84 0.76953125 0.8138888888888889 0.7421875 0.825 0.7296875 0.8638888888888889 0.73125 0.8944444444444445 0.7390625 0.9222222222222223 0.759375 0.9361111111111111 0.7765625 0.9333333333333333 0.7875 0.9194444444444444 0.796875 0.8916666666666667 0.7953125 0.8416666666666667 0.7796875 0.8138888888888889
45 0.6640625 0.8444444444444444 0.646875 0.8638888888888889 0.6421875 0.9 0.65625 0.9333333333333333 0.6765625 0.9361111111111111 0.690625 0.9138888888888889 0.69375 0.8805555555555555 0.6828125 0.8527777777777777 0.6703125 0.8444444444444444
64 0.5084375 0.4120277777777778 0.094125 0.010138888888888888
42 0.509203125 0.3988333333333334 0.09590625 0.014194444444444445
68 0.08842187500000001 0.15911111111111112 0.17684375000000002 0.3131388888888889
1 0.142984375 0.2649444444444444 0.02353125 0.025361111111111112
83 0.142984375 0.24341666666666664 0.01925 0.0355
49 0.08735937499999999 0.22819444444444445 0.024953125 0.0355
82 0.098046875 0.19141666666666665 0.022109375 0.04055555555555555
66 0.07309375 0.13627777777777778 0.026390625 0.03930555555555556
67 0.096265625 0.13375 0.0228125 0.041833333333333333
29 0.060250000000000005 0.01711111111111111 0.012125 0.03422222222222222
30 0.068453125 0.02408333333333333 0.021390625 0.04055555555555555
94 0.049921875 0.09316666666666666 0.0228125 0.02661111111111111