5 0.4859375 0.49444444444444446 0.4828125 0.5083333333333333 0.4515625 0.5138888888888888 0.45 0.5444444444444444 0.4421875 0.5638888888888889 0.4453125 0.5916666666666667 0.4359375 0.6111111111111112 0.4578125 0.6694444444444444 0.4703125 0.7277777777777777 0.4890625 0.7666666666666667 0.5640625 0.7666666666666667 0.5703125 0.75 0.5890625 0.7444444444444445 0.6171875 0.6777777777777778 0.6234375 0.6583333333333333 0.621875 0.6388888888888888 0.628125 0.6277777777777778 0.628125 0.6194444444444445 0.6171875 0.6111111111111112 0.621875 0.5944444444444444 0.615625 0.5888888888888889 0.6125 0.5694444444444444 0.6015625 0.575 0.56875 0.5277777777777778 0.559375 0.5305555555555556 0.5359375 0.5 0.5125 0.5055555555555555 0.5015625 0.49722222222222223 0.503125 0.5055555555555555 0.496875 0.5138888888888888 0.490625 0.49444444444444446
97 0.4921875 0.575 0.08125 0.22777777777777777
5 0.071875 0.9138888888888889 0.059375 0.9361111111111111 0.0484375 0.9277777777777778 0.0359375 0.9527777777777777 0.025 0.9361111111111111 0.015625 0.9694444444444444 0.015625 0.9972222222222222 0.153125 0.9972222222222222 0.1453125 0.9638888888888889 0.134375 0.9444444444444444 0.125 0.9416666666666667 0.115625 0.9138888888888889 0.10625 0.9222222222222223 0.0734375 0.9166666666666666
84 0.775 0.8111111111111111 0.7453125 0.8222222222222222 0.7296875 0.8638888888888889 0.7390625 0.9305555555555556 0.7625 0.9527777777777777 0.7890625 0.9416666666666667 0.8015625 0.9194444444444444 0.80625 0.8972222222222223 0.80625 0.8638888888888889 0.8 0.8361111111111111 0.7765625 0.8138888888888889
85 0.81875 0.625 0.80625 0.6305555555555555 0.790625 0.6527777777777778 0.7859375 0.7194444444444444 0.80625 0.7583333333333333 0.834375 0.7638888888888888 0.85625 0.7416666666666667 0.8640625 0.7138888888888889 0.8640625 0.6722222222222223 0.8484375 0.6361111111111111 0.8234375 0.625
86 0.934375 0.5222222222222223 0.9046875 0.5333333333333333 0.8890625 0.575 0.89375 0.6333333333333333 0.91875 0.6638888888888889 0.9484375 0.6555555555555556 0.9671875 0.6138888888888889 0.96875 0.5888888888888889 0.9625 0.5527777777777778 0.946875 0.5277777777777778 0.9359375 0.525
26 0.73125 0.3527777777777778 0.7078125 0.37222222222222223 0.684375 0.37777777777777777 0.665625 0.4027777777777778 0.659375 0.43333333333333335 0.66875 0.46944444444444444 0.6765625 0.4638888888888889 0.6859375 0.48333333333333334 0.7046875 0.5 0.75625 0.5166666666666667 0.7609375 0.4777777777777778 0.7484375 0.4527777777777778 0.765625 0.425 0.7734375 0.45555555555555555 0.7859375 0.4638888888888889 0.7953125 0.44722222222222224 0.796875 0.4222222222222222 0.7765625 0.36944444444444446 0.7328125 0.3527777777777778
14 0.9234375 0 0.7984375 0 0.796875 0.030555555555555555 0.803125 0.04722222222222222 0.8046875 0.075 0.821875 0.075 0.83125 0.08888888888888889 0.8171875 0.11666666666666667 0.8296875 0.1527777777777778 0.8515625 0.1527777777777778 0.85 0.1361111111111111 0.8609375 0.1111111111111111 0.8609375 0.08611111111111111 0.865625 0.07777777777777778 0.890625 0.07222222222222222 0.90625 0.1 0.915625 0.14166666666666666 0.975 0.17222222222222222 0.978125 0.1527777777777778 0.9609375 0.14166666666666666 0.9640625 0.125 0.9703125 0.1361111111111111 0.971875 0.12222222222222222 0.95 0.12222222222222222 0.9453125 0.09166666666666666 0.925 0.08333333333333333 0.9171875 0.06111111111111111 0.9171875 0.016666666666666666 0.9203125 0.011111111111111112 0.9265625 0.022222222222222223 0.93125 0
64 0.505203125 0.41811111111111116 0.092484375 0.00811111111111111
42 0.50578125 0.4059444444444444 0.09818750000000001 0.01625
65 0.5 0.04722222222222222 0.475 0.07777777777777778 0.4765625 0.09166666666666666 0.4859375 0.10277777777777777 0.4859375 0.12222222222222222 0.4953125 0.12777777777777777 0.50625 0.11666666666666667 0.5109375 0.09444444444444444 0.5078125 0.04722222222222222
68 0.088484375 0.15730555555555556 0.17696875 0.3146111111111111
1 0.09846875000000001 0.18816666666666665 0.016484375000000002 0.03702777777777778
49 0.051625 0.08791666666666666 0.009546875 0.03086111111111111
29 0.058562499999999997 0.09716666666666665 0.016484375000000002 0.033944444444444444
66 0.075921875 0.0948611111111111 0.021687500000000002 0.03238888888888889
82 0.07634375 0.06555555555555556 0.020828125 0.029305555555555557
83 0.0806875 0.035472222222222224 0.01909375 0.03702777777777778
50 0.09717187499999999 0.043194444444444445 0.017359375 0.03702777777777778