84 0.7671875 0.8111111111111111 0.7390625 0.8305555555555556 0.728125 0.8666666666666667 0.73125 0.8972222222222223 0.746875 0.9277777777777778 0.778125 0.9277777777777778 0.8 0.8861111111111111 0.7984375 0.8527777777777777 0.790625 0.825 0.7734375 0.8111111111111111
85 0.821875 0.6138888888888889 0.8015625 0.6361111111111111 0.7859375 0.6777777777777778 0.79375 0.725 0.809375 0.7472222222222222 0.825 0.75 0.8484375 0.7333333333333333 0.8640625 0.6916666666666667 0.85625 0.65 0.8484375 0.6361111111111111 0.8265625 0.6222222222222222
5 0.1265625 0.8055555555555556 0.121875 0.8138888888888889 0.1109375 0.8111111111111111 0.10625 0.8277777777777777 0.078125 0.8527777777777777 0.06875 0.8944444444444445 0.0484375 0.9111111111111111 0.059375 0.9416666666666667 0.0546875 0.9527777777777777 0.04375 0.95 0.0375 0.9972222222222222 0.26875 0.9972222222222222 0.2625 0.9694444444444444 0.2421875 0.9722222222222222 0.2390625 0.9222222222222223 0.2234375 0.9361111111111111 0.2046875 0.8972222222222223 0.2015625 0.9194444444444444 0.1921875 0.925 0.1796875 0.8944444444444445 0.171875 0.85 0.1578125 0.8527777777777777 0.1453125 0.8138888888888889 0.1296875 0.8055555555555556
5 0.9984375 0.9833333333333333 0.9984375 0.8027777777777778 0.9765625 0.8333333333333334 0.9703125 0.875 0.9546875 0.8777777777777778 0.9546875 0.8861111111111111 0.965625 0.8916666666666667 0.9671875 0.9305555555555556 0.95625 0.9361111111111111 0.93125 0.9277777777777778 0.921875 0.9416666666666667 0.91875 0.9611111111111111 0.9078125 0.9388888888888889 0.9 0.9527777777777777 0.89375 0.9888888888888889 0.9 0.9944444444444445 0.8984375 0.9861111111111112 0.9046875 0.9833333333333333 0.9078125 0.9972222222222222 0.9984375 0.9972222222222222
5 0.9078125 0.03611111111111111 0.903125 0.04722222222222222 0.846875 0.06944444444444445 0.8421875 0.09722222222222222 0.8609375 0.10833333333333334 0.8640625 0.125 0.8890625 0.1 0.9125 0.10277777777777777 0.928125 0.14166666666666666 0.928125 0.16666666666666666 0.9171875 0.19166666666666668 0.91875 0.2 0.9828125 0.2 0.9984375 0.18611111111111112 0.9984375 0.08888888888888889 0.9234375 0.08333333333333333 0.9078125 0.041666666666666664
91 0.4890625 0 0.4765625 0.002777777777777778 0.4734375 0.030555555555555555 0.4609375 0.06666666666666667 0.4640625 0.21666666666666667 0.471875 0.25 0.4875 0.26944444444444443 0.525 0.2777777777777778 0.5453125 0.2611111111111111 0.553125 0.24444444444444444 0.546875 0.20833333333333334 0.5375 0.19722222222222222 0.5296875 0.16666666666666666 0.55625 0.16111111111111112 0.5515625 0.14722222222222223 0.5390625 0.14166666666666666 0.5421875 0.13333333333333333 0.5375 0.12222222222222222 0.5390625 0.04722222222222222 0.55 0.041666666666666664 0.5515625 0.008333333333333333 0.5453125 0 0.521875 0 0.5140625 0.008333333333333333 0.5 0
81 0.184375 0.19722222222222222 0.178125 0.20277777777777778 0.1734375 0.225 0.1796875 0.25 0.1796875 0.2861111111111111 0.196875 0.3111111111111111 0.2234375 0.32222222222222224 0.24375 0.34444444444444444 0.275 0.4 0.296875 0.37222222222222223 0.2984375 0.35 0.29375 0.3388888888888889 0.2625 0.325 0.2453125 0.2861111111111111 0.2390625 0.24722222222222223 0.2546875 0.2111111111111111 0.21875 0.2361111111111111 0.2078125 0.20277777777777778 0.1859375 0.2
80 0.226640625 0.1041111111111111 0.0995625 0.016666666666666666
41 0.22898437500000002 0.09266666666666666 0.09721874999999999 0.01875
68 0.08784375 0.15513888888888888 0.1756875 0.31024999999999997
24 0 0.3527777777777778 0 0.38333333333333336 0.0484375 0.39166666666666666 0.04375 0.4027777777777778 0.0046875 0.40555555555555556 0.025 0.40555555555555556 0.046875 0.44166666666666665 0.059375 0.4361111111111111 0.0703125 0.41388888888888886 0.0640625 0.3972222222222222 0.0546875 0.39444444444444443 0.0546875 0.3861111111111111 0.084375 0.37777777777777777 0.0765625 0.35833333333333334 0.0546875 0.36666666666666664 0.046875 0.35555555555555557 0.0109375 0.3611111111111111 0.0046875 0.3527777777777778
1 0.12298437499999999 0.28838888888888886 0.018734375 0.035388888888888886
83 0.147578125 0.2748611111111111 0.016390625 0.037472222222222226
35 0.165859375 0.29486111111111113 0.016828125 0.029916666666666664
2 0.161109375 0.28641666666666665 0.021359375 0.03163888888888889
82 0.017796875 0.30697222222222226 0.021359375 0.04113888888888889
66 0.06185937500000001 0.07200000000000001 0.02225 0.03322222222222222
49 0.059187500000000004 0.04747222222222222 0.02225 0.025305555555555553
22 0.009609375 0.01922222222222222 0.01921875 0.03844444444444444
30 0.03515625 0.017416666666666667 0.02046875 0.034805555555555555
29 0.06453125 0.02688888888888889 0.018687500000000003 0.02847222222222222