65 0.4984375 0.46944444444444444 0.490625 0.4861111111111111 0.4515625 0.5166666666666667 0.4671875 0.5305555555555556 0.465625 0.5472222222222223 0.440625 0.5777777777777777 0.4359375 0.6027777777777777 0.4421875 0.5861111111111111 0.45 0.5833333333333334 0.46875 0.5916666666666667 0.4890625 0.5888888888888889 0.503125 0.5777777777777777 0.503125 0.55 0.5296875 0.5388888888888889 0.528125 0.5166666666666667 0.5140625 0.5166666666666667 0.515625 0.5027777777777778 0.50625 0.46944444444444444
97 0.50625 0.5416666666666666 0.496875 0.5611111111111111 0.503125 0.5777777777777777 0.471875 0.5916666666666667 0.4765625 0.6166666666666667 0.5015625 0.6138888888888889 0.525 0.5861111111111111 0.525 0.5722222222222222 0.5125 0.5416666666666666
38 0.2890625 0.4 0.2609375 0.46944444444444444 0.26875 0.49722222222222223 0.2578125 0.5277777777777778 0.275 0.5305555555555556 0.2875 0.5555555555555556 0.3140625 0.5472222222222223 0.3234375 0.5055555555555555 0.3234375 0.48055555555555557 0.3078125 0.46111111111111114 0.3078125 0.43333333333333335 0.2921875 0.4
81 0.5328125 0.075 0.528125 0.08888888888888889 0.5203125 0.07777777777777778 0.5125 0.1111111111111111 0.5125 0.12222222222222222 0.5203125 0.12222222222222222 0.525 0.13333333333333333 0.521875 0.19444444444444445 0.5359375 0.19722222222222222 0.5421875 0.15555555555555556 0.5390625 0.13055555555555556 0.5453125 0.125 0.5796875 0.21666666666666667 0.5875 0.21666666666666667 0.5765625 0.1527777777777778 0.5578125 0.13055555555555556 0.55 0.08888888888888889 0.540625 0.09444444444444444 0.534375 0.07777777777777778
5 0.71875 0.22777777777777777 0.6984375 0.25 0.684375 0.23333333333333334 0.66875 0.24444444444444444 0.6578125 0.24166666666666667 0.628125 0.2638888888888889 0.6109375 0.26666666666666666 0.603125 0.28888888888888886 0.56875 0.2833333333333333 0.5609375 0.30277777777777776 0.5484375 0.3138888888888889 0.540625 0.3416666666666667 0.54375 0.3527777777777778 0.5609375 0.3638888888888889 0.5609375 0.4111111111111111 0.5515625 0.4388888888888889 0.5796875 0.4638888888888889 0.609375 0.4222222222222222 0.640625 0.41388888888888886 0.6703125 0.39444444444444443 0.7484375 0.4027777777777778 0.775 0.45 0.8046875 0.4583333333333333 0.846875 0.45 0.8640625 0.42777777777777776 0.8671875 0.3972222222222222 0.8765625 0.38055555555555554 0.8703125 0.3333333333333333 0.840625 0.26666666666666666 0.7859375 0.24722222222222223 0.7578125 0.25 0.75 0.2361111111111111 0.725 0.22777777777777777
14 0.784375 0.1638888888888889 0.78125 0.18888888888888888 0.7734375 0.19166666666666668 0.76875 0.21944444444444444 0.7546875 0.22777777777777777 0.759375 0.24722222222222223 0.7875 0.23333333333333334 0.796875 0.19166666666666668 0.7875 0.1638888888888889
14 0.6171875 0.13055555555555556 0.596875 0.14166666666666666 0.58125 0.16944444444444445 0.584375 0.19444444444444445 0.6 0.225 0.6015625 0.24722222222222223 0.6171875 0.2861111111111111 0.621875 0.2861111111111111 0.634375 0.25555555555555554 0.6421875 0.25555555555555554 0.640625 0.26944444444444443 0.646875 0.2722222222222222 0.6484375 0.26666666666666666 0.6421875 0.2611111111111111 0.653125 0.24444444444444444 0.6578125 0.2638888888888889 0.6671875 0.2611111111111111 0.66875 0.24444444444444444 0.68125 0.22777777777777777 0.6984375 0.25555555555555554 0.709375 0.225 0.725 0.2222222222222222 0.7453125 0.23333333333333334 0.75 0.21944444444444444 0.765625 0.20833333333333334 0.759375 0.19166666666666668 0.75625 0.20277777777777778 0.7390625 0.20555555555555555 0.7203125 0.19722222222222222 0.703125 0.18333333333333332 0.6984375 0.16944444444444445 0.675 0.14444444444444443 0.678125 0.14166666666666666 0.6203125 0.13055555555555556
96 0.909375 0.14444444444444443 0.9046875 0.19166666666666668 0.8875 0.2111111111111111 0.8890625 0.2222222222222222 0.903125 0.21666666666666667 0.93125 0.26666666666666666 0.9328125 0.2222222222222222 0.9265625 0.21666666666666667 0.9265625 0.19444444444444445 0.9359375 0.18611111111111112 0.9453125 0.2 0.959375 0.20277777777777778 0.9671875 0.2388888888888889 0.98125 0.2361111111111111 0.975 0.22777777777777777 0.9765625 0.2111111111111111 0.9625 0.20277777777777778 0.940625 0.17222222222222222 0.9328125 0.14444444444444443 0.9203125 0.15555555555555556 0.9125 0.14444444444444443
64 0.553515625 0.2654722222222222 0.09426562499999999 0.01186111111111111
40 0.553515625 0.2528611111111111 0.0959375 0.016305555555555556
64 0.49720312499999997 0.4315833333333333 0.095109375 0.008888888888888889
64 0.50971875 0.41302777777777777 0.096765625 0.007416666666666667
40 0.500953125 0.4204444444444445 0.08592187500000001 0.007416666666666667
40 0.2840625 0.3433333333333333 0.097609375 0.016305555555555556
79 0.183109375 0.3359166666666667 0.075921875 0.01038888888888889
40 0.190625 0.3218333333333333 0.089265625 0.014833333333333334
88 0.5806250000000001 0.35 0.07340624999999999 0.13941666666666666
80 0.542671875 0.030416666666666665 0.10093749999999999 0.01038888888888889
41 0.5435 0.016305555555555556 0.09928125 0.017805555555555557
64 0.9435156250000001 0.109 0.095109375 0.01038888888888889
41 0.9430937500000001 0.09566666666666666 0.0959375 0.01336111111111111
26 0.0859375 0.33055555555555555 0.0796875 0.3388888888888889 0.0875 0.34444444444444444 0.084375 0.3527777777777778 0.059375 0.36666666666666664 0.059375 0.3888888888888889 0.04375 0.4 0.04375 0.425 0.0546875 0.42777777777777776 0.0671875 0.4083333333333333 0.090625 0.425 0.09375 0.44166666666666665 0.1046875 0.45 0.0984375 0.4166666666666667 0.1015625 0.40555555555555556 0.0796875 0.4027777777777778 0.0765625 0.3888888888888889 0.11875 0.38055555555555554 0.1109375 0.38333333333333336 0.0875 0.33055555555555555
68 0.08875 0.15641666666666668 0.1775 0.30730555555555555
49 0.068984375 0.05925 0.013953125 0.03858333333333334
66 0.08215625 0.06477777777777778 0.02015625 0.022055555555555557
22 0.013218750000000001 0.022444444444444444 0.016828125 0.04486111111111111
30 0.083328125 0.03719444444444445 0.017828125 0.030305555555555554
66 0.09767187499999999 0.03927777777777778 0.0155 0.028944444444444443
49 0.106578125 0.05166666666666667 0.01628125 0.028944444444444443
85 0.8265625 0.6277777777777778 0.8015625 0.6361111111111111 0.7875 0.6722222222222223 0.790625 0.7166666666666667 0.796875 0.7333333333333333 0.809375 0.7444444444444445 0.83125 0.7444444444444445 0.840625 0.7361111111111112 0.8578125 0.7055555555555556 0.8546875 0.7 0.8640625 0.6916666666666667 0.8578125 0.6861111111111111 0.853125 0.6472222222222223 0.834375 0.6277777777777778
84 0.76875 0.8138888888888889 0.7515625 0.8166666666666667 0.740625 0.8305555555555556 0.7296875 0.8638888888888889 0.7359375 0.9083333333333333 0.7578125 0.9305555555555556 0.778125 0.925 0.7953125 0.8944444444444445 0.796875 0.8611111111111112 0.7921875 0.8333333333333334 0.778125 0.8138888888888889
35 0.167671875 0.2927222222222222 0.0204375 0.029916666666666664