45 0.63125 0.847972972972973 0.61875 0.875 0.61875 0.9054054054054054 0.6265625 0.9256756756756757 0.64375 0.9324324324324325 0.653125 0.918918918918919 0.6578125 0.8783783783783784 0.6421875 0.847972972972973
90 0.46328125 0.5743243243243243 0.453125 0.5743243243243243 0.4578125 0.6114864864864865 0.4671875 0.6114864864864865 0.4671875 0.6452702702702703 0.471875 0.6554054054054054 0.4515625 0.6587837837837838 0.45 0.6756756756756757 0.4859375 0.6824324324324325 0.4984375 0.6756756756756757 0.4984375 0.6587837837837838 0.5125 0.668918918918919 0.503125 0.6655405405405406 0.4875 0.6317567567567568 0.4734375 0.5743243243243243
97 0.5 0.4594594594594595 0.490625 0.49324324324324326 0.4921875 0.5506756756756757 0.4875 0.6013513513513513 0.4921875 0.6182432432432432 0.509375 0.625 0.5171875 0.6148648648648649 0.5171875 0.5844594594594594 0.509375 0.5371621621621622 0.5140625 0.5067567567567568 0.5046875 0.4594594594594595
10 0.746875 0.22635135135135134 0.7390625 0.23648648648648649 0.7390625 0.26013513513513514 0.73125 0.27702702702702703 0.725 0.2668918918918919 0.71875 0.27702702702702703 0.7375 0.31756756756756754 0.7625 0.34121621621621623 0.7734375 0.3716216216216216 0.78125 0.33783783783783783 0.7671875 0.32094594594594594 0.7703125 0.3108108108108108 0.7828125 0.31756756756756754 0.7828125 0.30067567567567566 0.771875 0.27702702702702703 0.76875 0.2533783783783784 0.7484375 0.22635135135135134
69 0.9421875 0.30405405405405406 0.9328125 0.3277027027027027 0.925 0.32432432432432434 0.925 0.30743243243243246 0.9140625 0.3108108108108108 0.90625 0.3344594594594595 0.9 0.40202702702702703 0.884375 0.42567567567567566 0.8875 0.44932432432432434 0.9 0.4391891891891892 0.9234375 0.44256756756756754 0.934375 0.4189189189189189 0.925 0.3952702702702703 0.93125 0.38175675675675674 0.940625 0.38175675675675674 0.9453125 0.40202702702702703 0.95625 0.40202702702702703 0.9671875 0.38513513513513514 0.9734375 0.3614864864864865 0.9546875 0.3277027027027027 0.9578125 0.30405405405405406 0.94375 0.30743243243243246
5 0.5640625 0.030405405405405407 0.565625 0.11148648648648649 0.5703125 0.12162162162162163 0.63125 0.15878378378378377 0.653125 0.19256756756756757 0.6703125 0.24324324324324326 0.715625 0.25 0.7296875 0.21621621621621623 0.7265625 0.19256756756756757 0.7078125 0.16891891891891891 0.7046875 0.13851351351351351 0.6953125 0.11148648648648649 0.675 0.08108108108108109 0.64375 0.060810810810810814 0.634375 0.04391891891891892 0.5859375 0.04054054054054054 0.5703125 0.030405405405405407
5 0.2703125 0 0.2515625 0.010135135135135136 0.2578125 0.02027027027027027 0.2484375 0.033783783783783786 0.240625 0.0777027027027027 0.2359375 0.08783783783783784 0.221875 0.08445945945945946 0.2140625 0.10810810810810811 0.2046875 0.10810810810810811 0.2 0.13175675675675674 0.203125 0.15202702702702703 0.1890625 0.16216216216216217 0.1890625 0.24324324324324326 0.196875 0.25675675675675674 0.215625 0.2635135135135135 0.2203125 0.28378378378378377 0.2375 0.28716216216216217 0.2671875 0.2702702702702703 0.29375 0.22972972972972974 0.30625 0.19256756756756757 0.3140625 0.0472972972972973 0.30625 0.030405405405405407 0.2875 0.030405405405405407 0.2765625 0
5 0.978125 0.8277027027027027 0.9703125 0.8682432432432432 0.946875 0.8412162162162162 0.94375 0.8716216216216216 0.959375 0.875 0.9515625 0.8952702702702703 0.9359375 0.9290540540540541 0.9296875 0.9222972972972973 0.9265625 0.902027027027027 0.909375 0.9391891891891891 0.8875 0.9459459459459459 0.8765625 0.9695945945945946 0.875 0.9966216216216216 0.9984375 0.9966216216216216 0.9984375 0.8277027027027027 0.9828125 0.8277027027027027
90 0.4265625 0.44256756756756754 0.4203125 0.4864864864864865 0.4234375 0.5168918918918919 0.4375 0.5472972972972973 0.4625 0.5506756756756757 0.4390625 0.4966216216216216 0.43125 0.4527027027027027
90 0.4203125 0.6925675675675675 0.4234375 0.722972972972973 0.43125 0.7263513513513513 0.4203125 0.7364864864864865 0.4171875 0.7601351351351351 0.4109375 0.7668918918918919 0.4046875 0.8378378378378378 0.4125 0.847972972972973 0.40625 0.875 0.4015625 0.9459459459459459 0.4234375 0.9966216216216216 0.4359375 0.9966216216216216 0.4234375 0.9797297297297297 0.421875 0.9662162162162162 0.48125 0.9966216216216216 0.4890625 0.9763513513513513 0.4828125 0.9695945945945946 0.484375 0.9594594594594594 0.5 0.9425675675675675 0.4859375 0.8952702702702703 0.4890625 0.8648648648648649 0.5015625 0.8412162162162162 0.5109375 0.8412162162162162 0.525 0.8614864864864865 0.5296875 0.8547297297297297 0.5109375 0.8006756756756757 0.5109375 0.7263513513513513 0.50625 0.7162162162162162 0.5 0.7195945945945946 0.5015625 0.7702702702702703 0.4890625 0.7972972972972973 0.4828125 0.7736486486486487 0.49375 0.7364864864864865 0.490625 0.7263513513513513 0.48125 0.7162162162162162 0.4296875 0.7195945945945946 0.4234375 0.7128378378378378 0.4234375 0.6925675675675675
24 0.2703125 0.7027027027027027 0.2453125 0.706081081081081 0.2375 0.75 0.2390625 0.7804054054054054 0.259375 0.8040540540540541 0.2734375 0.7972972972972973 0.2671875 0.7804054054054054 0.275 0.7567567567567568 0.29375 0.7635135135135135 0.2890625 0.7128378378378378 0.275 0.7027027027027027
24 0.1171875 0.6858108108108109 0.10625 0.7162162162162162 0.1125 0.7364864864864865 0.10625 0.7635135135135135 0.11875 0.7533783783783784 0.1375 0.7601351351351351 0.1390625 0.7263513513513513 0.1453125 0.7128378378378378 0.1203125 0.6858108108108109
64 0.5070781249999999 0.41324324324324324 0.078890625 0.007027027027027027
42 0.5070781249999999 0.39739864864864866 0.077265625 0.014054054054054054
23 0.481046875 0.7086486486486486 0.078890625 0.01054054054054054
40 0.481046875 0.6963513513513514 0.077265625 0.014054054054054054
41 0.772203125 0.1512162162162162 0.078890625 0.01756756756756757
41 0.9551875000000001 0.22858108108108108 0.08051562500000001 0.01756756756756757
68 0.11182812499999999 0.1591554054054054 0.147203125 0.3147635135135135
1 0.146796875 0.2962837837837838 0.015453125000000002 0.02989864864864865
66 0.148828125 0.2760810810810811 0.014640624999999999 0.02462837837837838
2 0.16793750000000002 0.2971621621621621 0.015453125000000002 0.02462837837837838
50 0.15778125 0.26287162162162164 0.011390625 0.02989864864864865
83 0.16509374999999998 0.2725675675675676 0.013015625 0.0316554054054054
29 0.054484374999999995 0.06506756756756757 0.017890625 0.03516891891891892
49 0.074015625 0.056283783783783785 0.022765625 0.028141891891891892
30 0.06546874999999999 0.027263513513513516 0.012203124999999999 0.026385135135135133