5 0.7015625 0.36944444444444446 0.6703125 0.37777777777777777 0.6578125 0.4027777777777778 0.6515625 0.4583333333333333 0.6421875 0.46944444444444444 0.640625 0.49166666666666664 0.64375 0.5138888888888888 0.6578125 0.5416666666666666 0.6984375 0.5638888888888889 0.771875 0.5722222222222222 0.79375 0.5888888888888889 0.8203125 0.5861111111111111 0.834375 0.5611111111111111 0.8265625 0.5361111111111111 0.825 0.5083333333333333 0.815625 0.49722222222222223 0.821875 0.44166666666666665 0.8015625 0.4083333333333333 0.7890625 0.4 0.790625 0.38055555555555554 0.709375 0.36944444444444446
5 0.4421875 0.6166666666666667 0.434375 0.6416666666666667 0.4234375 0.6222222222222222 0.4171875 0.6388888888888888 0.4109375 0.6388888888888888 0.4046875 0.675 0.3875 0.7083333333333334 0.3765625 0.6888888888888889 0.3734375 0.7055555555555556 0.359375 0.7277777777777777 0.359375 0.75 0.3421875 0.7333333333333333 0.3375 0.7638888888888888 0.309375 0.7388888888888889 0.2703125 0.75 0.2578125 0.8083333333333333 0.2515625 0.8083333333333333 0.2453125 0.8277777777777777 0.228125 0.8388888888888889 0.203125 0.825 0.1953125 0.8361111111111111 0.203125 0.8444444444444444 0.1984375 0.8527777777777777 0.2015625 0.8722222222222222 0.196875 0.8666666666666667 0.19375 0.875 0.19375 0.9111111111111111 0.1859375 0.9333333333333333 0.1875 0.9527777777777777 0.178125 0.9666666666666667 0.1796875 0.9805555555555555 0.19375 0.9972222222222222 0.384375 0.9972222222222222 0.390625 0.9833333333333333 0.4046875 0.9805555555555555 0.4078125 0.9583333333333334 0.4359375 0.95 0.425 0.9472222222222222 0.4453125 0.9277777777777778 0.453125 0.8777777777777778 0.4484375 0.8666666666666667 0.4546875 0.8555555555555555 0.45625 0.8333333333333334 0.465625 0.825 0.4734375 0.7527777777777778 0.4828125 0.7416666666666667 0.484375 0.725 0.49375 0.7222222222222222 0.4921875 0.6972222222222222 0.496875 0.6916666666666667 0.5 0.65 0.4953125 0.625 0.4765625 0.625 0.4546875 0.6416666666666667 0.4453125 0.6166666666666667
97 0.5 0.46111111111111114 0.484375 0.525 0.4875 0.5444444444444444 0.4828125 0.575 0.4875 0.6111111111111112 0.5 0.625 0.5125 0.625 0.5203125 0.6111111111111112 0.5140625 0.5722222222222222 0.521875 0.5333333333333333 0.5171875 0.5416666666666666 0.5109375 0.5333333333333333 0.5203125 0.5194444444444445 0.5109375 0.5027777777777778 0.5046875 0.46111111111111114
85 0.8296875 0.625 0.803125 0.6361111111111111 0.7921875 0.6527777777777778 0.7859375 0.6777777777777778 0.7859375 0.7194444444444444 0.7921875 0.7388888888888889 0.81875 0.7611111111111111 0.840625 0.7583333333333333 0.85625 0.7388888888888889 0.8640625 0.7138888888888889 0.8640625 0.6722222222222223 0.85625 0.6472222222222223 0.834375 0.625
84 0.765625 0.8111111111111111 0.7390625 0.8277777777777777 0.7296875 0.8638888888888889 0.7359375 0.9194444444444444 0.7578125 0.9388888888888889 0.7953125 0.9305555555555556 0.8 0.9222222222222223 0.79375 0.9111111111111111 0.803125 0.9027777777777778 0.8015625 0.8861111111111111 0.80625 0.875 0.8015625 0.8444444444444444 0.778125 0.8111111111111111
24 0.3671875 0.05277777777777778 0.3546875 0.06666666666666667 0.3546875 0.10555555555555556 0.3640625 0.11666666666666667 0.38125 0.10277777777777777 0.3765625 0.09722222222222222 0.38125 0.09444444444444444 0.3828125 0.06666666666666667 0.371875 0.05277777777777778
24 0.19375 0.2 0.1765625 0.20277777777777778 0.1765625 0.25 0.1703125 0.28888888888888886 0.18125 0.3055555555555556 0.209375 0.30833333333333335 0.2078125 0.2777777777777778 0.21875 0.2638888888888889 0.221875 0.2361111111111111 0.2109375 0.21944444444444444 0.2140625 0.2 0.2015625 0.2
24 0.2640625 0.1388888888888889 0.2609375 0.1638888888888889 0.2453125 0.18888888888888888 0.2515625 0.20555555555555555 0.2625 0.20277777777777778 0.2625 0.21944444444444444 0.2890625 0.15833333333333333 0.2828125 0.14166666666666666 0.2703125 0.1388888888888889
68 0.08828125 0.1597222222222222 0.1765625 0.3138888888888889
64 0.5084531250000001 0.41294444444444445 0.0939375 0.009083333333333334
42 0.50946875 0.3993333333333333 0.09596875 0.01813888888888889
61 0.12168749999999999 0.22825 0.023640625000000002 0.03861111111111111
82 0.12168749999999999 0.19986111111111113 0.023640625000000002 0.024972222222222222
1 0.120078125 0.18338888888888888 0.021718750000000002 0.030666666666666665
49 0.136375 0.176 0.021078125 0.03861111111111111
29 0.10795312500000001 0.03916666666666667 0.025546875000000004 0.035194444444444445
45 0.6609375 0.8472222222222222 0.646875 0.8638888888888889 0.6421875 0.9 0.6453125 0.9138888888888889 0.6625 0.9361111111111111 0.68125 0.9305555555555556 0.6921875 0.9027777777777778 0.6921875 0.875 0.68125 0.8527777777777777 0.671875 0.8472222222222222