97 0.5015625 0.4638888888888889 0.490625 0.5083333333333333 0.4953125 0.5361111111111111 0.4875 0.6 0.49375 0.6222222222222222 0.5046875 0.6222222222222222 0.5125 0.6083333333333333 0.51875 0.5694444444444444 0.51875 0.49722222222222223 0.5109375 0.49166666666666664 0.5046875 0.4638888888888889
24 0.48125 0.625 0.4734375 0.6472222222222223 0.45625 0.6694444444444444 0.453125 0.6916666666666667 0.4578125 0.7083333333333334 0.4765625 0.6916666666666667 0.496875 0.6972222222222222 0.503125 0.6694444444444444 0.4984375 0.6638888888888889 0.4984375 0.6333333333333333 0.49375 0.625
24 0.5296875 0.5555555555555556 0.5203125 0.575 0.51875 0.6111111111111112 0.5046875 0.6333333333333333 0.5125 0.6333333333333333 0.51875 0.6444444444444445 0.5140625 0.6611111111111111 0.5265625 0.6444444444444445 0.54375 0.65 0.5421875 0.6361111111111111 0.559375 0.6138888888888889 0.546875 0.6055555555555555 0.5546875 0.5805555555555556 0.5484375 0.5777777777777777 0.540625 0.5555555555555556
25 0.6265625 0.43333333333333335 0.6109375 0.48055555555555557 0.61875 0.5194444444444445 0.634375 0.5166666666666667 0.6359375 0.5055555555555555 0.6359375 0.45 0.628125 0.4361111111111111
24 0.6421875 0.39444444444444443 0.6296875 0.4166666666666667 0.6296875 0.4361111111111111 0.6359375 0.45555555555555555 0.6421875 0.4527777777777778 0.6484375 0.4638888888888889 0.6578125 0.41944444444444445 0.6578125 0.4027777777777778 0.6515625 0.39444444444444443
25 0.6671875 0.39166666666666666 0.6578125 0.40555555555555556 0.65625 0.45 0.6734375 0.44722222222222224 0.6734375 0.39166666666666666
25 0.684375 0.3527777777777778 0.671875 0.38055555555555554 0.675 0.425 0.6796875 0.4361111111111111 0.69375 0.4388888888888889 0.6890625 0.43333333333333335 0.7 0.40555555555555556 0.7 0.3888888888888889 0.69375 0.38333333333333336 0.69375 0.3611111111111111 0.6890625 0.3527777777777778
63 0.48125 0.06388888888888888 0.46875 0.10277777777777777 0.4515625 0.09444444444444444 0.453125 0.10833333333333334 0.434375 0.13333333333333333 0.434375 0.15555555555555556 0.440625 0.16111111111111112 0.4265625 0.18888888888888888 0.421875 0.26666666666666666 0.415625 0.29444444444444445 0.4171875 0.3277777777777778 0.421875 0.33611111111111114 0.4390625 0.2833333333333333 0.44375 0.2361111111111111 0.45625 0.19166666666666668 0.4515625 0.1527777777777778 0.4703125 0.14444444444444443 0.4796875 0.17777777777777778 0.478125 0.33611111111111114 0.48125 0.35555555555555557 0.4875 0.35833333333333334 0.4984375 0.26944444444444443 0.5046875 0.25833333333333336 0.51875 0.2611111111111111 0.5328125 0.2916666666666667 0.540625 0.26944444444444443 0.5578125 0.24722222222222223 0.5625 0.19444444444444445 0.55625 0.17222222222222222 0.5625 0.14444444444444443 0.5140625 0.11666666666666667 0.490625 0.08888888888888889 0.48125 0.06666666666666667
84 0.7734375 0.8111111111111111 0.746875 0.8194444444444444 0.73125 0.8527777777777777 0.73125 0.8944444444444445 0.74375 0.9277777777777778 0.7625 0.9361111111111111 0.778125 0.9305555555555556 0.7921875 0.9166666666666666 0.8 0.875 0.80625 0.875 0.8 0.8638888888888889 0.8015625 0.8444444444444444 0.790625 0.8222222222222222 0.7765625 0.8111111111111111
86 0.9234375 0.5222222222222223 0.896875 0.5444444444444444 0.8890625 0.5916666666666667 0.903125 0.6333333333333333 0.934375 0.6416666666666667 0.9515625 0.6222222222222222 0.9578125 0.5972222222222222 0.9671875 0.5888888888888889 0.9671875 0.5722222222222222 0.95 0.5333333333333333 0.925 0.525
45 0.6609375 0.8472222222222222 0.6453125 0.8694444444444445 0.6421875 0.8972222222222223 0.65 0.925 0.6625 0.9361111111111111 0.6828125 0.9277777777777778 0.69375 0.8972222222222223 0.6890625 0.8638888888888889 0.6734375 0.8472222222222222
5 0.3578125 0.05555555555555555 0.3109375 0.06944444444444445 0.309375 0.07777777777777778 0.29375 0.06388888888888888 0.290625 0.07777777777777778 0.2671875 0.08333333333333333 0.2609375 0.11666666666666667 0.2484375 0.14166666666666666 0.2328125 0.125 0.21875 0.12777777777777777 0.215625 0.11666666666666667 0.1875 0.1361111111111111 0.18125 0.15 0.1765625 0.18888888888888888 0.178125 0.275 0.1703125 0.29444444444444445 0.1546875 0.2916666666666667 0.1375 0.3138888888888889 0.028125 0.3138888888888889 0.021875 0.33055555555555555 0.04375 0.3416666666666667 0.0859375 0.34444444444444444 0.084375 0.3527777777777778 0.04375 0.35555555555555557 0.0375 0.37777777777777777 0.0453125 0.38333333333333336 0.175 0.38333333333333336 0.18125 0.36666666666666664 0.1921875 0.3638888888888889 0.215625 0.3333333333333333 0.23125 0.3388888888888889 0.315625 0.2722222222222222 0.346875 0.2222222222222222 0.3578125 0.21944444444444444 0.365625 0.23055555555555557 0.3875 0.23333333333333334 0.4046875 0.25277777777777777 0.409375 0.275 0.415625 0.275 0.4234375 0.22777777777777777 0.421875 0.19166666666666668 0.4359375 0.1638888888888889 0.4328125 0.13333333333333333 0.44375 0.11388888888888889 0.4390625 0.10555555555555556 0.4421875 0.10277777777777777 0.4296875 0.09722222222222222 0.4109375 0.06666666666666667 0.365625 0.05555555555555555
68 0.08759375 0.157 0.175171875 0.314
82 0.15025 0.26663888888888887 0.01615625 0.03733333333333333
2 0.1650625 0.2733333333333334 0.017765625 0.035416666666666666
1 0.1389375 0.25991666666666663 0.017234375 0.0335
66 0.085359375 0.15508333333333332 0.024234375 0.03830555555555555
49 0.063546875 0.05408333333333333 0.021546875 0.03925
29 0.028265625 0.048833333333333326 0.022078125 0.03638888888888889