5 0.675 0.8040540540540541 0.6578125 0.8243243243243243 0.6515625 0.8547297297297297 0.659375 0.8952702702702703 0.6546875 0.918918918918919 0.6453125 0.9324324324324325 0.628125 0.9324324324324325 0.6171875 0.9121621621621622 0.6140625 0.875 0.6015625 0.8716216216216216 0.6078125 0.9054054054054054 0.6015625 0.9493243243243243 0.6046875 0.972972972972973 0.5828125 0.9797297297297297 0.5796875 0.9932432432432432 0.7078125 0.9966216216216216 0.703125 0.9695945945945946 0.7109375 0.9425675675675675 0.696875 0.9256756756756757 0.6875 0.8986486486486487 0.684375 0.8175675675675675 0.678125 0.8040540540540541
45 0.63125 0.8445945945945946 0.6171875 0.8716216216216216 0.6171875 0.9087837837837838 0.634375 0.9358108108108109 0.6484375 0.9290540540540541 0.6578125 0.8986486486486487 0.6546875 0.8648648648648649 0.6421875 0.8445945945945946
56 0.48125 0.6486486486486487 0.4734375 0.7027027027027027 0.48125 0.7094594594594594 0.48125 0.7702702702702703 0.49375 0.8277027027027027 0.5046875 0.75 0.4953125 0.7094594594594594 0.4953125 0.6858108108108109 0.4828125 0.6486486486486487
24 0.453125 0.7128378378378378 0.4375 0.7162162162162162 0.434375 0.7297297297297297 0.4390625 0.7432432432432432 0.4109375 0.8040540540540541 0.415625 0.8243243243243243 0.4421875 0.8614864864864865 0.453125 0.8412162162162162 0.4671875 0.8412162162162162 0.4734375 0.8243243243243243 0.475 0.793918918918919 0.4640625 0.777027027027027 0.46875 0.7635135135135135 0.478125 0.7635135135135135 0.4828125 0.777027027027027 0.48125 0.7432432432432432 0.4640625 0.7128378378378378
25 0.53125 0.42905405405405406 0.5234375 0.4560810810810811 0.51875 0.5033783783783784 0.521875 0.5168918918918919 0.540625 0.5101351351351351 0.546875 0.4864864864864865 0.5328125 0.42905405405405406
25 0.6140625 0.4155405405405405 0.590625 0.4560810810810811 0.5796875 0.4527027027027027 0.5765625 0.46283783783783783 0.5796875 0.4831081081081081 0.5890625 0.4966216216216216 0.590625 0.5202702702702703 0.621875 0.5236486486486487 0.63125 0.5135135135135135 0.64375 0.4527027027027027 0.625 0.4222972972972973 0.615625 0.4189189189189189
84 0.7203125 0.8141891891891891 0.7 0.8243243243243243 0.6890625 0.8547297297297297 0.690625 0.8952702702702703 0.696875 0.918918918918919 0.70625 0.9290540540540541 0.7265625 0.9290540540540541 0.74375 0.8918918918918919 0.746875 0.8682432432432432 0.7421875 0.8344594594594594 0.7296875 0.8141891891891891
85 0.7625 0.625 0.746875 0.6385135135135135 0.7359375 0.6790540540540541 0.740625 0.7263513513513513 0.7578125 0.7466216216216216 0.7796875 0.7364864864864865 0.7875 0.7162162162162162 0.7875 0.6486486486486487 0.7734375 0.625
23 0.49006249999999996 0.60375 0.08206250000000001 0.008141891891891892
40 0.49006249999999996 0.590472972972973 0.0801875 0.018344594594594595
5 0.028125 0.24324324324324326 0.03125 0.24662162162162163 0.0125 0.25675675675675674 0.015625 0.30743243243243246 0.0046875 0.30743243243243246 0 0.34121621621621623 0.0328125 0.3277027027027027 0.075 0.3344594594594595 0.1375 0.38513513513513514 0.16875 0.43243243243243246 0.1921875 0.5101351351351351 0.240625 0.527027027027027 0.2671875 0.4797297297297297 0.271875 0.3952702702702703 0.2625 0.36824324324324326 0.25625 0.36824324324324326 0.25625 0.3277027027027027 0.2265625 0.2939189189189189 0.2203125 0.27702702702702703 0.2078125 0.27702702702702703 0.2171875 0.2939189189189189 0.2046875 0.3108108108108108 0.196875 0.24662162162162163 0.1890625 0.25 0.184375 0.3108108108108108 0.0484375 0.31756756756756754 0.0296875 0.30405405405405406 0.03125 0.2668918918918919 0.0359375 0.26013513513513514 0.0296875 0.24324324324324326
5 0.8671875 0.2972972972972973 0.8546875 0.3310810810810811 0.846875 0.32432432432432434 0.8203125 0.3547297297297297 0.809375 0.40878378378378377 0.8125 0.44256756756756754 0.81875 0.4527027027027027 0.815625 0.48986486486486486 0.8015625 0.5 0.7859375 0.5540540540540541 0.7671875 0.5608108108108109 0.7734375 0.5912162162162162 0.7703125 0.6182432432432432 0.7875 0.6283783783783784 0.7921875 0.6418918918918919 0.79375 0.6891891891891891 0.7875 0.7128378378378378 0.7875 0.7635135135135135 0.7828125 0.7702702702702703 0.790625 0.8074324324324325 0.7984375 0.7871621621621622 0.8109375 0.7905405405405406 0.8171875 0.777027027027027 0.8171875 0.75 0.8640625 0.7364864864864865 0.91875 0.5912162162162162 0.9390625 0.5168918918918919 0.934375 0.48986486486486486 0.9390625 0.4831081081081081 0.94375 0.49324324324324326 0.9421875 0.47297297297297297 0.953125 0.46283783783783783 0.9515625 0.4391891891891892 0.9390625 0.4222972972972973 0.93125 0.42905405405405406 0.9203125 0.40202702702702703 0.9203125 0.38175675675675674 0.9296875 0.3716216216216216 0.9296875 0.3614864864864865 0.91875 0.32094594594594594 0.8953125 0.30405405405405406 0.8875 0.32094594594594594 0.8734375 0.2972972972972973
68 0.113671875 0.15706081081081083 0.14621875 0.31412162162162166
66 0.15426562500000002 0.2599324324324324 0.020421875 0.041891891891891894
82 0.168921875 0.29277027027027025 0.012046875 0.0260472972972973
1 0.1665625 0.2774662162162162 0.01571875 0.031722972972972975
49 0.06782812499999999 0.1127027027027027 0.015187500000000001 0.037364864864864865
29 0.06782812499999999 0.03682432432432432 0.01728125 0.028310810810810813
30 0.0701875 0.020945945945945947 0.01571875 0.02152027027027027