97 0.5 0.4638888888888889 0.4890625 0.4722222222222222 0.4875 0.5194444444444445 0.4703125 0.5361111111111111 0.4921875 0.5944444444444444 0.5171875 0.5972222222222222 0.5234375 0.5888888888888889 0.5203125 0.5527777777777778 0.5125 0.5333333333333333 0.51875 0.5194444444444445 0.51875 0.48333333333333334 0.5171875 0.4722222222222222 0.5125 0.48333333333333334 0.50625 0.4638888888888889
52 0.440625 0.2611111111111111 0.4296875 0.2722222222222222 0.4296875 0.31666666666666665 0.3953125 0.36944444444444446 0.396875 0.38333333333333336 0.4078125 0.3638888888888889 0.41875 0.35833333333333334 0.4234375 0.375 0.4203125 0.4083333333333333 0.4328125 0.4166666666666667 0.4390625 0.44722222222222224 0.4375 0.42777777777777776 0.4515625 0.425 0.459375 0.4111111111111111 0.459375 0.38333333333333336 0.4453125 0.37222222222222223 0.44375 0.3277777777777778 0.45625 0.3 0.4734375 0.29444444444444445 0.46875 0.2777777777777778 0.4484375 0.2611111111111111
24 0.678125 0.4666666666666667 0.6609375 0.4777777777777778 0.665625 0.49166666666666664 0.64375 0.5222222222222223 0.64375 0.5333333333333333 0.6703125 0.5638888888888889 0.69375 0.5777777777777777 0.709375 0.5555555555555556 0.703125 0.5222222222222223 0.7078125 0.5194444444444445 0.7171875 0.5444444444444444 0.725 0.5222222222222223 0.7234375 0.5083333333333333 0.7125 0.5027777777777778 0.7078125 0.4861111111111111 0.6828125 0.4666666666666667
24 0.7953125 0.35555555555555557 0.7859375 0.39444444444444443 0.78125 0.39166666666666666 0.7765625 0.36666666666666664 0.7671875 0.36666666666666664 0.75625 0.38055555555555554 0.7453125 0.4166666666666667 0.746875 0.4388888888888889 0.7703125 0.45 0.7796875 0.44166666666666665 0.80625 0.375 0.80625 0.3638888888888889 0.796875 0.35555555555555557
25 0.85 0.2388888888888889 0.840625 0.25555555555555554 0.81875 0.26666666666666666 0.809375 0.28888888888888886 0.828125 0.28888888888888886 0.8328125 0.3055555555555556 0.85 0.3 0.8609375 0.31666666666666665 0.8671875 0.3055555555555556 0.8671875 0.2916666666666667 0.85625 0.2388888888888889
25 0.925 0.14166666666666666 0.90625 0.17222222222222222 0.903125 0.20277777777777778 0.9125 0.21944444444444444 0.928125 0.21388888888888888 0.9265625 0.14166666666666666
25 0.9390625 0.08888888888888889 0.9140625 0.13055555555555556 0.91875 0.1361111111111111 0.9234375 0.12777777777777777 0.934375 0.14722222222222223 0.94375 0.14722222222222223 0.9546875 0.16111111111111112 0.9609375 0.10833333333333334 0.9484375 0.08888888888888889
5 0.759375 0.7 0.740625 0.7277777777777777 0.7296875 0.725 0.7203125 0.7638888888888888 0.7125 0.7611111111111111 0.7015625 0.7777777777777778 0.6921875 0.775 0.678125 0.7944444444444444 0.6640625 0.7916666666666666 0.653125 0.8055555555555556 0.64375 0.8055555555555556 0.6375 0.8472222222222222 0.640625 0.875 0.634375 0.8888888888888888 0.628125 0.8416666666666667 0.6296875 0.8027777777777778 0.621875 0.8083333333333333 0.60625 0.85 0.5828125 0.8444444444444444 0.5734375 0.8527777777777777 0.5671875 0.875 0.575 0.875 0.575 0.8888888888888888 0.58125 0.8888888888888888 0.5796875 0.9166666666666666 0.5984375 0.9166666666666666 0.6 0.9083333333333333 0.60625 0.9166666666666666 0.5953125 0.9361111111111111 0.5796875 0.9361111111111111 0.578125 0.9222222222222223 0.56875 0.9222222222222223 0.56875 0.9138888888888889 0.5640625 0.9222222222222223 0.5609375 0.8888888888888888 0.5390625 0.8805555555555555 0.5484375 0.9 0.540625 0.9027777777777778 0.54375 0.9055555555555556 0.5296875 0.9222222222222223 0.525 0.9388888888888889 0.5296875 0.9944444444444445 0.8171875 0.9972222222222222 0.8265625 0.9722222222222222 0.8265625 0.9388888888888889 0.834375 0.9333333333333333 0.8359375 0.9138888888888889 0.8453125 0.9027777777777778 0.8625 0.9027777777777778 0.8625 0.8944444444444445 0.8515625 0.8916666666666667 0.85 0.8805555555555555 0.8578125 0.8444444444444444 0.8640625 0.8388888888888889 0.865625 0.8138888888888889 0.859375 0.8083333333333333 0.8640625 0.7888888888888889 0.859375 0.7833333333333333 0.865625 0.7777777777777778 0.86875 0.7555555555555555 0.8609375 0.7361111111111112 0.8578125 0.7527777777777778 0.8453125 0.7583333333333333 0.840625 0.7722222222222223 0.821875 0.7722222222222223 0.7953125 0.7527777777777778 0.790625 0.7583333333333333 0.78125 0.7388888888888889 0.784375 0.7361111111111112 0.778125 0.7027777777777777 0.7671875 0.7111111111111111 0.7625 0.7
5 0.9515625 0.41944444444444445 0.915625 0.4638888888888889 0.9078125 0.44166666666666665 0.89375 0.46111111111111114 0.884375 0.46111111111111114 0.875 0.49166666666666664 0.875 0.5277777777777778 0.859375 0.5527777777777778 0.853125 0.5777777777777777 0.859375 0.6305555555555555 0.86875 0.6305555555555555 0.8828125 0.6555555555555556 0.8796875 0.6805555555555556 0.8734375 0.6805555555555556 0.8734375 0.6666666666666666 0.865625 0.6611111111111111 0.86875 0.6833333333333333 0.884375 0.6888888888888889 0.884375 0.7166666666666667 0.8953125 0.7027777777777777 0.8984375 0.7138888888888889 0.884375 0.7277777777777777 0.8984375 0.7388888888888889 0.884375 0.7472222222222222 0.9078125 0.7472222222222222 0.9078125 0.7305555555555555 0.9234375 0.7305555555555555 0.9171875 0.7166666666666667 0.9390625 0.7194444444444444 0.940625 0.7055555555555556 0.928125 0.7027777777777777 0.928125 0.6916666666666667 0.9546875 0.6861111111111111 0.9625 0.6638888888888889 0.984375 0.6694444444444444 0.9984375 0.625 0.9984375 0.4361111111111111 0.975 0.4388888888888889 0.96875 0.4305555555555556 0.9703125 0.4222222222222222 0.9609375 0.42777777777777776 0.9546875 0.41944444444444445
5 0.271875 0 0.228125 0.008333333333333333 0.21875 0.030555555555555555 0.2125 0.030555555555555555 0.2078125 0.016666666666666666 0.1984375 0.058333333333333334 0.209375 0.06944444444444445 0.2109375 0.09166666666666666 0.1984375 0.1111111111111111 0.234375 0.09444444444444444 0.2953125 0.1 0.3578125 0.13055555555555556 0.3765625 0.15 0.4046875 0.19722222222222222 0.478125 0.2 0.484375 0.20833333333333334 0.490625 0.2 0.4859375 0.1388888888888889 0.465625 0.11666666666666667 0.459375 0.08611111111111111 0.4390625 0.07222222222222222 0.434375 0.058333333333333334 0.3046875 0.05555555555555555 0.296875 0.016666666666666666 0.28125 0
64 0.507421875 0.4140833333333333 0.09278125000000001 0.01375
42 0.50790625 0.4003611111111111 0.09568750000000001 0.017194444444444446
64 0.43928124999999996 0.24827777777777776 0.09181249999999999 0.012027777777777778
40 0.440734375 0.23538888888888887 0.09471874999999999 0.01375
90 0 0.5027777777777778 0 0.6694444444444444 0.00625 0.6694444444444444 0.0265625 0.6555555555555556 0.01875 0.6527777777777778 0.0125 0.6361111111111111 0.015625 0.6194444444444445 0.025 0.6111111111111112 0.0171875 0.5805555555555556 0.009375 0.575 0.0171875 0.5694444444444444 0.0078125 0.5583333333333333 0.015625 0.5333333333333333 0.0015625 0.5027777777777778
90 0.017708333333333333 0.6833333333333333 0 0.6833333333333333 0 0.9666666666666667 0.0296875 0.9777777777777777 0.0671875 0.9611111111111111 0.065625 0.9555555555555556 0.0734375 0.95 0.0890625 0.9138888888888889 0.0953125 0.9194444444444444 0.1015625 0.9111111111111111 0.0984375 0.8916666666666667 0.1078125 0.8722222222222222 0.0828125 0.8194444444444444 0.05 0.8027777777777778 0.0484375 0.7555555555555555 0.0265625 0.6833333333333333
68 0.08815625 0.15941666666666668 0.176328125 0.31880555555555556
66 0.144828125 0.2903611111111111 0.020921875 0.02861111111111111
1 0.13999999999999999 0.2753611111111111 0.0193125 0.027166666666666665
82 0.05390625 0.29108333333333336 0.017703125 0.03575
49 0.06396874999999999 0.22886111111111113 0.026546874999999998 0.03719444444444445
29 0.059140625 0.018583333333333334 0.0120625 0.03719444444444445
30 0.072015625 0.017166666666666667 0.0185 0.03147222222222222