2 0.459375 0.30703125 0.196875 0.0328125
3 0.49609375 0.43984375 0.1046875 0.0234375
2 0.2796875 0.3796875 0.028125 0.00625
4 0.2015625 0.596875 0.071875 0.065625
5 0.33828125 0.41015625 0.0296875 0.0453125
2 0.5125 0.30546875 0.096875 0.0171875
5 0.29140625 0.42265625 0.0578125 0.0484375
4 0.24609375 0.54453125 0.0359375 0.0390625
5 0.409375 0.3453125 0.01875 0.034375
5 0.49609375 0.3046875 0.0296875 0.040625
10 0.05 0.61484375 0.1 0.1328125
2 0.44375 0.321875 0.090625 0.0125
5 0.43203125 0.27890625 0.0234375 0.0234375