2 0.3765625 0.36640625 0.034375 0.01171875
5 0.384375 0.4015625 0.0546875 0.05078125
10 0.3078125 0.46484375 0.0796875 0.1296875
3 0.2734375 0.3375 0.0953125 0.0125
3 0.50859375 0.44375 0.0828125 0.01640625
5 0.36875 0.41484375 0.03515625 0.04140625
2 0.371875 0.36328125 0.0328125 0.0125
5 0.3359375 0.4640625 0.03671875 0.053125
5 0.359375 0.41953125 0.028125 0.02734375
2 0.37734375 0.34296875 0.0296875 0.0078125
3 0.5 0.44609375 0.10625 0.02265625
5 0.365625 0.43984375 0.02109375 0.0140625
5 0.3625 0.409375 0.03125 0.03359375
5 0.4234375 0.390625 0.02421875 0.021875
10 0.33359375 0.465625 0.03828125 0.08203125
5 0.38046875 0.39453125 0.04140625 0.04375