5 0.15453125 0.6937361111111111 0.3090703125 0.48425
5 0.43471093749999995 0.35475 0.12699218750000002 0.17829166666666668
68 0.0767578125 0.19888888888888887 0.153515625 0.2728472222222222
102 0.8782421875 0.571 0.06301562499999999 0.10408333333333333
5 0.9486796875 0.8205694444444444 0.10110937499999999 0.2403888888888889
24 0.43353906249999996 0.6596111111111111 0.049046875000000004 0.08605555555555555
5 0.622125 0.22618055555555555 0.2290625 0.30780555555555555
24 0.3227578125 0.7739305555555556 0.104546875 0.13868055555555556
42 0.50209375 0.404125 0.0842578125 0.011472222222222222
25 0.6810078125000001 0.3246388888888889 0.0690546875 0.09666666666666666
1 0.071765625 0.319 0.0184921875 0.034319444444444444
24 0.51015625 0.55 0.0328125 0.1111111111111111
25 0.5421875 0.5361111111111111 0.053125 0.1111111111111111
85 0.7859375 0.6722222222222223 0.08125 0.1388888888888889
82 0.09559375 0.3301527777777778 0.0199140625 0.033638888888888885
2 0.1374140625 0.3159861111111111 0.0199140625 0.030097222222222223
35 0.144890625 0.31880555555555556 0.0183671875 0.035375
83 0.13890625 0.29827777777777775 0.016929687500000002 0.030097222222222223
49 0.08065625 0.10533333333333333 0.0199140625 0.033638888888888885
50 0.0891171875 0.11861111111111113 0.0209140625 0.03186111111111111
29 0.0159296875 0.09116666666666667 0.02190625 0.033638888888888885
66 0.08015625 0.2088888888888889 0.016929687500000002 0.035402777777777776
22 0.0081640625 0.078 0.01428125 0.03083333333333333