5 0.3852890625 0.4409722222222222 0.2672265625 0.3879027777777778
102 0.87884375 0.5731805555555556 0.066796875 0.10920833333333332
5 0.7447109375000001 0.10983333333333332 0.17386718750000002 0.09072222222222222
5 0.6021171875 0.17783333333333332 0.113984375 0.15943055555555558
68 0.07665625000000001 0.19644444444444445 0.1533203125 0.27647222222222223
24 0.40639843750000004 0.7271527777777778 0.072171875 0.10704166666666666
42 0.5071171875 0.39826388888888886 0.0829453125 0.014277777777777776
85 0.78415625 0.6664444444444444 0.066671875 0.10670833333333334
7 0.5265625 0.5708333333333333 0.046875 0.125
45 0.64921875 0.8472222222222222 0.0578125 0.09444444444444444
49 0.0689453125 0.2824861111111111 0.01990625 0.03015277777777778
1 0.07963281250000001 0.2910138888888889 0.0088515625 0.02622222222222222
82 0.0877421875 0.2982222222222222 0.013273437499999999 0.03801388888888889
66 0.08442968749999999 0.22480555555555556 0.018437500000000002 0.03015277777777778
50 0.143046875 0.2175972222222222 0.019171874999999998 0.036708333333333336
29 0.009218750000000001 0.10618055555555556 0.018437500000000002 0.034083333333333334
35 0.146203125 0.31845833333333334 0.013390625 0.03373611111111111
22 0.009484375 0.0803611111111111 0.0189765625 0.041666666666666664