5 0.2965234375 0.17773611111111112 0.19854687499999998 0.22320833333333334
84 0.7294296874999999 0.8339583333333334 0.06879687500000001 0.10422222222222223
5 0.032695312500000004 0.3924583333333333 0.06539062500000001 0.10579166666666667
7 0.5 0.5194166666666666 0.0844609375 0.15815277777777778
85 0.783734375 0.6739861111111111 0.0683046875 0.12375
102 0.8782343750000001 0.581388888888889 0.0684375 0.123375
92 0.4914921875 0.3905416666666667 0.0984609375 0.076625
42 0.49594531249999996 0.3983611111111111 0.08349999999999999 0.014638888888888887
68 0.078125 0.19841666666666669 0.15625 0.2738055555555555
29 0.058210937500000004 0.23297222222222225 0.019703125 0.028069444444444445
82 0.0968984375 0.123375 0.0207890625 0.034277777777777775
1 0.0643515625 0.08270833333333333 0.0121796875 0.020569444444444446
49 0.0716328125 0.08895833333333333 0.01584375 0.020388888888888887
30 0.086 0.07530555555555556 0.0188125 0.021277777777777777
66 0.1284453125 0.14001388888888888 0.0195 0.023888888888888887
2 0.1245859375 0.11623611111111111 0.017710937500000003 0.025652777777777778
83 0.13934375000000002 0.11325 0.0135546875 0.021083333333333332