5 0.49450781250000003 0.5540277777777778 0.259296875 0.4555416666666667
5 0.8422656249999999 0.14241666666666666 0.1831171875 0.16258333333333333
5 0.7055078124999999 0.24776388888888887 0.119046875 0.17531944444444444
68 0.07609375 0.1990972222222222 0.1521796875 0.27469444444444446
45 0.650203125 0.818486111111111 0.039140625 0.02415277777777778
7 0.48461718749999994 0.4994166666666666 0.0435546875 0.11330555555555555
42 0.496390625 0.39847222222222217 0.08252343749999999 0.013319444444444445
1 0.11553906249999998 0.32256944444444446 0.0158515625 0.03113888888888889
82 0.12421875 0.2911111111111111 0.018351562499999998 0.04004166666666666
49 0.067109375 0.2792222222222222 0.0194453125 0.03736111111111111
66 0.068546875 0.20251388888888888 0.0219609375 0.03425
29 0.0075078125 0.10084722222222223 0.015015625 0.03559722222222222
67 0.086796875 0.18863888888888888 0.0181484375 0.034749999999999996
35 0.1450859375 0.31845833333333334 0.015625 0.03769444444444445
22 0.009273437499999999 0.07843055555555556 0.017265625 0.03409722222222222