24 0.6003203125 0.7431944444444445 0.064546875 0.09259722222222222
84 0.729796875 0.8282916666666666 0.060406249999999995 0.10848611111111112
5 0.639265625 0.4090555555555555 0.2116953125 0.31151388888888887
5 0.3933046875 0.6556666666666666 0.1606171875 0.2500833333333333
24 0.5168828125 0.8601249999999999 0.11096874999999999 0.1475972222222222
5 0.1467734375 0.8777083333333334 0.18965625 0.16794444444444445
85 0.78596875 0.6689166666666667 0.06546874999999999 0.10670833333333334
7 0.50546875 0.5166666666666667 0.0734375 0.17777777777777778
42 0.50859375 0.3972222222222222 0.0828125 0.022222222222222223
68 0.0796875 0.19583333333333333 0.159375 0.275
1 0.05221875 0.31927777777777777 0.018546874999999997 0.034708333333333334
82 0.131765625 0.3244861111111111 0.017570312499999997 0.03818055555555555
66 0.047828125 0.161375 0.015617187499999999 0.024291666666666663
49 0.056125 0.17091666666666666 0.020499999999999997 0.0295
22 0.0089296875 0.07936111111111112 0.015625 0.03968055555555556
29 0.016593749999999997 0.07722222222222222 0.021476562499999997 0.03297222222222222
30 0.035625000000000004 0.07981944444444444 0.020499999999999997 0.027763888888888887
45 0.6506093749999999 0.8456666666666667 0.0412421875 0.078375
35 0.1478828125 0.32143055555555555 0.0145078125 0.03175