5 0.24757812499999998 0.39737500000000003 0.30046875 0.27858333333333335
5 0.036390624999999996 0.6711944444444444 0.0727890625 0.14958333333333335
68 0.075046875 0.205 0.1501015625 0.27466666666666667
24 0.3696328125 0.708388888888889 0.043984375 0.08975000000000001
24 0.057882812500000005 0.8950555555555556 0.0774453125 0.079625
91 0.76459375 0.33526388888888886 0.15326562500000002 0.33658333333333335
24 0.4656953125 0.6003055555555556 0.0715234375 0.090125
85 0.78671875 0.6753055555555556 0.0674453125 0.12423611111111112
42 0.4920859375 0.39772222222222225 0.080203125 0.015319444444444443
34 0.24140625 0.8847222222222222 0.0953125 0.10833333333333334
95 0.4704921875 0.4813472222222222 0.04390625 0.11784722222222221
7 0.5092265625 0.5234305555555555 0.055960937499999995 0.12856944444444443
40 0.23072656249999998 0.7905138888888888 0.0843671875 0.019902777777777776
1 0.115359375 0.32140277777777776 0.0206640625 0.03061111111111111
82 0.024109375 0.0933611111111111 0.0189375 0.027555555555555555
30 0.02884375 0.07576388888888888 0.0198046875 0.02601388888888889
29 0.03396875 0.07548611111111111 0.013835937500000001 0.030194444444444444
66 0.06259375 0.1604861111111111 0.0195 0.03690277777777778