24 0.0910078125 0.5785972222222222 0.1037421875 0.10869444444444445
5 0.1810546875 0.2985138888888889 0.12466406249999999 0.17855555555555555
68 0.0783671875 0.19740277777777776 0.156734375 0.27526388888888886
5 0.3749765625 0.16951388888888888 0.23411718750000002 0.1728611111111111
7 0.48046875 0.5444444444444444 0.0953125 0.18333333333333332
42 0.4956875 0.39831944444444445 0.081359375 0.013444444444444445
5 0.67259375 0.763 0.32449218750000003 0.34081944444444445
91 0.75503125 0.12804166666666666 0.0704609375 0.13965277777777776
5 0.015226562499999999 0.4645416666666667 0.0304453125 0.16377777777777777
40 0.714359375 0.6049861111111111 0.0809140625 0.012444444444444445
25 0.3091640625 0.37106944444444445 0.0605859375 0.08966666666666667
1 0.1064609375 0.2884861111111111 0.020671875 0.02940277777777778
1 0.133640625 0.2826388888888889 0.01703125 0.0335
84 0.7348671875 0.8275972222222222 0.059273437500000005 0.10027777777777779
48 0.5109375 0.675 0.090625 0.15555555555555556
24 0.19765625 0.49444444444444446 0.0609375 0.1
64 0.5228906249999999 0.5465277777777777 0.0881484375 0.017416666666666667
40 0.5218046875 0.5368611111111111 0.0881484375 0.021277777777777777
66 0.07128124999999999 0.2215138888888889 0.0206796875 0.03288888888888889
67 0.08542187500000001 0.19443055555555558 0.0228515625 0.03676388888888889
29 0.026976562500000002 0.09905555555555555 0.016804687500000002 0.037736111111111116
94 0.0459921875 0.14308333333333334 0.024765625 0.034597222222222224
50 0.036703124999999996 0.11006944444444444 0.02034375 0.03144444444444445
85 0.784375 0.6694444444444444 0.06875 0.1
35 0.14656249999999998 0.32059722222222226 0.0192109375 0.030847222222222224
22 0.0086796875 0.07877777777777778 0.0173515625 0.03636111111111111