84 0.7331796875000001 0.8411527777777777 0.064296875 0.12025
24 0.7482109375 0.31331944444444443 0.07864062499999999 0.10084722222222223
85 0.8799921875000001 0.5799722222222222 0.0699375 0.12116666666666666
5 0.40226562499999996 0.20877777777777776 0.1071953125 0.19401388888888887
92 0.77184375 0.5289166666666667 0.10203906250000001 0.12743055555555555
85 0.7846093749999999 0.6728472222222222 0.067953125 0.12275
36 0.5877421875 0.2962222222222222 0.109265625 0.14170833333333333
40 0.593953125 0.1613888888888889 0.08638281249999999 0.013916666666666666
7 0.493859375 0.5151388888888888 0.1290546875 0.15941666666666668
42 0.49703125000000004 0.39834722222222224 0.085265625 0.014930555555555556
60 0.025093749999999998 0.29544444444444445 0.01509375 0.033263888888888885
1 0.054359375 0.20423611111111112 0.026960937499999997 0.03315277777777778
49 0.0876484375 0.11954166666666666 0.0115078125 0.024055555555555556
29 0.1014453125 0.15075 0.0171484375 0.017361111111111112
66 0.10395312500000001 0.1299861111111111 0.012757812499999998 0.017083333333333336
82 0.119046875 0.12030555555555557 0.020203125 0.021125
67 0.12500781249999998 0.09375 0.019578125 0.017097222222222222
45 0.648796875 0.8541388888888889 0.043671875 0.07916666666666666