84 0.7326953125 0.8391944444444445 0.0635859375 0.11623611111111111
5 0.082265625 0.8368055555555556 0.16453125 0.20473611111111112
92 0.957015625 0.623875 0.0859609375 0.13351388888888888
68 0.0754765625 0.2040972222222222 0.150953125 0.2765972222222222
102 0.8774296874999999 0.5729722222222222 0.06728125 0.1370138888888889
42 0.49624218750000004 0.3986388888888889 0.0846796875 0.014222222222222223
85 0.784640625 0.6732638888888889 0.066203125 0.12068055555555555
7 0.48530468750000005 0.5312083333333334 0.0978671875 0.12497222222222223
43 0.216859375 0.6576944444444445 0.08539843750000001 0.10423611111111111
64 0.2054140625 0.5770555555555555 0.0823984375 0.007305555555555556
40 0.20622656250000002 0.5659722222222222 0.08402343749999999 0.010194444444444443
45 0.6484296875 0.8517777777777777 0.0565625 0.07213888888888889
1 0.0979140625 0.11754166666666666 0.014624999999999999 0.022486111111111113
49 0.12244531249999999 0.13999999999999999 0.0161484375 0.027472222222222224
29 0.10811718749999999 0.11009722222222222 0.014453125 0.021625000000000002
66 0.1320859375 0.15152777777777776 0.014453125 0.022152777777777778
67 0.11485937500000001 0.07938888888888888 0.0249375 0.022708333333333334