5 0.9191328125 0.11837500000000001 0.159046875 0.11504166666666667
90 0.33253125 0.35025 0.1629453125 0.3565277777777778
84 0.7292109375 0.8262361111111111 0.0583984375 0.101125
85 0.784984375 0.6653888888888889 0.0611953125 0.10418055555555557
102 0.8795624999999999 0.5760000000000001 0.06653125 0.10168055555555555
68 0.077515625 0.19770833333333332 0.15399218750000002 0.2781666666666667
16 0.898296875 0.34231944444444445 0.103375 0.10113888888888888
7 0.4921875 0.5263888888888889 0.1125 0.18055555555555555
42 0.4964765625 0.3984166666666667 0.083875 0.014444444444444446
1 0.113171875 0.3157638888888889 0.0213125 0.028874999999999998
83 0.1319453125 0.3202777777777778 0.022328124999999997 0.030680555555555555
2 0.123828125 0.28870833333333334 0.022328124999999997 0.03969444444444444
82 0.1329609375 0.29230555555555554 0.014210937500000001 0.018041666666666668
49 0.0746015625 0.2562222222222222 0.0213125 0.028874999999999998
66 0.11114062499999999 0.18044444444444444 0.025374999999999998 0.03247222222222222
66 0.10555468750000001 0.1984861111111111 0.018265625 0.021652777777777778
29 0.011578125 0.1356111111111111 0.0167734375 0.029819444444444444
30 0.019171874999999998 0.10579166666666667 0.0223671875 0.029819444444444444
35 0.1456015625 0.3225277777777778 0.01609375 0.035986111111111115
22 0.009859375 0.0775138888888889 0.016609375000000003 0.03691666666666667