76 0.88046875 0.5527777777777778 0.2390625 0.5666666666666667
64 0.8940625000000001 0.3084861111111111 0.087625 0.00925
41 0.8986796874999999 0.29462499999999997 0.0832734375 0.012527777777777777
92 0.24019531249999998 0.3475972222222222 0.0803359375 0.09718055555555555
68 0.0748671875 0.204125 0.1497265625 0.27537500000000004
7 0.5015625 0.525 0.121875 0.20555555555555555
42 0.496578125 0.39826388888888886 0.08303906250000001 0.015041666666666667
36 0.4375 0.3736111111111111 0.071875 0.1361111111111111
48 0.58984375 0.20694444444444443 0.0890625 0.15833333333333333
102 0.88046875 0.5861111111111111 0.0765625 0.10555555555555556
85 0.78046875 0.6708333333333333 0.0796875 0.1527777777777778
60 0.69296875 0.7597222222222222 0.1703125 0.3861111111111111
84 0.73671875 0.8305555555555556 0.0828125 0.09444444444444444
45 0.64609375 0.8416666666666667 0.0515625 0.08333333333333333
1 0.129109375 0.11861111111111113 0.020234375 0.023125
29 0.12332812500000001 0.0895 0.0154140625 0.019694444444444445
83 0.144765625 0.08222222222222222 0.0081875 0.013708333333333333