5 0.40502343749999997 0.22445833333333334 0.226078125 0.26775
85 0.8792421875 0.5800694444444444 0.0674765625 0.12329166666666666
5 0.9676875 0.27644444444444444 0.0533046875 0.15575
68 0.076359375 0.198625 0.14696875 0.27358333333333335
84 0.7320078125 0.8290972222222223 0.0643046875 0.10783333333333334
92 0.3551328125 0.851986111111111 0.0936015625 0.168375
7 0.49985937500000005 0.5107916666666666 0.0795234375 0.13295833333333335
42 0.510703125 0.39826388888888886 0.081 0.014374999999999999
24 0.43584375 0.6101666666666666 0.06690625 0.09136111111111112
82 0.1311171875 0.2718055555555555 0.017984375 0.035347222222222224
66 0.10177343750000001 0.15315277777777778 0.01609375 0.030291666666666665
83 0.11502343749999999 0.13884722222222223 0.0217734375 0.03197222222222222
2 0.110125 0.12709722222222222 0.016296875 0.026166666666666668
29 0.009726562499999999 0.12241666666666667 0.019453124999999998 0.03925
30 0.0273359375 0.08504166666666667 0.013664062499999999 0.03177777777777778
49 0.0357421875 0.07383333333333333 0.018921874999999998 0.029902777777777778