85 0.785421875 0.6680277777777778 0.0655546875 0.10586111111111111
25 0.5880703125 0.1656388888888889 0.0326640625 0.08219444444444444
90 0.3229765625 0.6855694444444445 0.2046875 0.4025138888888889
5 0.9591171875000001 0.25587499999999996 0.081765625 0.18412499999999998
5 0.3814296875 0.22443055555555555 0.209484375 0.2347361111111111
102 0.8749687500000001 0.5716944444444445 0.059773437500000005 0.104125
68 0.0769296875 0.19870833333333332 0.153859375 0.2737361111111111
64 0.8976640625 0.32313888888888886 0.09390625 0.011569444444444445
41 0.897078125 0.30768055555555557 0.08449218750000001 0.013083333333333334
16 0.9480390625 0.5800000000000001 0.094296875 0.16904166666666665
24 0.6497578125000001 0.42568055555555556 0.0360859375 0.07084722222222221
95 0.8744609375 0.4078333333333333 0.0879609375 0.13604166666666667
24 0.7822890625000001 0.4677638888888889 0.0634296875 0.08516666666666667
45 0.63365625 0.7342083333333334 0.04978125 0.08993055555555556
25 0.6623281249999999 0.09138888888888888 0.0270546875 0.056222222222222215
45 0.6453125 0.8041666666666667 0.6359375 0.8097222222222222 0.6265625 0.8305555555555556 0.62734375 0.8611111111111112 0.634375 0.8777777777777778 0.64453125 0.8847222222222222 0.65546875 0.8833333333333333 0.66171875 0.8777777777777778 0.67109375 0.8527777777777777 0.6703125 0.8333333333333334 0.665625 0.8166666666666667 0.66171875 0.8097222222222222 0.65078125 0.8041666666666667
7 0.48046875 0.4375 0.47734375 0.44166666666666665 0.478125 0.4583333333333333 0.47265625 0.4777777777777778 0.4640625 0.4888888888888889 0.46953125 0.49722222222222223 0.4671875 0.5013888888888889 0.45 0.5027777777777778 0.4609375 0.5166666666666667 0.478125 0.5222222222222223 0.4828125 0.5291666666666667 0.4796875 0.5638888888888889 0.48046875 0.5833333333333334 0.484375 0.5916666666666667 0.490625 0.5833333333333334 0.49609375 0.5847222222222223 0.50234375 0.6069444444444444 0.50546875 0.6041666666666666 0.50546875 0.5833333333333334 0.5109375 0.5736111111111111 0.52109375 0.5680555555555555 0.50625 0.5444444444444444 0.50234375 0.5111111111111111 0.5171875 0.5138888888888888 0.515625 0.525 0.55859375 0.5208333333333334 0.540625 0.5097222222222222 0.52890625 0.5083333333333333 0.51328125 0.49444444444444446 0.50859375 0.49583333333333335 0.49765625 0.4597222222222222 0.48515625 0.4375
24 0.48515625 0.26805555555555555 0.47734375 0.28055555555555556 0.47265625 0.3 0.4703125 0.3333333333333333 0.46328125 0.3486111111111111 0.46640625 0.3736111111111111 0.478125 0.3861111111111111 0.51875 0.38472222222222224 0.52265625 0.3763888888888889 0.5234375 0.35694444444444445 0.5265625 0.3527777777777778 0.534375 0.3527777777777778 0.53359375 0.3375 0.525 0.32083333333333336 0.52109375 0.2972222222222222 0.509375 0.30277777777777776 0.5078125 0.29444444444444445 0.5015625 0.2916666666666667 0.49921875 0.2777777777777778 0.4921875 0.26805555555555555
42 0.49741406250000003 0.39834722222222224 0.0855390625 0.013222222222222222
49 0.0455546875 0.23222222222222222 0.0223125 0.034708333333333334
66 0.062289062500000006 0.23883333333333334 0.01859375 0.034708333333333334
29 0.0090625 0.1240138888888889 0.015703125000000002 0.03327777777777778
30 0.023859375 0.11702777777777779 0.013890625 0.03220833333333333
82 0.1361875 0.2861388888888889 0.01871875 0.02684722222222222
1 0.1392109375 0.2754027777777778 0.017515625 0.03327777777777778
2 0.1476640625 0.2442638888888889 0.01871875 0.03113888888888889
35 0.1466796875 0.3228888888888889 0.0160390625 0.03259722222222222
22 0.0080234375 0.0758888888888889 0.0148984375 0.03158333333333333