84 0.7324609375 0.8272638888888889 0.0646015625 0.10638888888888888
5 0.1264609375 0.5318888888888889 0.25291406250000004 0.35088888888888886
86 0.880484375 0.5821944444444445 0.0680546875 0.11952777777777777
68 0.0753984375 0.19772222222222224 0.1507890625 0.2745138888888889
92 0.8076953124999999 0.4966111111111111 0.0921640625 0.127125
85 0.7837734375000001 0.6722916666666667 0.0673046875 0.12193055555555557
5 0.222890625 0.10469444444444444 0.1174296875 0.08480555555555556
7 0.48153125 0.5114583333333333 0.097078125 0.1450972222222222
42 0.49628125 0.39869444444444446 0.083265625 0.013680555555555555
29 0.08107031249999999 0.178125 0.017203125 0.026958333333333334
82 0.0851875 0.14581944444444445 0.0162890625 0.024861111111111108
1 0.11078906250000001 0.17104166666666668 0.017109375 0.02322222222222222
49 0.10928125 0.15297222222222223 0.015 0.023555555555555555
67 0.10882031249999999 0.12530555555555556 0.013390625 0.03333333333333333
83 0.1206796875 0.14019444444444445 0.0185703125 0.02795833333333333
60 0.0268984375 0.30794444444444447 0.0178515625 0.03261111111111111