5 0.10571875 0.7959722222222223 0.2019453125 0.28894444444444445
90 0.2473671875 0.23529166666666665 0.1607421875 0.3342777777777778
5 0.9537578124999999 0.5994444444444444 0.0897265625 0.24208333333333334
85 0.7842578125 0.6648611111111111 0.058210937500000004 0.10140277777777779
68 0.07690625 0.19804166666666667 0.1538125 0.2769305555555555
5 0.9533203125 0.8279166666666667 0.0824453125 0.22783333333333333
7 0.498625 0.5207916666666667 0.0921875 0.13944444444444445
42 0.5080312499999999 0.3983055555555555 0.08259375 0.013583333333333333
45 0.6531796875 0.8440694444444444 0.044796875 0.10894444444444444
1 0.12759375 0.29673611111111114 0.011671875 0.028180555555555556
35 0.14509375 0.3199166666666667 0.0160859375 0.03601388888888889
82 0.13940625 0.29609722222222223 0.012921875 0.03375
49 0.06709375 0.22133333333333335 0.020835937500000002 0.01622222222222222
66 0.0689609375 0.19284722222222223 0.016140625 0.017513888888888888
29 0.013695312500000001 0.14540277777777777 0.012890625 0.02888888888888889
22 0.008640625 0.07680555555555556 0.01728125 0.03708333333333333