24 0.102296875 0.6107916666666666 0.1287578125 0.11408333333333333
5 0.835625 0.38922222222222225 0.28161718750000003 0.22233333333333336
68 0.0773046875 0.20105555555555554 0.154609375 0.2817361111111111
85 0.7855703125 0.66825 0.0657578125 0.10734722222222223
7 0.50234375 0.5472222222222223 0.1140625 0.17222222222222222
42 0.49628125 0.3985694444444445 0.0855546875 0.014847222222222222
91 0.33203125 0.25 0.32109375 0.25416666666666665 0.321875 0.2638888888888889 0.3265625 0.26805555555555555 0.3265625 0.30972222222222223 0.3171875 0.33055555555555555 0.31171875 0.33194444444444443 0.31015625 0.32222222222222224 0.29765625 0.325 0.29453125 0.32083333333333336 0.278125 0.3333333333333333 0.2671875 0.33194444444444443 0.24140625 0.3875 0.24296875 0.39166666666666666 0.2484375 0.39166666666666666 0.259375 0.3819444444444444 0.259375 0.3888888888888889 0.265625 0.39166666666666666 0.26796875 0.4 0.265625 0.4041666666666667 0.27109375 0.4083333333333333 0.271875 0.39166666666666666 0.2640625 0.38472222222222224 0.2671875 0.38055555555555554 0.26640625 0.3763888888888889 0.28125 0.3680555555555556 0.2859375 0.3680555555555556 0.28984375 0.3736111111111111 0.2890625 0.44722222222222224 0.290625 0.4583333333333333 0.296875 0.46944444444444444 0.2984375 0.4986111111111111 0.3015625 0.5027777777777778 0.29453125 0.5222222222222223 0.2859375 0.5166666666666667 0.2890625 0.5208333333333334 0.2859375 0.5236111111111111 0.2859375 0.5319444444444444 0.28984375 0.5361111111111111 0.28671875 0.5402777777777777 0.28671875 0.5486111111111112 0.29921875 0.5888888888888889 0.321875 0.5986111111111111 0.346875 0.5888888888888889 0.35078125 0.5791666666666667 0.3453125 0.575 0.34921875 0.5722222222222222 0.34453125 0.5638888888888889 0.35078125 0.5611111111111111 0.35703125 0.55 0.359375 0.5333333333333333 0.36484375 0.5291666666666667 0.365625 0.5194444444444445 0.36015625 0.5097222222222222 0.36171875 0.5055555555555555 0.3515625 0.4861111111111111 0.35234375 0.47638888888888886 0.35625 0.4861111111111111 0.3609375 0.48194444444444445 0.3578125 0.4708333333333333 0.34453125 0.4708333333333333 0.3453125 0.4583333333333333 0.3421875 0.4486111111111111 0.34375 0.4263888888888889 0.33984375 0.41944444444444445 0.34296875 0.39861111111111114 0.34140625 0.37777777777777777 0.31640625 0.3736111111111111 0.3140625 0.36944444444444446 0.3296875 0.34444444444444444 0.3359375 0.3402777777777778 0.3328125 0.32916666666666666 0.33671875 0.325 0.340625 0.30833333333333335 0.34140625 0.2875 0.33671875 0.275 0.3375 0.25416666666666665 0.33359375 0.25
82 0.116234375 0.3244166666666667 0.0178828125 0.030347222222222223
67 0.1357421875 0.292625 0.0211328125 0.036125000000000004
35 0.146125 0.32352777777777775 0.0160859375 0.036944444444444446
83 0.1416484375 0.299875 0.013664062499999999 0.033791666666666664
50 0.09146875 0.1726388888888889 0.0201953125 0.041180555555555554
66 0.049 0.09661111111111112 0.0207890625 0.030625
22 0.008375 0.0792361111111111 0.0167578125 0.036944444444444446
49 0.0285078125 0.08286111111111111 0.017820312499999998 0.029569444444444443
29 0.045734375 0.07416666666666666 0.0166328125 0.024833333333333332