68 0.0779921875 0.1986111111111111 0.155984375 0.2789861111111111
5 0.2595703125 0.7306527777777778 0.1682421875 0.4019305555555555
84 0.73621875 0.8352638888888889 0.0592890625 0.10705555555555556
85 0.7869843750000001 0.6661111111111111 0.06496874999999999 0.10584722222222222
7 0.52109375 0.5180555555555556 0.1140625 0.18055555555555555
42 0.5075390625 0.39843055555555557 0.08325 0.012583333333333334
90 0.392234375 0.22175 0.111625 0.23550000000000001
29 0.009882812500000001 0.14541666666666667 0.017570312499999997 0.03318055555555555
22 0.0078125 0.07936111111111112 0.015625 0.027777777777777776
30 0.01153125 0.08490277777777779 0.018664062500000002 0.029277777777777774
66 0.0647734375 0.22055555555555556 0.019765625000000002 0.03513888888888889
82 0.119125 0.30545833333333333 0.012078125 0.029277777777777774
1 0.1270703125 0.3165138888888889 0.008375 0.024819444444444446
49 0.1340546875 0.300375 0.01815625 0.03227777777777777
35 0.14453125 0.32043055555555555 0.0167421875 0.03373611111111111