5 0.659984375 0.8436805555555557 0.1850234375 0.19209722222222222
5 0.27247656249999996 0.14944444444444444 0.2470078125 0.16825
7 0.56484375 0.5402777777777777 0.1859375 0.1527777777777778
42 0.51571875 0.40149999999999997 0.086640625 0.01186111111111111
24 0.063109375 0.8891805555555556 0.09734374999999999 0.104625
68 0.0772109375 0.1962916666666667 0.1488359375 0.2757361111111111
97 0.214640625 0.7257083333333333 0.108171875 0.155875
64 0.20837500000000003 0.6184305555555555 0.0888125 0.01822222222222222
40 0.209375 0.6041666666666666 0.0875 0.019444444444444445
41 0.5835703125 0.33805555555555555 0.0876796875 0.02023611111111111
45 0.6473359375000001 0.8400833333333334 0.0489609375 0.07691666666666667
24 0.2988984375 0.3178194444444445 0.07857031249999999 0.11336111111111112
6 0.3649453125 0.17408333333333334 0.108171875 0.13359722222222223
91 0.807890625 0.18016666666666667 0.074015625 0.1862361111111111
49 0.10690625000000001 0.25304166666666666 0.017710937500000003 0.03148611111111111
50 0.0746484375 0.18443055555555554 0.0202421875 0.035986111111111115
82 0.0082265625 0.3317638888888889 0.0164453125 0.03148611111111111
1 0.111421875 0.18275000000000002 0.0189765625 0.03711111111111111
66 0.0620859375 0.10177777777777777 0.017710937500000003 0.034861111111111114
29 0.0728359375 0.10177777777777777 0.0164453125 0.019125
2 0.072203125 0.08715277777777777 0.0151796875 0.021361111111111112
30 0.067140625 0.07141666666666667 0.017710937500000003 0.02361111111111111