5 0.8141328124999999 0.3470416666666667 0.3359609375 0.2694861111111111
5 0.20437500000000003 0.1716527777777778 0.0965625 0.2029305555555556
5 0.055757812500000004 0.3669444444444444 0.1051484375 0.057625
68 0.0777578125 0.19840277777777776 0.155515625 0.2769027777777778
85 0.782578125 0.6685 0.058765625 0.10388888888888889
25 0.384390625 0.18359722222222222 0.053476562500000005 0.10208333333333333
24 0.20910156249999998 0.5478888888888889 0.028437499999999998 0.07938888888888888
95 0.36875 0.4041666666666667 0.05 0.125
16 0.512375 0.5383333333333333 0.10896874999999999 0.171375
7 0.4882734375 0.5169166666666667 0.050296875 0.12480555555555556
42 0.49693750000000003 0.39949999999999997 0.0851875 0.019152777777777776
1 0.1299296875 0.29525 0.020953125 0.03166666666666667
35 0.14453125 0.32241666666666663 0.010046875 0.02976388888888889
2 0.1403359375 0.27526388888888886 0.0163046875 0.035069444444444445
24 0.264046875 0.4433333333333333 0.092203125 0.134125
41 0.3625390625 0.3203888888888889 0.08382031250000001 0.014902777777777779
66 0.063390625 0.22631944444444443 0.017812500000000002 0.027944444444444445
49 0.0083828125 0.32505555555555554 0.016765625 0.027944444444444445
30 0.015195312499999999 0.11641666666666665 0.01990625 0.035388888888888886
29 0.023578125 0.113625 0.013625000000000002 0.029805555555555557
22 0.009484375 0.0763888888888889 0.0145078125 0.025791666666666668