25 0.254140625 0.6836944444444444 0.0910703125 0.14945833333333333
42 0.5100781249999999 0.39701388888888894 0.082125 0.012736111111111111
91 0.6499843750000001 0.1515138888888889 0.0626171875 0.17866666666666664
68 0.07534375 0.1924861111111111 0.1506875 0.27629166666666666
85 0.7863749999999999 0.6763055555555556 0.067796875 0.12180555555555556
54 0.7234375 0.4527777777777778 0.1 0.15
64 0.7618750000000001 0.33931944444444445 0.08875 0.0095
41 0.761546875 0.3285694444444444 0.0837421875 0.014069444444444445
7 0.50153125 0.47759722222222223 0.066828125 0.12391666666666666
63 0.065625 0.5847222222222223 0.103125 0.30833333333333335
82 0.108171875 0.2734722222222222 0.0198515625 0.021166666666666667
49 0.11016406249999999 0.2531805555555555 0.0218359375 0.03352777777777778
29 0.101703125 0.167375 0.01740625 0.03013888888888889
1 0.1116484375 0.16319444444444445 0.02084375 0.030000000000000002
66 0.08589843750000001 0.17795833333333333 0.020617187500000002 0.035027777777777776
30 0.017640625 0.11076388888888888 0.02153125 0.035833333333333335