5 0.8359062500000001 0.4478620689655172 0.14216145833333332 0.34886206896551725
5 0.132234375 0.4817701149425287 0.26446875 0.2856896551724138
68 0.10622916666666667 0.172 0.14188020833333334 0.3087241379310345
11 0.4993489583333333 0.5287356321839081 0.10546875 0.21839080459770116
42 0.5125989583333334 0.4010459770114943 0.083640625 0.013839080459770114
26 0.6295572916666666 0.47844827586206895 0.06901041666666667 0.14080459770114942
1 0.12697916666666667 0.3141954022988506 0.01758854166666667 0.03396551724137931
49 0.12285416666666667 0.28204597701149425 0.022536458333333335 0.047310344827586205
82 0.08355208333333333 0.3008505747126437 0.016489583333333332 0.03639080459770115
66 0.09674479166666666 0.20077011494252872 0.019786458333333333 0.03760919540229885
29 0.04864583333333334 0.09158620689655173 0.01923958333333333 0.04245977011494253
22 0.047859375 0.036482758620689656 0.013921875 0.046091954022988504
30 0.05194270833333334 0.059436781609195403 0.015942708333333333 0.03396551724137931
84 0.7154947916666666 0.8735632183908046 0.06901041666666667 0.13793103448275862
35 0.1714270833333333 0.31398850574712645 0.015661458333333333 0.03264367816091954