5 0.6126041666666667 0.5745977011494252 0.15513541666666666 0.28970114942528735
5 0.843796875 0.25071264367816093 0.12859895833333332 0.18817241379310345
5 0.5948333333333333 0.07394252873563219 0.13414583333333333 0.13051724137931034
11 0.5199114583333333 0.5321149425287356 0.08415104166666666 0.22501149425287356
64 0.506328125 0.4169655172413793 0.07463541666666668 0.01213793103448276
42 0.5104947916666667 0.4005977011494253 0.08164583333333333 0.012942528735632184
68 0.107453125 0.17404597701149424 0.141625 0.31216091954022984
26 0.455078125 0.6005747126436781 0.06901041666666667 0.23563218390804597
82 0.08725520833333333 0.2039655172413793 0.01836979166666667 0.038000000000000006
66 0.10476041666666666 0.20586206896551723 0.016645833333333335 0.03927586206896552
67 0.10332812499999999 0.1672183908045977 0.019515624999999998 0.03547126436781609
49 0.11308333333333334 0.235 0.01836979166666667 0.03420689655172414
1 0.16761979166666666 0.2793333333333333 0.01836979166666667 0.03927586206896552
29 0.043911458333333334 0.25273563218390804 0.016645833333333335 0.036735632183908046
30 0.053385416666666664 0.060804597701149425 0.019515624999999998 0.040540229885057476
35 0.17285416666666667 0.3113218390804598 0.013203125000000001 0.037770114942528736
22 0.04816145833333333 0.039390804597701154 0.014182291666666668 0.042080459770114945