11 0.5359375 0.4540229885057471 0.5328125 0.4724137931034483 0.5322916666666667 0.4908045977011494 0.525 0.5045977011494253 0.5208333333333334 0.503448275862069 0.5166666666666667 0.496551724137931 0.5197916666666667 0.47586206896551725 0.5182291666666666 0.4666666666666667 0.5135416666666667 0.4586206896551724 0.5057291666666667 0.4586206896551724 0.5005208333333333 0.46436781609195404 0.49895833333333334 0.47011494252873565 0.4984375 0.4896551724137931 0.49375 0.4827586206896552 0.49322916666666666 0.49770114942528737 0.490625 0.5011494252873563 0.4864583333333333 0.49770114942528737 0.4859375 0.4747126436781609 0.4828125 0.4735632183908046 0.47291666666666665 0.4839080459770115 0.465625 0.4850574712643678 0.4578125 0.4942528735632184 0.45677083333333335 0.5264367816091954 0.4588541666666667 0.5379310344827586 0.4661458333333333 0.5482758620689655 0.4630208333333333 0.5586206896551724 0.46458333333333335 0.5643678160919541 0.4552083333333333 0.5908045977011495 0.4552083333333333 0.5954022988505747 0.46041666666666664 0.6068965517241379 0.459375 0.6160919540229886 0.4625 0.6264367816091954 0.48541666666666666 0.6459770114942529 0.4984375 0.6494252873563219 0.5171875 0.6482758620689655 0.5296875 0.6540229885057471 0.5317708333333333 0.6505747126436782 0.5333333333333333 0.628735632183908 0.5447916666666667 0.6229885057471264 0.5453125 0.6172413793103448 0.5526041666666667 0.6103448275862069 0.5541666666666667 0.5954022988505747 0.5520833333333334 0.5885057471264368 0.55625 0.5724137931034483 0.55625 0.5655172413793104 0.5473958333333333 0.5091954022988506 0.5510416666666667 0.5011494252873563 0.5515625 0.49310344827586206 0.5447916666666667 0.46206896551724136 0.5375 0.4540229885057471
64 0.5104166666666666 0.4166666666666667 0.08333333333333333 0.017241379310344827
42 0.5113333333333333 0.40057471264367817 0.08166145833333333 0.014448275862068967
68 0.10908854166666666 0.17362068965517244 0.14127083333333335 0.3144022988505747
85 0.7631354166666667 0.6880689655172414 0.06667187499999999 0.14498850574712643
5 0.31015625 0.07567816091954023 0.06402604166666667 0.12945977011494253
90 0.04282291666666667 0.8391149425287356 0.08564583333333334 0.30568965517241375
1 0.16488020833333333 0.27720689655172415 0.0158125 0.03157471264367816
25 0.6277447916666666 0.15502298850574714 0.03819270833333333 0.10358620689655174
89 0.513671875 0.9511494252873564 0.08984375 0.09770114942528736
84 0.7131875 0.8718045977011495 0.06893229166666666 0.13808045977011493
25 0.7290989583333333 0.06904597701149426 0.075296875 0.13340229885057472
99 0.6661145833333334 0.11181609195402299 0.0476875 0.22363218390804598
90 0.52715625 0.18417241379310342 0.08866666666666667 0.2696781609195402
82 0.09338020833333333 0.24206896551724139 0.019463541666666664 0.031344827586206894
49 0.09285416666666667 0.2159425287356322 0.018411458333333335 0.032505747126436786
30 0.10047916666666666 0.19679310344827586 0.0189375 0.035988505747126434
29 0.05944791666666667 0.053988505747126436 0.017885416666666668 0.042954022988505744