23 0.5494791666666666 0.2824137931034483 0.07953125 0.012770114942528735
41 0.5496510416666667 0.26952873563218394 0.07634375 0.01560919540229885
5 0.22454166666666667 0.6259540229885058 0.19025520833333334 0.44874712643678166
11 0.484375 0.5344827586206896 0.08333333333333333 0.19540229885057472
64 0.5078125 0.4051724137931034 0.08072916666666667 0.011494252873563218
42 0.508921875 0.392448275862069 0.07595833333333334 0.01288505747126437
5 0.6950416666666667 0.5855057471264368 0.35582291666666666 0.37471264367816093
64 0.879890625 0.4012873563218391 0.07953125 0.017551724137931032
41 0.880375 0.3893448275862069 0.07634895833333334 0.012413793103448277
68 0.10938020833333333 0.17395402298850576 0.143078125 0.31486206896551727
5 0.01528125 0.05467816091954023 0.03015625 0.09641379310344828
20 0.859921875 0.4739885057471264 0.04132291666666667 0.09632183908045977
44 0.5505677083333332 0.39968965517241384 0.03542708333333333 0.09733333333333334
84 0.7132395833333334 0.8687931034482759 0.054223958333333336 0.12286206896551724
86 0.8415729166666667 0.5911609195402299 0.060734375 0.1324367816091954
1 0.14058333333333334 0.30235632183908046 0.017885416666666668 0.03157471264367816
49 0.14076041666666667 0.2770919540229885 0.014666666666666666 0.025264367816091954
50 0.143265625 0.2652528735632184 0.013953125 0.03157471264367816
2 0.15506770833333333 0.2731494252873563 0.015380208333333334 0.034735632183908044
82 0.10069791666666666 0.20801149425287357 0.0168125 0.03710344827586207
66 0.102484375 0.19064367816091957 0.0168125 0.03079310344827586
83 0.11106770833333333 0.16498850574712642 0.018244791666666666 0.039471264367816096
29 0.04417708333333333 0.09867816091954022 0.018958333333333334 0.034735632183908044
35 0.17257291666666666 0.3143448275862069 0.012328125 0.03475862068965517
22 0.046223958333333336 0.0377816091954023 0.015067708333333334 0.03627586206896551