5 0.11115104166666666 0.6472413793103449 0.22230208333333332 0.40663218390804595
11 0.49894791666666666 0.4897126436781609 0.07217708333333334 0.11689655172413793
24 0.41225 0.9136436781609195 0.08811458333333334 0.15217241379310342
24 0.4868854166666667 0.9252068965517241 0.035145833333333334 0.12470114942528734
5 0.9148333333333334 0.7724252873563219 0.161078125 0.4268045977011494
64 0.5091145833333334 0.41379310344827586 0.08072916666666667 0.017241379310344827
42 0.5092291666666667 0.3997816091954023 0.07695833333333332 0.01493103448275862
99 0.5199791666666667 0.5690689655172414 0.157734375 0.25244827586206897
91 0.7711770833333333 0.12457471264367816 0.06776562500000001 0.23679310344827584
41 0.5650208333333333 0.3176206896551724 0.07824479166666666 0.017022988505747128
71 0.22200520833333334 0.9094827586206896 0.11848958333333333 0.1810344827586207
40 0.22991145833333335 0.7880344827586208 0.07819270833333333 0.015057471264367815
68 0.10292708333333334 0.16682758620689653 0.141890625 0.3158620689655173
24 0.5705364583333333 0.689344827586207 0.03668229166666667 0.10785057471264367
1 0.15540104166666666 0.2894137931034483 0.014890625 0.03391954022988506
49 0.158984375 0.26688505747126434 0.01146875 0.02760919540229885
30 0.166109375 0.26995402298850574 0.014593749999999999 0.033747126436781606
82 0.10407812500000001 0.19134482758620688 0.018416666666666668 0.026839080459770116
83 0.10199479166666667 0.17793103448275863 0.013552083333333333 0.02760919540229885
29 0.09660937500000001 0.024919540229885056 0.015984375000000002 0.037574712643678156