5 0.43997916666666664 0.1446551724137931 0.24697916666666667 0.2256206896551724
11 0.5057708333333334 0.5107471264367817 0.1024375 0.17929885057471265
5 0.7765989583333333 0.8286091954022988 0.3024114583333333 0.32781609195402295
24 0.41244270833333335 0.7330114942528736 0.04328645833333333 0.07383908045977011
64 0.506921875 0.41388505747126436 0.08176041666666665 0.015793103448275864
42 0.5078854166666666 0.4000574712643678 0.073828125 0.01396551724137931
64 0.6796458333333334 0.41388505747126436 0.077671875 0.015793103448275864
41 0.6793958333333333 0.3987471264367816 0.07615625 0.017080459770114943
5 0.9342083333333334 0.5729885057471265 0.12161979166666666 0.27651724137931033
5 0.990359375 0.34665517241379307 0.019281250000000003 0.15505747126436784
13 0.66078125 0.5718965517241379 0.08941145833333333 0.23817241379310347
24 0.54309375 0.6151724137931035 0.044000000000000004 0.10457471264367817
24 0.29178645833333333 0.7431839080459771 0.09709374999999999 0.16916091954022988
92 0.22586979166666668 0.8897931034482759 0.10424479166666667 0.16916091954022988
28 0.8339739583333333 0.34621839080459765 0.057234375 0.0924712643678161
64 0.863609375 0.2537471264367816 0.07971875 0.011275862068965518
41 0.8651458333333333 0.23795402298850576 0.08073958333333334 0.020298850574712642
64 0.8825208333333333 0.49733333333333335 0.07665104166666666 0.015793103448275864
40 0.8820052083333334 0.4849310344827586 0.077671875 0.022551724137931037
68 0.10884374999999999 0.17367816091954022 0.14410416666666667 0.31577011494252877
49 0.149015625 0.30086206896551726 0.009109375 0.03303448275862069
82 0.15227083333333333 0.2527471264367816 0.016916666666666667 0.04020689655172414
66 0.056937499999999995 0.2793103448275862 0.020171875 0.030160919540229883
83 0.15812500000000002 0.3065977011494253 0.014317708333333333 0.03303448275862069
1 0.16463020833333333 0.31019540229885056 0.013015625 0.025850574712643678
67 0.165609375 0.29224137931034483 0.013666666666666666 0.030160919540229883
29 0.10020833333333333 0.10698850574712644 0.016916666666666667 0.03877011494252873