5 0.22681770833333334 0.2663103448275862 0.11452083333333334 0.26598850574712646
14 0.6338541666666667 0.2655172413793103 0.6265625 0.28045977011494255 0.6239583333333333 0.30919540229885056 0.6182291666666667 0.30919540229885056 0.6182291666666667 0.3218390804597701 0.6078125 0.36091954022988504 0.5828125 0.3701149425287356 0.5791666666666667 0.3701149425287356 0.575 0.3632183908045977 0.5635416666666667 0.37471264367816093 0.5614583333333333 0.3689655172413793 0.5619791666666667 0.35747126436781607 0.5546875 0.35517241379310344 0.5515625 0.34942528735632183 0.5536458333333333 0.3448275862068966 0.5505208333333333 0.3413793103448276 0.5604166666666667 0.332183908045977 0.5291666666666667 0.3413793103448276 0.5177083333333333 0.3528735632183908 0.5130208333333334 0.3505747126436782 0.5135416666666667 0.34367816091954023 0.5088541666666667 0.3448275862068966 0.4979166666666667 0.3563218390804598 0.48854166666666665 0.3781609195402299 0.48541666666666666 0.38850574712643676 0.4890625 0.3931034482758621 0.46979166666666666 0.39655172413793105 0.46979166666666666 0.4045977011494253 0.471875 0.40804597701149425 0.4703125 0.4114942528735632 0.47760416666666666 0.4068965517241379 0.4869791666666667 0.4091954022988506 0.4973958333333333 0.4045977011494253 0.5385416666666667 0.40229885057471265 0.5416666666666666 0.3954022988505747 0.5291666666666667 0.39195402298850573 0.5416666666666666 0.38850574712643676 0.5463541666666667 0.3954022988505747 0.5463541666666667 0.40344827586206894 0.5489583333333333 0.40804597701149425 0.5453125 0.41954022988505746 0.51875 0.4218390804597701 0.5197916666666667 0.435632183908046 0.5171875 0.4482758620689655 0.5135416666666667 0.44482758620689655 0.509375 0.4471264367816092 0.50625 0.4425287356321839 0.5078125 0.44022988505747124 0.5072916666666667 0.4298850574712644 0.5088541666666667 0.4264367816091954 0.5161458333333333 0.4241379310344828 0.5135416666666667 0.4206896551724138 0.48072916666666665 0.4206896551724138 0.4765625 0.42528735632183906 0.47552083333333334 0.4425287356321839 0.471875 0.44482758620689655 0.46927083333333336 0.43103448275862066 0.47552083333333334 0.42298850574712643 0.4744791666666667 0.4218390804597701 0.4666666666666667 0.4241379310344828 0.45989583333333334 0.43333333333333335 0.4546875 0.43333333333333335 0.446875 0.41954022988505746 0.4432291666666667 0.42298850574712643 0.43645833333333334 0.43908045977011495 0.4395833333333333 0.45057471264367815 0.4348958333333333 0.46091954022988507 0.43385416666666665 0.4689655172413793 0.4432291666666667 0.4724137931034483 0.45364583333333336 0.4666666666666667 0.46510416666666665 0.46551724137931033 0.4703125 0.4517241379310345 0.47708333333333336 0.45632183908045976 0.4822916666666667 0.47126436781609193 0.4901041666666667 0.47011494252873565 0.4979166666666667 0.4574712643678161 0.5010416666666667 0.45977011494252873 0.5041666666666667 0.4666666666666667 0.5015625 0.4735632183908046 0.503125 0.47701149425287354 0.5020833333333333 0.4862068965517241 0.5052083333333334 0.48735632183908045 0.50625 0.4896551724137931 0.5046875 0.4954022988505747 0.509375 0.5057471264367817 0.5125 0.506896551724138 0.5130208333333334 0.5172413793103449 0.5161458333333333 0.5091954022988506 0.5119791666666667 0.5057471264367817 0.5135416666666667 0.503448275862069 0.5192708333333333 0.5045977011494253 0.51875 0.5091954022988506 0.5244791666666667 0.5137931034482759 0.5286458333333334 0.5241379310344828 0.528125 0.532183908045977 0.5317708333333333 0.539080459770115 0.5432291666666667 0.5482758620689655 0.5427083333333333 0.5597701149425287 0.5442708333333334 0.5678160919540229 0.5578125 0.5908045977011495 0.5640625 0.6080459770114942 0.5682291666666667 0.6103448275862069 0.5723958333333333 0.6011494252873564 0.5765625 0.6022988505747127 0.5921875 0.5919540229885057 0.6 0.5758620689655173 0.603125 0.542528735632184 0.6072916666666667 0.542528735632184 0.6057291666666667 0.5494252873563218 0.6109375 0.5563218390804597 0.6229166666666667 0.5402298850574713 0.625 0.532183908045977 0.6307291666666667 0.5287356321839081 0.646875 0.503448275862069 0.6463541666666667 0.4862068965517241 0.64375 0.48160919540229885 0.6427083333333333 0.4735632183908046 0.6385416666666667 0.4666666666666667 0.6307291666666667 0.4413793103448276 0.6244791666666667 0.432183908045977 0.6229166666666667 0.4160919540229885 0.615625 0.4057471264367816 0.6375 0.32413793103448274 0.6380208333333334 0.31494252873563217 0.6348958333333333 0.3114942528735632 0.6322916666666667 0.3022988505747126 0.6359375 0.28045977011494255 0.6385416666666667 0.27586206896551724 0.6375 0.2655172413793103
11 0.4864583333333333 0.5414367816091954 0.10679166666666666 0.23264367816091955
5 0.6678177083333333 0.6637471264367817 0.3183958333333334 0.3517471264367816
5 0.7915885416666666 0.052103448275862066 0.1125625 0.09475862068965517
42 0.5100677083333334 0.3999425287356322 0.07920833333333334 0.01342528735632184
68 0.10943750000000001 0.1723793103448276 0.14384895833333333 0.30780459770114943
1 0.155 0.3245172413793103 0.020036458333333333 0.04551724137931035
49 0.10195833333333333 0.2718390804597701 0.018859375 0.03641379310344828
66 0.11905208333333334 0.18404597701149425 0.0165 0.035114942528735635
82 0.10844270833333333 0.1638850574712644 0.015322916666666667 0.03641379310344828
67 0.11786979166666667 0.14502298850574713 0.014145833333333333 0.037724137931034483
29 0.04655729166666667 0.059183908045977014 0.01768229166666667 0.037724137931034483
86 0.8426145833333333 0.5821494252873564 0.06194270833333334 0.13670114942528735
45 0.6380989583333334 0.8826436781609195 0.052328124999999996 0.11077011494252874
22 0.04822916666666666 0.03364367816091954 0.013307291666666667 0.03303448275862069
35 0.17240624999999998 0.3125862068965517 0.016630208333333334 0.03303448275862069