5 0.7373333333333334 0.5109655172413793 0.15388541666666666 0.2602183908045977
11 0.5045572916666666 0.5545977011494253 0.08723958333333333 0.1896551724137931
42 0.511453125 0.40147126436781605 0.08188541666666667 0.012689655172413793
5 0.9337968750000001 0.19780459770114944 0.121234375 0.18119540229885056
5 0.661578125 0.044919540229885056 0.09907291666666666 0.08034482758620691
85 0.7602656250000001 0.6866666666666666 0.07059895833333334 0.14717241379310345
45 0.6360677083333334 0.8836206896551724 0.048177083333333336 0.1235632183908046
26 0.5514322916666666 0.6149425287356322 0.10546875 0.22413793103448276
68 0.109375 0.1752873563218391 0.14322916666666666 0.3160919540229885
49 0.10790104166666666 0.23647126436781607 0.018796875 0.04148275862068966
1 0.16241666666666665 0.2904022988505747 0.016541666666666666 0.03650574712643678
35 0.17170833333333332 0.3109080459770115 0.016489583333333332 0.03639080459770115
2 0.1703125 0.26301149425287357 0.015791666666666666 0.034850574712643675
66 0.11542187500000001 0.19829885057471267 0.015791666666666666 0.01825287356321839
82 0.10940625 0.18585057471264368 0.014286458333333333 0.023229885057471266
83 0.11579687500000001 0.1659425287356322 0.015036458333333334 0.029873563218390804
67 0.13158854166666667 0.1700919540229885 0.015036458333333334 0.04148275862068966
50 0.11391666666666667 0.13524137931034483 0.014286458333333333 0.034850574712643675
29 0.050380208333333336 0.07882758620689655 0.019552083333333335 0.034850574712643675
22 0.04731770833333333 0.03639080459770115 0.017208333333333332 0.04113793103448276