90 0.41015625 0.5361111111111111 0.4015625 0.5361111111111111 0.3984375 0.5527777777777778 0.375 0.5833333333333334 0.3375 0.5916666666666667 0.2828125 0.6222222222222222 0.25625 0.6472222222222223 0.2984375 0.6638888888888889 0.3265625 0.6583333333333333 0.36875 0.6694444444444444 0.390625 0.6861111111111111 0.3796875 0.7333333333333333 0.378125 0.7694444444444445 0.3953125 0.8305555555555556 0.3671875 0.8916666666666667 0.36875 0.9388888888888889 0.3875 0.9805555555555555 0.403125 0.9972222222222222 0.4375 0.9972222222222222 0.440625 0.9722222222222222 0.446875 0.9722222222222222 0.45 0.9555555555555556 0.453125 0.9777777777777777 0.4640625 0.9583333333333334 0.453125 0.9472222222222222 0.4578125 0.9472222222222222 0.45625 0.9333333333333333 0.465625 0.9166666666666666 0.4703125 0.9472222222222222 0.4765625 0.9083333333333333 0.4671875 0.8583333333333333 0.4546875 0.8388888888888889 0.45625 0.8444444444444444 0.45 0.85 0.440625 0.8194444444444444 0.453125 0.7722222222222223 0.453125 0.7444444444444445 0.4375 0.6805555555555556 0.465625 0.6694444444444444 0.48125 0.6527777777777778 0.5234375 0.6527777777777778 0.53125 0.6388888888888888 0.546875 0.6361111111111111 0.546875 0.6277777777777778 0.5375 0.6194444444444445 0.525 0.625 0.521875 0.6111111111111112 0.48125 0.5861111111111111 0.44375 0.5805555555555556 0.425 0.5583333333333333 0.41875 0.5361111111111111
70 0.48125 0.45555555555555555 0.4765625 0.4638888888888889 0.478125 0.5305555555555556 0.4671875 0.5555555555555556 0.4875 0.5777777777777777 0.5015625 0.5805555555555556 0.5078125 0.5722222222222222 0.503125 0.5416666666666666 0.50625 0.525 0.5015625 0.5166666666666667 0.5015625 0.49444444444444446 0.4859375 0.45555555555555555
24 0.5234375 0.41944444444444445 0.5125 0.4361111111111111 0.509375 0.4583333333333333 0.528125 0.46944444444444444 0.53125 0.5 0.5375 0.5027777777777778 0.5390625 0.5138888888888888 0.55625 0.5027777777777778 0.5703125 0.4722222222222222 0.56875 0.45555555555555555 0.55 0.4444444444444444 0.5421875 0.41944444444444445 0.528125 0.41944444444444445
24 0.56875 0.6361111111111111 0.559375 0.6555555555555556 0.5484375 0.6444444444444445 0.534375 0.6694444444444444 0.5328125 0.6916666666666667 0.5203125 0.7111111111111111 0.525 0.7333333333333333 0.5359375 0.75 0.546875 0.7527777777777778 0.55625 0.7111111111111111 0.5671875 0.7083333333333334 0.5765625 0.6583333333333333 0.575 0.6361111111111111
24 0.5328125 0.8333333333333334 0.5328125 0.85 0.54375 0.875 0.5375 0.9083333333333333 0.5234375 0.9361111111111111 0.5125 0.9388888888888889 0.521875 0.9472222222222222 0.540625 0.9166666666666666 0.55 0.925 0.5546875 0.95 0.55 0.9611111111111111 0.5328125 0.9638888888888889 0.5296875 0.9972222222222222 0.6171875 0.9972222222222222 0.615625 0.9583333333333334 0.6078125 0.9388888888888889 0.603125 0.9305555555555556 0.584375 0.9361111111111111 0.56875 0.9194444444444444 0.5625 0.8861111111111111 0.5484375 0.8666666666666667 0.546875 0.8444444444444444 0.5375 0.8333333333333334
84 0.7739583333333333 0.8138888888888889 0.746875 0.8194444444444444 0.7359375 0.8361111111111111 0.7296875 0.8638888888888889 0.7296875 0.8888888888888888 0.7390625 0.9222222222222223 0.759375 0.9361111111111111 0.7671875 0.9527777777777777 0.7890625 0.9416666666666667 0.8015625 0.9222222222222223 0.80625 0.9 0.803125 0.8444444444444444 0.7828125 0.8138888888888889
85 0.82421875 0.6277777777777778 0.8 0.6388888888888888 0.7875 0.6722222222222223 0.790625 0.7138888888888889 0.796875 0.7333333333333333 0.8078125 0.7444444444444445 0.8265625 0.7444444444444445 0.840625 0.7333333333333333 0.853125 0.7 0.8515625 0.6472222222222223 0.834375 0.6277777777777778
64 0.495 0.41205555555555556 0.09665625 0.01
42 0.49296875 0.3958333333333333 0.0984375 0.013888888888888888
68 0.089140625 0.15763888888888888 0.178296875 0.31530555555555556
82 0.011265625 0.27611111111111114 0.022515625 0.035027777777777776
1 0.009859375 0.2193888888888889 0.019703125 0.03836111111111111
49 0.079296875 0.25025000000000003 0.023453125 0.04002777777777778
29 0.029562500000000002 0.1401388888888889 0.023453125 0.04002777777777778
66 0.06381250000000001 0.12177777777777779 0.018765625 0.04002777777777778