85 0.829296875 0.6966666666666667 0.077765625 0.13772222222222222
5 0.341265625 0.20808333333333331 0.144921875 0.18047222222222223
5 0.646125 0.045472222222222226 0.101 0.09097222222222222
70 0.47090624999999997 0.5079444444444445 0.078078125 0.15280555555555556
64 0.494921875 0.4130555555555555 0.09476562499999999 0.014194444444444445
42 0.494734375 0.39777777777777773 0.09506250000000001 0.0155
5 0.91759375 0.5812777777777778 0.158953125 0.24480555555555555
5 0.038578125000000005 0.4796944444444444 0.077171875 0.16308333333333333
86 0.9296562500000001 0.5895833333333333 0.07465625000000001 0.13202777777777777
68 0.088484375 0.15627777777777777 0.17696875 0.3125833333333333
49 0.09875 0.15325 0.01940625 0.042611111111111113
82 0.1120625 0.14797222222222223 0.018625 0.03205555555555555
1 0.135859375 0.15527777777777776 0.020546875 0.042611111111111113
29 0.017703125 0.3034444444444444 0.02396875 0.042611111111111113
66 0.10715625 0.07172222222222223 0.023421875 0.04163888888888889
60 0.15703125 0.2699166666666667 0.024296875000000002 0.04936111111111111