70 0.4734375 0.41944444444444445 0.471875 0.43333333333333335 0.4609375 0.44166666666666665 0.4515625 0.4722222222222222 0.4578125 0.4861111111111111 0.48125 0.49444444444444446 0.484375 0.5611111111111111 0.4890625 0.575 0.490625 0.5277777777777778 0.503125 0.5194444444444445 0.5078125 0.5027777777777778 0.48125 0.41944444444444445
24 0.771875 0.23333333333333334 0.7578125 0.2388888888888889 0.753125 0.24722222222222223 0.7609375 0.25 0.740625 0.275 0.74375 0.30833333333333335 0.7609375 0.3277777777777778 0.7859375 0.3277777777777778 0.7984375 0.2833333333333333 0.80625 0.29444444444444445 0.809375 0.28888888888888886 0.8046875 0.26666666666666666 0.79375 0.2638888888888889 0.775 0.23333333333333334
24 0.825 0.17222222222222222 0.821875 0.18888888888888888 0.8078125 0.20277777777777778 0.7984375 0.23055555555555557 0.796875 0.25833333333333336 0.8140625 0.275 0.81875 0.2722222222222222 0.8328125 0.20833333333333334 0.828125 0.17222222222222222
25 0.90625 0.06111111111111111 0.8859375 0.10555555555555556 0.884375 0.14166666666666666 0.903125 0.13333333333333333 0.9140625 0.1111111111111111 0.9078125 0.06111111111111111
25 0.9326718749999999 0.05166666666666667 0.0520625 0.08791666666666666
5 0.603125 0.10555555555555556 0.5828125 0.1111111111111111 0.571875 0.14444444444444443 0.546875 0.14444444444444443 0.54375 0.16111111111111112 0.5328125 0.17777777777777778 0.5203125 0.175 0.5 0.18611111111111112 0.4921875 0.2111111111111111 0.4859375 0.21944444444444444 0.478125 0.21666666666666667 0.465625 0.24722222222222223 0.4609375 0.24166666666666667 0.459375 0.25833333333333336 0.4515625 0.26944444444444443 0.45 0.325 0.4359375 0.3277777777777778 0.4359375 0.3638888888888889 0.4484375 0.3861111111111111 0.5078125 0.38055555555555554 0.540625 0.38333333333333336 0.5453125 0.39166666666666666 0.5453125 0.41388888888888886 0.540625 0.4222222222222222 0.521875 0.4222222222222222 0.5203125 0.4361111111111111 0.515625 0.4222222222222222 0.496875 0.4222222222222222 0.5 0.4666666666666667 0.528125 0.4666666666666667 0.5484375 0.4222222222222222 0.559375 0.41388888888888886 0.575 0.36944444444444446 0.5734375 0.35833333333333334 0.5921875 0.33055555555555555 0.5953125 0.3055555555555556 0.646875 0.25277777777777777 0.6609375 0.2222222222222222 0.6625 0.1527777777777778 0.6546875 0.13055555555555556 0.6296875 0.10555555555555556 0.61875 0.11388888888888889 0.6046875 0.10555555555555556
5 0.7774305555555555 0 0.709375 0 0.6828125 0.058333333333333334 0.6890625 0.10833333333333334 0.7046875 0.11944444444444445 0.740625 0.125 0.7765625 0.09722222222222222 0.7921875 0.06388888888888888 0.7859375 0.03888888888888889 0.7953125 0.025 0.7859375 0
90 0.6006696428571429 0.8305555555555556 0.5484375 0.8305555555555556 0.528125 0.8555555555555555 0.5373470126988699 0.9117756131867293 0.5139378359080281 0.9325837703341443 0.49372081958866465 0.9231255170853193 0.4796875 0.9 0.4390625 0.9194444444444444 0.4140625 0.9472222222222222 0.4296875 0.9611111111111111 0.421875 0.975 0.515625 0.9777777777777777 0.5203125 0.9833333333333333 0.5171875 0.9972222222222222 0.7015625 0.9972222222222222 0.7 0.9861111111111112 0.7046875 0.9777777777777777 0.71875 0.9722222222222222 0.7046875 0.9722222222222222 0.696875 0.9611111111111111 0.7171875 0.9527777777777777 0.7328125 0.9333333333333333 0.73125 0.9166666666666666 0.69375 0.8805555555555555 0.6863145013678635 0.9288004690346143 0.6512007361816007 0.9306921196843793 0.6448164152386439 0.8890758053895493 0.6515625 0.8527777777777777 0.609375 0.8305555555555556
45 0.6640625 0.8472222222222222 0.6546875 0.8527777777777777 0.6421875 0.8833333333333333 0.6453125 0.9138888888888889 0.6609375 0.9333333333333333 0.68125 0.9277777777777778 0.6921875 0.9027777777777778 0.6921875 0.8777777777777778 0.6828125 0.8555555555555555 0.671875 0.8472222222222222
68 0.0894375 0.15866666666666665 0.178875 0.31116666666666665
30 0.15284375 0.27891666666666665 0.021578125 0.03675
29 0.082265625 0.22616666666666668 0.022468750000000003 0.03994444444444445
66 0.0818125 0.1526388888888889 0.021578125 0.03994444444444445
67 0.098 0.1446388888888889 0.021578125 0.03994444444444445
49 0.074171875 0.10308333333333333 0.024281249999999997 0.043166666666666666
82 0.017984375 0.07991666666666666 0.021578125 0.04155555555555556
1 0.00809375 0.05752777777777778 0.0161875 0.035166666666666666
2 0.028328125 0.04236111111111111 0.022468750000000003 0.027166666666666665
64 0.495234375 0.41550000000000004 0.092703125 0.015611111111111112
42 0.49573437499999995 0.39899999999999997 0.0936875 0.013888888888888888
22 0.165765625 0.29686111111111113 0.020359375 0.03186111111111111
36 0.00978125 0.018833333333333334 0.019546875 0.03763888888888889