27 0.6609375 0.4083333333333333 0.65625 0.4222222222222222 0.6578125 0.46111111111111114 0.6359375 0.48333333333333334 0.6484375 0.5333333333333333 0.6609375 0.5555555555555556 0.6890625 0.5388888888888889 0.6921875 0.5 0.7 0.4861111111111111 0.690625 0.4388888888888889 0.6921875 0.4222222222222222 0.6625 0.4111111111111111
89 0.6421875 0.1638888888888889 0.6234375 0.18055555555555555 0.6125 0.18055555555555555 0.6078125 0.19166666666666668 0.58125 0.2111111111111111 0.5953125 0.20833333333333334 0.609375 0.23055555555555557 0.609375 0.2777777777777778 0.6171875 0.2972222222222222 0.61875 0.3277777777777778 0.625 0.325 0.6265625 0.3111111111111111 0.6453125 0.3055555555555556 0.6578125 0.28055555555555556 0.65625 0.225 0.6703125 0.16944444444444445 0.65 0.17222222222222222 0.646875 0.1638888888888889
74 0.71875 0.22361111111111112 0.0875 0.175
56 0.44571990557589947 0.4867769412783845 0.4703125 0.5055555555555555 0.484375 0.5305555555555556 0.4953125 0.5361111111111111 0.5015625 0.5555555555555556 0.51875 0.5666666666666667 0.5234375 0.5583333333333333 0.51875 0.55 0.525 0.5416666666666666 0.534375 0.5527777777777778 0.5484375 0.5527777777777778 0.5328125 0.5166666666666667 0.5140625 0.5 0.48825381306624377 0.48992760109248407
90 0.30625 0.6361111111111111 0.2859375 0.6611111111111111 0.196875 0.7 0.1640625 0.7277777777777777 0.1734375 0.7333333333333333 0.1890625 0.725 0.2 0.7472222222222222 0.2375 0.7416666666666667 0.2671875 0.7555555555555555 0.2875 0.7555555555555555 0.29375 0.7666666666666667 0.2875 0.7972222222222223 0.2890625 0.8444444444444444 0.309375 0.8944444444444445 0.290625 0.9388888888888889 0.390625 0.9388888888888889 0.3875 0.9055555555555556 0.3734375 0.8833333333333333 0.3625 0.8805555555555555 0.35625 0.8638888888888889 0.3578125 0.8444444444444444 0.371875 0.8277777777777777 0.3640625 0.75 0.3703125 0.7388888888888889 0.3796875 0.7472222222222222 0.384375 0.7277777777777777 0.3953125 0.7388888888888889 0.4453125 0.7194444444444444 0.33125 0.6416666666666667 0.321875 0.6388888888888888 0.315625 0.6472222222222223 0.3078125 0.6361111111111111
5 0.4703125 0.10277777777777777 0.45 0.11388888888888889 0.4421875 0.10833333333333334 0.4296875 0.125 0.4125 0.12777777777777777 0.3953125 0.15555555555555556 0.3765625 0.16111111111111112 0.371875 0.15 0.34375 0.17777777777777778 0.3359375 0.20277777777777778 0.325 0.20833333333333334 0.321875 0.225 0.3125 0.225 0.3046875 0.25277777777777777 0.3078125 0.275 0.2984375 0.275 0.2953125 0.3 0.2796875 0.33611111111111114 0.278125 0.37222222222222223 0.2859375 0.4 0.296875 0.4111111111111111 0.3203125 0.4166666666666667 0.353125 0.4083333333333333 0.3875 0.37222222222222223 0.4015625 0.3472222222222222 0.40625 0.325 0.45 0.25833333333333336 0.496875 0.21944444444444444 0.5109375 0.175 0.5078125 0.13055555555555556 0.496875 0.10833333333333334 0.48125 0.10277777777777777
5 0.5515625 0.05555555555555555 0.5453125 0.06111111111111111 0.5515625 0.08888888888888889 0.5484375 0.09722222222222222 0.5578125 0.10555555555555556 0.6265625 0.10277777777777777 0.6421875 0.058333333333333334 0.553125 0.05555555555555555
23 0.507921875 0.4114166666666667 0.08678125 0.009083333333333334
42 0.5081249999999999 0.39711111111111114 0.086125 0.009555555555555555
64 0.633171875 0.14772222222222223 0.084203125 0.007888888888888888
41 0.633171875 0.13591666666666666 0.0853125 0.011805555555555555
64 0.730109375 0.0975 0.0853125 0.007888888888888888
41 0.730109375 0.08272222222222222 0.081984375 0.013777777777777778
64 0.6927187499999999 0.37127777777777776 0.08475 0.005916666666666666
40 0.6927187499999999 0.35847222222222225 0.085859375 0.013777777777777778
45 0.6421875 0.8027777777777778 0.63125 0.8138888888888889 0.6234375 0.8388888888888889 0.6265625 0.8722222222222222 0.6421875 0.8916666666666667 0.6640625 0.8861111111111111 0.675 0.8583333333333333 0.6703125 0.8194444444444444 0.65625 0.8027777777777778
68 0.080765625 0.19580555555555554 0.16153125 0.2791388888888889
67 0.08740624999999999 0.1838888888888889 0.01875 0.03011111111111111
66 0.050812500000000003 0.1822777777777778 0.019359375 0.03333333333333333
49 0.0753125 0.2822777777777778 0.015125 0.0355
29 0.010578124999999999 0.3338888888888889 0.017546875 0.031194444444444445
1 0.007859375 0.11561111111111111 0.00846875 0.031194444444444445
82 0.020265625000000002 0.11827777777777777 0.017546875 0.017194444444444446
83 0.01784375 0.09463888888888888 0.015125 0.027972222222222225
2 0.028125 0.09355555555555556 0.01028125 0.03225
22 0.15140625000000002 0.31877777777777777 0.012562499999999999 0.028944444444444443
35 0.012562499999999999 0.07152777777777777 0.013953125 0.030583333333333334