45 0.6674218749999999 0.8902222222222222 0.048796875 0.08977777777777778
85 0.829765625 0.6958055555555556 0.07843750000000001 0.1375
86 0.93065625 0.5910277777777778 0.076515625 0.1358888888888889
5 0.511265625 0.6448611111111111 0.188046875 0.24688888888888888
5 0.060328124999999996 0.9713055555555556 0.12064062499999999 0.05738888888888889
5 0.811359375 0.028 0.109984375 0.05602777777777778
64 0.49339062499999997 0.4114166666666667 0.09378125000000001 0.012222222222222223
42 0.49598437500000003 0.39763888888888893 0.096328125 0.014055555555555554
5 0.5978125000000001 0.05419444444444445 0.043703124999999995 0.1083611111111111
40 0.7272968750000001 0.44941666666666663 0.097390625 0.01663888888888889
32 0.69434375 0.5676944444444445 0.05284375 0.1545
64 0.52996875 0.4634166666666667 0.096359375 0.015305555555555555
40 0.529890625 0.44766666666666666 0.09578125 0.01813888888888889
68 0.0886875 0.15483333333333335 0.177375 0.3096388888888889
5 0.014953125000000001 0.02686111111111111 0.029796875 0.05372222222222222
29 0.053968749999999996 0.16052777777777777 0.026718750000000003 0.036083333333333335
66 0.081203125 0.12727777777777777 0.023515625000000002 0.03038888888888889
61 0.053421874999999994 0.09119444444444444 0.021374999999999998 0.041805555555555554
82 0.079078125 0.09972222222222221 0.012828125000000001 0.020888888888888887
1 0.074796875 0.08738888888888889 0.019234375 0.034194444444444444
49 0.08815625 0.08833333333333333 0.018171875 0.036083333333333335
89 0.541765625 0.6003055555555556 0.064109375 0.14816666666666667