73 0.1921875 0.7277777777777777 0.184375 0.7388888888888889 0.1796875 0.7833333333333333 0.1890625 0.8055555555555556 0.2015625 0.8694444444444445 0.2125 0.8777777777777778 0.2234375 0.8666666666666667 0.215625 0.8416666666666667 0.215625 0.8222222222222222 0.228125 0.7805555555555556 0.21875 0.7583333333333333 0.19375 0.7305555555555555
89 0.4109375 0.5333333333333333 0.403125 0.5333333333333333 0.3984375 0.5555555555555556 0.3875 0.5583333333333333 0.3890625 0.5694444444444444 0.403125 0.5805555555555556 0.409375 0.6055555555555555 0.4171875 0.6055555555555555 0.421875 0.5777777777777777 0.4234375 0.5388888888888889 0.41875 0.5333333333333333
89 0.3484375 0.5611111111111111 0.3421875 0.5666666666666667 0.340625 0.5888888888888889 0.3328125 0.6083333333333333 0.315625 0.7138888888888889 0.3453125 0.7444444444444445 0.365625 0.7472222222222222 0.3765625 0.7055555555555556 0.4 0.7027777777777777 0.4109375 0.6916666666666667 0.41875 0.6777777777777778 0.41875 0.6583333333333333 0.378125 0.6277777777777778 0.3609375 0.5944444444444444 0.3578125 0.5611111111111111
5 0.525 0.31666666666666665 0.5078125 0.3416666666666667 0.4984375 0.34444444444444444 0.496875 0.35555555555555557 0.5125 0.36944444444444446 0.5171875 0.35833333333333334 0.54375 0.35833333333333334 0.54375 0.40555555555555556 0.5390625 0.41944444444444445 0.509375 0.4222222222222222 0.5109375 0.44722222222222224 0.496875 0.45555555555555555 0.4703125 0.4527777777777778 0.459375 0.4361111111111111 0.4609375 0.42777777777777776 0.4546875 0.4388888888888889 0.4515625 0.4222222222222222 0.446875 0.4222222222222222 0.4390625 0.4583333333333333 0.4390625 0.5277777777777778 0.428125 0.5444444444444444 0.4234375 0.5861111111111111 0.4359375 0.5833333333333334 0.4390625 0.5666666666666667 0.44375 0.5722222222222222 0.4484375 0.5611111111111111 0.4609375 0.5638888888888889 0.4578125 0.5777777777777777 0.4453125 0.5777777777777777 0.453125 0.5833333333333334 0.4359375 0.5916666666666667 0.4234375 0.6194444444444445 0.4265625 0.6305555555555555 0.421875 0.6694444444444444 0.45 0.7 0.5125 0.7111111111111111 0.528125 0.6972222222222222 0.55 0.7277777777777777 0.5640625 0.7277777777777777 0.5734375 0.7222222222222222 0.5765625 0.7055555555555556 0.5734375 0.6888888888888889 0.56875 0.6805555555555556 0.5640625 0.6861111111111111 0.5546875 0.6638888888888889 0.5578125 0.6166666666666667 0.5484375 0.6194444444444445 0.54375 0.6083333333333333 0.5421875 0.5388888888888889 0.5609375 0.49166666666666664 0.58125 0.49722222222222223 0.596875 0.4111111111111111 0.5953125 0.37777777777777777 0.5765625 0.33055555555555555 0.528125 0.32222222222222224
5 0 0.45 0 0.7027777777777777 0.0046875 0.7083333333333334 0 0.7138888888888889 0.0140625 0.7027777777777777 0.0328125 0.6444444444444445 0.0515625 0.6361111111111111 0.0484375 0.6611111111111111 0.0328125 0.6888888888888889 0.0328125 0.7222222222222222 0.075 0.7361111111111112 0.09375 0.7166666666666667 0.1109375 0.7111111111111111 0.146875 0.7333333333333333 0.15625 0.7083333333333334 0.1546875 0.6916666666666667 0.121875 0.7 0.1046875 0.6861111111111111 0.0984375 0.6666666666666666 0.1015625 0.6277777777777778 0.1125 0.6166666666666667 0.1734375 0.6222222222222222 0.1859375 0.6083333333333333 0.1828125 0.575 0.1609375 0.5444444444444444 0.1265625 0.5333333333333333 0.1234375 0.5222222222222223 0.1125 0.5222222222222223 0.075 0.4861111111111111 0.059375 0.49166666666666664 0.0328125 0.4722222222222222 0.0203125 0.49166666666666664 0.0015625 0.45
77 0.5515625 0.9305555555555556 0.565625 0.9638888888888889 0.5609375 0.9972222222222222 0.6390625 0.9972222222222222 0.6265625 0.9555555555555556 0.6125 0.975 0.6078125 0.9694444444444444 0.6140625 0.9611111111111111 0.6078125 0.9472222222222222 0.603125 0.9527777777777777 0.59375 0.9388888888888889 0.5640625 0.9416666666666667 0.553125 0.9305555555555556
86 0.921875 0.5194444444444445 0.8921875 0.5444444444444444 0.8875 0.6166666666666667 0.89375 0.6361111111111111 0.9109375 0.6583333333333333 0.9296875 0.6666666666666666 0.95625 0.6472222222222223 0.96875 0.6138888888888889 0.965625 0.5611111111111111 0.95625 0.5388888888888889 0.934375 0.5194444444444445
64 0.494015625 0.4146666666666667 0.09473437500000001 0.011222222222222222
42 0.49498437500000003 0.39647222222222217 0.09440625 0.015166666666666667
64 0.185421875 0.6673055555555555 0.096546875 0.00961111111111111
41 0.185421875 0.6528611111111111 0.09834375 0.022444444444444444
64 0.3388125 0.552611111111111 0.09293749999999999 0.008027777777777778
40 0.339265625 0.5405833333333334 0.097453125 0.012833333333333334
68 0.08832812500000001 0.15955555555555556 0.176640625 0.3191111111111111
66 0.030078125 0.30383333333333334 0.023875 0.033944444444444444
83 0.0463125 0.06788888888888889 0.020046875 0.033944444444444444
29 0.059203125 0.08233333333333334 0.01909375 0.02886111111111111
1 0.055859375 0.049222222222222216 0.016234375000000002 0.027166666666666665