56 0.5171875 0.45 0.4984375 0.48055555555555557 0.4828125 0.4722222222222222 0.4953125 0.5055555555555555 0.4921875 0.5222222222222223 0.475 0.5444444444444444 0.4640625 0.575 0.4875 0.5555555555555556 0.5125 0.5555555555555556 0.5140625 0.525 0.521875 0.5111111111111111 0.5171875 0.4527777777777778
24 0.29375 0.6083333333333333 0.2859375 0.6111111111111112 0.28125 0.6333333333333333 0.2578125 0.6555555555555556 0.2640625 0.6666666666666666 0.2609375 0.6722222222222223 0.2734375 0.6805555555555556 0.2890625 0.6694444444444444 0.29375 0.7 0.2984375 0.7 0.3203125 0.6305555555555555 0.3171875 0.6194444444444445 0.3015625 0.6083333333333333
24 0.2671875 0.6472222222222223 0.228125 0.6527777777777778 0.2234375 0.6583333333333333 0.2234375 0.675 0.1890625 0.7222222222222222 0.21875 0.7694444444444445 0.2234375 0.7722222222222223 0.234375 0.7583333333333333 0.253125 0.7611111111111111 0.265625 0.7305555555555555 0.253125 0.7 0.2609375 0.6916666666666667 0.26875 0.7083333333333334 0.2703125 0.7305555555555555 0.2734375 0.7277777777777777 0.2796875 0.7083333333333334 0.2765625 0.6777777777777778 0.2890625 0.6638888888888889 0.2828125 0.65 0.28125 0.6611111111111111 0.2703125 0.6611111111111111 0.26875 0.6472222222222223
24 0.4390625 0.42777777777777776 0.4296875 0.45 0.43125 0.49722222222222223 0.453125 0.5083333333333333 0.465625 0.49166666666666664 0.4546875 0.46944444444444444 0.4578125 0.4444444444444444 0.4484375 0.42777777777777776
5 0.5953125 0.08333333333333333 0.575 0.1111111111111111 0.54375 0.1 0.515625 0.10555555555555556 0.5046875 0.09722222222222222 0.4890625 0.10277777777777777 0.4796875 0.11944444444444445 0.4734375 0.10833333333333334 0.4703125 0.12777777777777777 0.45 0.11388888888888889 0.440625 0.12222222222222222 0.4390625 0.11388888888888889 0.4359375 0.1361111111111111 0.4265625 0.14166666666666666 0.4203125 0.16944444444444445 0.4109375 0.17222222222222222 0.4046875 0.2 0.39375 0.21388888888888888 0.390625 0.2388888888888889 0.396875 0.2388888888888889 0.403125 0.3 0.4203125 0.32222222222222224 0.45 0.31666666666666665 0.46875 0.28888888888888886 0.4859375 0.23333333333333334 0.4921875 0.24166666666666667 0.496875 0.2722222222222222 0.5 0.2638888888888889 0.5171875 0.2722222222222222 0.51875 0.26666666666666666 0.521875 0.24444444444444444 0.515625 0.21666666666666667 0.5203125 0.2 0.5046875 0.2 0.49375 0.21388888888888888 0.4765625 0.21388888888888888 0.4671875 0.2 0.4453125 0.2 0.446875 0.19166666666666668 0.4359375 0.175 0.4390625 0.16111111111111112 0.45 0.18611111111111112 0.45625 0.16944444444444445 0.4859375 0.16944444444444445 0.4890625 0.17777777777777778 0.528125 0.17222222222222222 0.5359375 0.18333333333333332 0.5265625 0.20277777777777778 0.5328125 0.21388888888888888 0.55 0.18888888888888888 0.5515625 0.175 0.56875 0.17777777777777778 0.5921875 0.20555555555555555 0.6015625 0.20277777777777778 0.6125 0.21666666666666667 0.6265625 0.18888888888888888 0.634375 0.15555555555555556 0.621875 0.1361111111111111 0.6171875 0.10277777777777777 0.60625 0.08611111111111111 0.596875 0.08611111111111111
25 0.484375 0.2361111111111111 0.45625 0.32222222222222224 0.4703125 0.30277777777777776 0.4859375 0.31666666666666665 0.49375 0.3138888888888889 0.4984375 0.2777777777777778 0.4921875 0.26944444444444443 0.4890625 0.2361111111111111
25 0.56328125 0.18333333333333332 0.5546875 0.18333333333333332 0.5328125 0.21666666666666667 0.5203125 0.2111111111111111 0.528125 0.2638888888888889 0.5359375 0.25555555555555554 0.5671875 0.2638888888888889 0.571875 0.24722222222222223 0.5703125 0.21388888888888888 0.584375 0.2 0.571875 0.18333333333333332
5 0.3140625 0.2638888888888889 0.2921875 0.2861111111111111 0.2890625 0.3111111111111111 0.2734375 0.2972222222222222 0.2640625 0.325 0.2515625 0.33611111111111114 0.2515625 0.3611111111111111 0.2421875 0.37777777777777777 0.25 0.41388888888888886 0.2671875 0.4388888888888889 0.29375 0.4583333333333333 0.321875 0.44722222222222224 0.3375 0.425 0.3484375 0.4222222222222222 0.3828125 0.35555555555555557 0.38125 0.3055555555555556 0.315625 0.26666666666666666
5 0.1125 0.4583333333333333 0.103125 0.4666666666666667 0.075 0.46111111111111114 0.0515625 0.5083333333333333 0.025 0.5222222222222223 0.025 0.5472222222222223 0.0203125 0.5583333333333333 0 0.5277777777777778 0 0.7861111111111111 0.0234375 0.7777777777777778 0.0328125 0.7555555555555555 0.0453125 0.7472222222222222 0.0484375 0.7166666666666667 0.0609375 0.7166666666666667 0.0703125 0.6666666666666666 0.0984375 0.5916666666666667 0.1453125 0.5694444444444444 0.1734375 0.5666666666666667 0.171875 0.525 0.1796875 0.5166666666666667 0.1734375 0.49722222222222223 0.1734375 0.4722222222222222 0.1453125 0.4583333333333333 0.134375 0.4861111111111111 0.121875 0.4583333333333333
5 0.759375 0.7138888888888889 0.7453125 0.7527777777777778 0.7453125 0.7722222222222223 0.7671875 0.7944444444444444 0.775 0.8444444444444444 0.765625 0.8833333333333333 0.7453125 0.9111111111111111 0.75625 0.9222222222222223 0.75625 0.9388888888888889 0.9984375 0.9416666666666667 0.9984375 0.8666666666666667 0.9875 0.8555555555555555 0.9671875 0.8611111111111112 0.9578125 0.8444444444444444 0.946875 0.8444444444444444 0.9390625 0.825 0.91875 0.8277777777777777 0.921875 0.8416666666666667 0.909375 0.8444444444444444 0.9171875 0.8527777777777777 0.9140625 0.8861111111111111 0.9078125 0.8861111111111111 0.9078125 0.8722222222222222 0.8984375 0.8722222222222222 0.8875 0.85 0.8765625 0.8611111111111112 0.8609375 0.8611111111111112 0.8578125 0.875 0.8453125 0.8805555555555555 0.8296875 0.8611111111111112 0.825 0.8277777777777777 0.815625 0.825 0.81875 0.8083333333333333 0.8265625 0.8083333333333333 0.825 0.7583333333333333 0.8171875 0.7444444444444445 0.7984375 0.7444444444444445 0.79375 0.7222222222222222 0.7609375 0.7166666666666667
23 0.509375 0.41161111111111115 0.08785937499999999 0.01688888888888889
42 0.5075937500000001 0.39577777777777773 0.086671875 0.019
68 0.081921875 0.19525 0.159109375 0.28075
1 0.02375 0.0855 0.019 0.03588888888888889
82 0.04153125 0.10680555555555557 0.017796875 0.02372222222222222
49 0.08084375 0.16019444444444444 0.014828125000000001 0.035611111111111114
66 0.13274999999999998 0.30522222222222223 0.0163125 0.03297222222222222
67 0.1494375 0.28150000000000003 0.022984375 0.027694444444444445
91 0.921875 0.125 0.91875 0.16666666666666666 0.9125 0.18611111111111112 0.878125 0.22777777777777777 0.8875 0.24722222222222223 0.9046875 0.2611111111111111 0.940625 0.26944444444444443 0.9515625 0.25277777777777777 0.9546875 0.21944444444444444 0.9484375 0.21388888888888888 0.9484375 0.18888888888888888 0.9578125 0.1388888888888889 0.9296875 0.13333333333333333 0.9234375 0.125