68 0.077375 0.19461111111111112 0.15475 0.2758333333333333
56 0.5114687499999999 0.5211666666666667 0.04134375 0.14691666666666667
41 0.744421875 0.12725 0.08621875 0.013944444444444443
89 0.74290625 0.23369444444444443 0.059890624999999996 0.14008333333333334
85 0.785421875 0.6678333333333333 0.062125 0.10750000000000001
5 0.55403125 0.8383888888888889 0.164796875 0.21463888888888888
90 0.613265625 0.24808333333333335 0.10598437499999999 0.33747222222222223
23 0.50878125 0.40908333333333335 0.0865625 0.01125
42 0.50984375 0.3950277777777778 0.0865625 0.01688888888888889
25 0.6890625 0.2 0.675 0.21388888888888888 0.678125 0.25277777777777777 0.6890625 0.28055555555555556 0.696875 0.25 0.7078125 0.25277777777777777 0.6890625 0.20277777777777778
30 0.099359375 0.3163888888888889 0.015640625 0.029194444444444443
67 0.10714062499999999 0.3021388888888889 0.022171875 0.026277777777777782
49 0.096578125 0.28525 0.015828125000000002 0.030027777777777778
1 0.0074375 0.13977777777777778 0.014859375 0.029194444444444443
83 0.013296875 0.12169444444444445 0.017203125 0.029194444444444443
66 0.03325 0.13630555555555557 0.0195625 0.027805555555555556
94 0.10873437500000001 0.25172222222222224 0.02346875 0.027805555555555556
22 0.152140625 0.3195 0.0165 0.03236111111111111
35 0.01165625 0.07077777777777777 0.015359375 0.03236111111111111