5 0.75615625 0.10011111111111111 0.117921875 0.20019444444444442
42 0.493953125 0.4137222222222222 0.099734375 0.012666666666666666
42 0.493578125 0.39813888888888893 0.096359375 0.015111111111111112
5 0.21478125 0.05091666666666666 0.077171875 0.10183333333333332
24 0.6474375 0.9158333333333333 0.125484375 0.16830555555555557
25 0.609375 0.45 0.6109375 0.4722222222222222 0.603125 0.48333333333333334 0.6 0.46944444444444444 0.5953125 0.46944444444444444 0.59375 0.49444444444444446 0.5859375 0.5027777777777778 0.5828125 0.5305555555555556 0.5703125 0.55 0.5859375 0.5777777777777777 0.596875 0.5861111111111111 0.615625 0.5833333333333334 0.6265625 0.6 0.6625 0.5666666666666667 0.6703125 0.5472222222222223 0.66875 0.5388888888888889 0.6546875 0.5416666666666666 0.6578125 0.5333333333333333 0.65 0.5027777777777778 0.640625 0.49444444444444446 0.6375 0.4722222222222222 0.6234375 0.4583333333333333 0.615625 0.46111111111111114 0.6109375 0.45
25 0.596875 0.6527777777777778 0.5828125 0.7111111111111111 0.5890625 0.725 0.5875 0.7444444444444445 0.596875 0.7472222222222222 0.5875 0.7527777777777778 0.60625 0.7611111111111111 0.6078125 0.7361111111111112 0.61875 0.7305555555555555 0.621875 0.7111111111111111 0.61875 0.6888888888888889 0.6 0.6527777777777778
68 0.088453125 0.15513888888888888 0.17690625 0.31027777777777776
1 0.158515625 0.22902777777777777 0.0201875 0.04011111111111111
82 0.12921875 0.18436111111111111 0.02090625 0.03866666666666667
66 0.127546875 0.14125000000000001 0.02425 0.04163888888888889
29 0.091578125 0.017833333333333333 0.02759375 0.035666666666666666
61 0.054921874999999995 0.09291666666666668 0.019484375 0.04408333333333333