86 0.9305937500000001 0.5892777777777778 0.07660937500000001 0.13225
42 0.4928125 0.39775 0.095015625 0.015333333333333332
64 0.49195312500000005 0.4151666666666667 0.095046875 0.012027777777777778
64 0.07509375 0.5993611111111111 0.096 0.01513888888888889
40 0.072484375 0.5827222222222223 0.09228125000000001 0.013500000000000002
91 0.792078125 0.2368888888888889 0.10001562500000001 0.3314166666666667
68 0.087890625 0.15852777777777777 0.17579687500000002 0.31705555555555553
73 0.8433125 0.137 0.053500000000000006 0.10644444444444444
41 0.85859375 0.01811111111111111 0.099359375 0.03169444444444444
70 0.43125 0.44166666666666665 0.4265625 0.48333333333333334 0.4359375 0.49444444444444446 0.4359375 0.475 0.440625 0.4722222222222222 0.4515625 0.49444444444444446 0.4703125 0.49722222222222223 0.4765625 0.5222222222222223 0.484375 0.5305555555555556 0.4875 0.5583333333333333 0.4921875 0.55 0.4921875 0.525 0.5078125 0.5166666666666667 0.4890625 0.4444444444444444 0.4328125 0.4444444444444444
60 0.15328124999999998 0.28108333333333335 0.02278125 0.045166666666666674
66 0.103359375 0.036583333333333336 0.017515625 0.03269444444444444
1 0.11737500000000001 0.03036111111111111 0.024531249999999998 0.042055555555555554
83 0.13314062499999998 0.014805555555555556 0.02278125 0.029583333333333333
82 0.052109375 0.21488888888888888 0.02715625 0.03736111111111111
49 0.049046875000000004 0.17127777777777778 0.02278125 0.03736111111111111