5 0.2515625 0.36944444444444446 0.2484375 0.3861111111111111 0.234375 0.4083333333333333 0.2140625 0.41388888888888886 0.2015625 0.4361111111111111 0.1953125 0.4305555555555556 0.178125 0.45555555555555555 0.1765625 0.46944444444444444 0.1484375 0.4666666666666667 0.128125 0.5 0.121875 0.49166666666666664 0.109375 0.5 0.10625 0.525 0.0984375 0.5388888888888889 0.0859375 0.5444444444444444 0.0859375 0.5638888888888889 0.0765625 0.5861111111111111 0.0625 0.5861111111111111 0.05625 0.5777777777777777 0.053125 0.6416666666666667 0.034375 0.6555555555555556 0.0328125 0.6666666666666666 0.0390625 0.7083333333333334 0.0171875 0.7027777777777777 0.015625 0.7277777777777777 0.0109375 0.7361111111111112 0 0.7361111111111112 0 0.8055555555555556 0.03125 0.8333333333333334 0.0546875 0.8416666666666667 0.1046875 0.825 0.153125 0.775 0.1671875 0.75 0.1765625 0.7027777777777777 0.215625 0.6555555555555556 0.2171875 0.6444444444444445 0.234375 0.6222222222222222 0.2375 0.6027777777777777 0.3203125 0.5222222222222223 0.3390625 0.475 0.3359375 0.4305555555555556 0.3421875 0.4166666666666667 0.328125 0.38055555555555554 0.3140625 0.3888888888888889 0.296875 0.38333333333333336 0.2859375 0.36944444444444446 0.2671875 0.37222222222222223 0.2625 0.38055555555555554 0.253125 0.37222222222222223
5 0.403125 0.2777777777777778 0.3890625 0.2972222222222222 0.39375 0.33055555555555555 0.40625 0.3527777777777778 0.4390625 0.37222222222222223 0.4625 0.3638888888888889 0.4875 0.3388888888888889 0.5140625 0.2916666666666667 0.50625 0.2833333333333333 0.4046875 0.28055555555555556
5 0.63125 0.05555555555555555 0.5921875 0.06111111111111111 0.5921875 0.08055555555555556 0.5828125 0.10555555555555556 0.5703125 0.1111111111111111 0.5515625 0.10277777777777777 0.54375 0.11388888888888889 0.5375 0.10833333333333334 0.53125 0.11944444444444445 0.5296875 0.14166666666666666 0.509375 0.1638888888888889 0.5078125 0.175 0.5171875 0.2 0.5015625 0.20555555555555555 0.509375 0.20555555555555555 0.5109375 0.21388888888888888 0.5203125 0.20833333333333334 0.53125 0.21944444444444444 0.609375 0.21944444444444444 0.63125 0.20555555555555555 0.6421875 0.18611111111111112 0.6671875 0.18055555555555555 0.6828125 0.16666666666666666 0.709375 0.16944444444444445 0.71875 0.16111111111111112 0.7296875 0.14166666666666666 0.740625 0.09722222222222222 0.721875 0.058333333333333334 0.640625 0.05555555555555555
5 0.91875 0.5944444444444444 0.9078125 0.5944444444444444 0.90625 0.6194444444444445 0.8921875 0.6416666666666667 0.8875 0.6694444444444444 0.890625 0.7 0.8859375 0.7055555555555556 0.9046875 0.7361111111111112 0.9375 0.825 0.9484375 0.8333333333333334 0.9625 0.8305555555555556 0.9765625 0.8472222222222222 0.9890625 0.8444444444444444 0.9921875 0.8583333333333333 0.9984375 0.8611111111111112 0.9984375 0.6222222222222222 0.9890625 0.6277777777777778 0.9859375 0.6166666666666667 0.9625 0.6166666666666667 0.9453125 0.6416666666666667 0.9375 0.6277777777777778 0.9359375 0.6 0.9296875 0.5944444444444444
56 0.5109375 0.4666666666666667 0.4859375 0.49444444444444446 0.45 0.4888888888888889 0.4484375 0.49722222222222223 0.4796875 0.5166666666666667 0.4703125 0.5444444444444444 0.471875 0.5583333333333333 0.5015625 0.525 0.509375 0.5277777777777778 0.5046875 0.5472222222222223 0.5109375 0.5555555555555556 0.525 0.5194444444444445 0.5390625 0.5194444444444445 0.521875 0.49722222222222223 0.525 0.4777777777777778 0.5171875 0.4666666666666667
85 0.7953125 0.6111111111111112 0.7671875 0.6222222222222222 0.75625 0.6472222222222223 0.7546875 0.6777777777777778 0.759375 0.7027777777777777 0.7734375 0.7194444444444444 0.803125 0.7111111111111111 0.815625 0.675 0.8234375 0.6694444444444444 0.8171875 0.6333333333333333 0.7984375 0.6111111111111112
84 0.74375 0.7777777777777778 0.7203125 0.7833333333333333 0.7046875 0.8138888888888889 0.7046875 0.8472222222222222 0.7125 0.875 0.734375 0.8916666666666667 0.746875 0.8777777777777778 0.7625 0.8833333333333333 0.771875 0.8555555555555555 0.7703125 0.8083333333333333 0.7515625 0.7777777777777778
68 0.0796875 0.18888888888888888 0.159375 0.2833333333333333
66 0.098015625 0.2536111111111111 0.0191875 0.029666666666666668
82 0.051312500000000004 0.10752777777777778 0.0141875 0.03113888888888889
1 0.020015625000000002 0.09344444444444444 0.020015625000000002 0.026694444444444444
49 0.06298437500000001 0.0963888888888889 0.012515624999999999 0.03263888888888889
50 0.07132812499999999 0.0978888888888889 0.017515625 0.03263888888888889
22 0.152046875 0.31730555555555556 0.015625 0.03205555555555555
35 0.013218750000000001 0.06730555555555556 0.021640625 0.03205555555555555