64 0.49585937500000005 0.4117777777777778 0.09634374999999999 0.013833333333333335
42 0.49585937500000005 0.39794444444444443 0.09634374999999999 0.017305555555555557
3 0.631625 0.4186944444444444 0.132359375 0.19725
64 0.616046875 0.46975000000000006 0.10121875 0.008638888888888889
41 0.617515625 0.45416666666666666 0.09829687499999999 0.019027777777777775
64 0.83940625 0.42388888888888887 0.09829687499999999 0.013833333333333335
40 0.8369687499999999 0.40919444444444447 0.099265625 0.015583333333333334
24 0.4328125 0.5111111111111111 0.4109375 0.5166666666666667 0.4140625 0.5388888888888889 0.3890625 0.5777777777777777 0.3953125 0.6027777777777777 0.4390625 0.6611111111111111 0.4546875 0.65 0.4609375 0.6305555555555555 0.4609375 0.6027777777777777 0.446875 0.5805555555555556 0.45 0.5694444444444444 0.4640625 0.5694444444444444 0.4765625 0.6111111111111112 0.4828125 0.5972222222222222 0.4796875 0.5611111111111111 0.4421875 0.5111111111111111
25 0.7046875 0.21944444444444444 0.709375 0.23333333333333334 0.6953125 0.25 0.6953125 0.2861111111111111 0.7046875 0.3111111111111111 0.728125 0.30277777777777776 0.7359375 0.2861111111111111 0.7265625 0.2611111111111111 0.725 0.23055555555555557 0.709375 0.21944444444444444
25 0.7367305467003579 0.1903193544976706 0.7172660672630962 0.22492287349724707 0.7308912028691793 0.25779621654684476 0.7756595055748814 0.26990744819669654 0.76875 0.2222222222222222 0.775 0.2 0.7640625 0.18055555555555555 0.7625 0.1638888888888889 0.7515625 0.1638888888888889
89 0.784375 0.4361111111111111 0.775 0.44166666666666665 0.775 0.48055555555555557 0.7515625 0.5 0.7359375 0.525 0.75 0.5277777777777778 0.7609375 0.5194444444444445 0.7796875 0.5361111111111111 0.775 0.6 0.7921875 0.5972222222222222 0.8140625 0.6222222222222222 0.83125 0.6194444444444445 0.8359375 0.6138888888888889 0.8375 0.5388888888888889 0.846875 0.475 0.8140625 0.4666666666666667 0.7875 0.4361111111111111
86 0.93359375 0.525 0.903125 0.5388888888888889 0.8921875 0.5694444444444444 0.8921875 0.5972222222222222 0.9 0.625 0.9203125 0.6416666666666667 0.928125 0.6638888888888889 0.9546875 0.6472222222222223 0.9671875 0.6138888888888889 0.965625 0.5611111111111111 0.95625 0.5388888888888889 0.9421875 0.525
45 0.665625 0.8472222222222222 0.64375 0.875 0.6453125 0.9111111111111111 0.6609375 0.9333333333333333 0.68125 0.9277777777777778 0.6921875 0.9 0.6890625 0.8666666666666667 0.6734375 0.8472222222222222
5 0.28716517857142854 0 0.1796875 0.002777777777777778 0.1828125 0.025 0.178125 0.03333333333333333 0.175 0.15833333333333333 0.178125 0.25833333333333336 0.19375 0.2722222222222222 0.221875 0.2638888888888889 0.2359375 0.24166666666666667 0.278125 0.20277777777777778 0.371875 0.1388888888888889 0.396875 0.09444444444444444 0.39375 0.08611111111111111 0.3984375 0.06388888888888888 0.384375 0.05555555555555555 0.3046875 0.05555555555555555 0.2953125 0
5 0.49496527777777777 0 0.4296875 0 0.4375 0.05 0.425 0.06388888888888888 0.4234375 0.08055555555555556 0.4484375 0.12222222222222222 0.4546875 0.14444444444444443 0.4703125 0.14722222222222223 0.484375 0.1111111111111111 0.5234375 0.05 0.5234375 0.025 0.503125 0
68 0.0885625 0.15830555555555556 0.177125 0.3166111111111111
49 0.059140625 0.1635 0.021203125 0.04011111111111111
66 0.0806875 0.21880555555555553 0.02325 0.036472222222222225
1 0.07965625 0.1628888888888889 0.015734375000000002 0.04133333333333333
83 0.106328125 0.18477777777777776 0.01846875 0.03161111111111111
30 0.08820312500000001 0.17019444444444445 0.013671875 0.034027777777777775
82 0.09778125 0.16047222222222224 0.015046875000000001 0.03161111111111111
70 0.496875 0.4666666666666667 0.490625 0.48055555555555557 0.5015625 0.4888888888888889 0.4890625 0.5083333333333333 0.4875 0.5388888888888889 0.503125 0.5944444444444444 0.51875 0.6 0.5296875 0.5888888888888889 0.5390625 0.55 0.5390625 0.5277777777777778 0.528125 0.49444444444444446 0.5125 0.46944444444444444 0.5 0.4666666666666667