20 0.8953125 0.3861111111111111 0.8484375 0.39166666666666666 0.8421875 0.4 0.846875 0.4222222222222222 0.871875 0.4222222222222222 0.840625 0.4722222222222222 0.821875 0.4888888888888889 0.821875 0.5194444444444445 0.8296875 0.5138888888888888 0.840625 0.4861111111111111 0.8453125 0.4861111111111111 0.8484375 0.5 0.88125 0.4722222222222222 0.9046875 0.4638888888888889 0.9109375 0.46944444444444444 0.9140625 0.49722222222222223 0.9171875 0.4527777777777778 0.9265625 0.43333333333333335 0.915625 0.42777777777777776 0.8921875 0.44166666666666665 0.8890625 0.43333333333333335 0.9046875 0.4027777777777778 0.9 0.3861111111111111
70 0.48125 0.44722222222222224 0.48125 0.5305555555555556 0.4897637680399187 0.5368009514069529 0.49036766911025154 0.5582729894632311 0.48855596589925304 0.5700826103941841 0.4897637680399187 0.5861866389363927 0.49519887767291415 0.594775454158904 0.4984375 0.5361111111111111 0.521875 0.5111111111111111 0.5234375 0.4888888888888889 0.5125 0.46944444444444444 0.5078125 0.42777777777777776 0.4953125 0.4222222222222222
24 0.5875 0.20277777777777778 0.571875 0.2361111111111111 0.5578125 0.25 0.559375 0.275 0.5796875 0.30277777777777776 0.6078125 0.3 0.6125 0.25833333333333336 0.6171875 0.25555555555555554 0.6234375 0.26944444444444443 0.6265625 0.2611111111111111 0.615625 0.22777777777777777 0.590625 0.20833333333333334
25 0.7 0.09444444444444444 0.68125 0.14444444444444443 0.684375 0.15555555555555556 0.690625 0.14722222222222223 0.69375 0.18888888888888888 0.703125 0.15 0.7109375 0.14166666666666666 0.703125 0.09444444444444444
5 0.4921875 0.05277777777777778 0.453125 0.06111111111111111 0.4421875 0.08055555555555556 0.415625 0.08611111111111111 0.403125 0.11666666666666667 0.371875 0.11666666666666667 0.35 0.14722222222222223 0.340625 0.15 0.3203125 0.18888888888888888 0.309375 0.19444444444444445 0.30625 0.21666666666666667 0.3015625 0.20555555555555555 0.3 0.2388888888888889 0.2921875 0.25 0.290625 0.275 0.2796875 0.3055555555555556 0.275 0.37222222222222223 0.296875 0.4027777777777778 0.3375 0.4111111111111111 0.3625 0.4027777777777778 0.396875 0.36666666666666664 0.428125 0.2916666666666667 0.4484375 0.2722222222222222 0.4703125 0.225 0.490625 0.21944444444444444 0.5265625 0.17222222222222222 0.5328125 0.09722222222222222 0.5171875 0.06111111111111111 0.503125 0.05277777777777778
5 0.6478693181818181 0 0.5640625 0 0.5640625 0.05 0.590625 0.06944444444444445 0.628125 0.06944444444444445 0.65 0.05277777777777778 0.65625 0
90 0.3640625 0.7111111111111111 0.35625 0.725 0.3359375 0.7361111111111112 0.31875 0.7277777777777777 0.3015625 0.7444444444444445 0.290625 0.7694444444444445 0.290625 0.8083333333333333 0.28125 0.8333333333333334 0.2765625 0.9 0.30625 0.9083333333333333 0.2875 0.9472222222222222 0.29375 0.9888888888888889 0.296875 0.9972222222222222 0.434375 0.9972222222222222 0.4328125 0.9305555555555556 0.4140625 0.9305555555555556 0.4109375 0.9055555555555556 0.396875 0.9138888888888889 0.3796875 0.9083333333333333 0.3828125 0.8888888888888888 0.4046875 0.8722222222222222 0.3953125 0.7833333333333333 0.4078125 0.7694444444444445 0.41875 0.7861111111111111 0.4203125 0.7638888888888888 0.40625 0.7333333333333333 0.3953125 0.725 0.375 0.7305555555555555 0.365625 0.7111111111111111
45 0.66875 0.8472222222222222 0.6515625 0.8555555555555555 0.6421875 0.8777777777777778 0.6453125 0.9138888888888889 0.6609375 0.9361111111111111 0.6765625 0.9361111111111111 0.6921875 0.9083333333333333 0.6921875 0.875 0.6765625 0.8472222222222222
64 0.49712500000000004 0.41088888888888886 0.096734375 0.012694444444444446
42 0.49765625 0.39444444444444443 0.0921875 0.016666666666666666
64 0.8983125 0.3481666666666667 0.096734375 0.011277777777777777
41 0.896734375 0.3326388888888889 0.0935625 0.016916666666666667
68 0.08828125 0.15694444444444444 0.1765625 0.3138888888888889
30 0.132390625 0.29986111111111113 0.024203125 0.03933333333333333
66 0.14240625 0.2685277777777778 0.020734375 0.03811111111111111
49 0.070171875 0.1831111111111111 0.01728125 0.03686111111111111
67 0.0860625 0.1831111111111111 0.01728125 0.03194444444444444
50 0.089515625 0.1603888888888889 0.020046875 0.028277777777777777
82 0.047015625 0.07927777777777778 0.022125 0.03811111111111111
1 0.008984375 0.06513888888888889 0.01796875 0.03686111111111111
2 0.024546875000000003 0.06144444444444445 0.018671874999999998 0.03686111111111111
22 0.167671875 0.297 0.0204375 0.034194444444444444
35 0.00840625 0.017083333333333336 0.016828125 0.034194444444444444