5 0.310328125 0.7264444444444444 0.32015625000000003 0.42066666666666663
25 0.8035937499999999 0.42808333333333337 0.06940625 0.10769444444444445
5 0.5860000000000001 0.39069444444444446 0.141578125 0.17047222222222222
25 0.747234375 0.5029722222222222 0.041109375 0.08313888888888889
5 0.7514375 0.23102777777777778 0.2433125 0.25677777777777777
56 0.4953125 0.4583333333333333 0.4890625 0.4666666666666667 0.4859375 0.5055555555555555 0.4734375 0.5555555555555556 0.48125 0.5555555555555556 0.484375 0.5333333333333333 0.490625 0.5277777777777778 0.4953125 0.5416666666666666 0.4921875 0.5722222222222222 0.5015625 0.5888888888888889 0.503125 0.5583333333333333 0.51875 0.5583333333333333 0.5125 0.49722222222222223 0.5296875 0.48333333333333334 0.5640625 0.4777777777777778 0.565625 0.4666666666666667 0.509375 0.475 0.5 0.4583333333333333
23 0.50703125 0.4111111111111111 0.0890625 0.011111111111111112
42 0.506875 0.3972222222222222 0.081921875 0.013138888888888891
68 0.07934375 0.1961388888888889 0.1586875 0.27852777777777776
24 0.675921875 0.5982222222222222 0.054828125000000005 0.08227777777777778
85 0.785875 0.6645 0.063265625 0.10252777777777777
24 0.5796875 0.7736111111111111 0.090625 0.1361111111111111
24 0.625578125 0.6993888888888888 0.062453125 0.10091666666666667
56 0.575 0.45555555555555555 0.5703125 0.4583333333333333 0.5703125 0.48055555555555557 0.5875 0.48055555555555557 0.6109375 0.4666666666666667 0.5953125 0.4583333333333333 0.5859375 0.4638888888888889 0.5875 0.4583333333333333 0.5796875 0.45555555555555555
82 0.050890625 0.25080555555555556 0.020953125 0.03858333333333334
49 0.04303125 0.21886111111111112 0.017218749999999998 0.03858333333333334
66 0.054265625 0.22352777777777777 0.017218749999999998 0.03194444444444444
83 0.06921875 0.2155277777777778 0.023203124999999998 0.03194444444444444
29 0.01759375 0.3346111111111111 0.020203125 0.03061111111111111
35 0.013828125 0.06944444444444445 0.01803125 0.04061111111111111
1 0.016468749999999997 0.08183333333333334 0.020953125 0.035916666666666666
22 0.1514375 0.3194444444444444 0.016828125 0.04061111111111111