45 0.667953125 0.8915833333333334 0.050124999999999996 0.08869444444444444
86 0.9304062500000001 0.5898333333333333 0.076109375 0.13266666666666665
5 0.362609375 0.9283333333333333 0.28693749999999996 0.13208333333333333
85 0.8278125 0.6958888888888889 0.074625 0.13391666666666666
64 0.68053125 0.18516666666666665 0.094015625 0.0095
41 0.6816718749999999 0.17130555555555557 0.095015625 0.014222222222222223
64 0.78790625 0.08072222222222222 0.09721874999999999 0.013305555555555555
41 0.7896875 0.06547222222222222 0.09929687499999999 0.012916666666666668
3 0.628203125 0.2348888888888889 0.04325 0.08941666666666666
39 0.4703125 0.4666666666666667 0.4640625 0.48333333333333334 0.4546875 0.4888888888888889 0.4578125 0.5138888888888888 0.4421875 0.5583333333333333 0.4859375 0.5472222222222223 0.4875 0.5 0.4734375 0.4666666666666667
89 0.5549999999999999 0.24786111111111112 0.054484374999999995 0.12725
32 0.5796875 0.17222222222222222 0.5640625 0.18055555555555555 0.5640625 0.19166666666666668 0.559375 0.19444444444444445 0.5640625 0.20277777777777778 0.5625 0.23055555555555557 0.56875 0.25277777777777777 0.565625 0.2972222222222222 0.584375 0.25555555555555554 0.59375 0.2638888888888889 0.5890625 0.24722222222222223 0.59375 0.2361111111111111 0.5921875 0.2111111111111111 0.58125 0.175
100 0.7640625 0.13055555555555556 0.740625 0.15555555555555556 0.7609375 0.15555555555555556 0.75625 0.2 0.765625 0.22777777777777777 0.7703125 0.2222222222222222 0.7734375 0.17222222222222222 0.7859375 0.15555555555555556 0.7703125 0.13055555555555556
64 0.4719375 0.4049722222222222 0.096125 0.01025
40 0.470015625 0.38788888888888884 0.094203125 0.017083333333333336
64 0.5875781250000001 0.13958333333333334 0.091875 0.0095
40 0.5901562499999999 0.12644444444444444 0.09226562499999999 0.013666666666666667
68 0.088671875 0.15858333333333335 0.17734375 0.3171666666666667
29 0.054484374999999995 0.08513888888888889 0.017343749999999998 0.03208333333333334
1 0.07564062499999999 0.021583333333333333 0.01665625 0.04072222222222222
66 0.092640625 0.028999999999999998 0.020125 0.03577777777777778
30 0.10375000000000001 0.017277777777777777 0.017343749999999998 0.029611111111111112
67 0.11173437500000001 0.013583333333333333 0.012484375 0.027138888888888886
70 0.024640625 0.38369444444444445 0.049265625 0.13325