84 0.734375 0.7777777777777778 0.7171875 0.7861111111111111 0.703125 0.8194444444444444 0.703125 0.8444444444444444 0.7109375 0.8694444444444445 0.7328125 0.8861111111111111 0.7546875 0.8722222222222222 0.765625 0.8361111111111111 0.759375 0.7944444444444444 0.7390625 0.7777777777777778
56 0.5078125 0.4305555555555556 0.4890625 0.46944444444444444 0.484375 0.4527777777777778 0.4828125 0.49166666666666664 0.5 0.5333333333333333 0.5015625 0.5638888888888889 0.509375 0.5666666666666667 0.5171875 0.5888888888888889 0.521875 0.5888888888888889 0.5125 0.5527777777777778 0.5140625 0.5166666666666667 0.50625 0.4777777777777778 0.5125 0.4305555555555556
23 0.5082187499999999 0.4091111111111111 0.08346875000000001 0.011083333333333334
42 0.508015625 0.39705555555555555 0.08234375000000001 0.012
68 0.08303125 0.19591666666666668 0.157 0.27911111111111114
49 0.13971875 0.28752777777777777 0.0215 0.02652777777777778
5 0.259375 0.38333333333333336 0.240625 0.4222222222222222 0.221875 0.4305555555555556 0.2125 0.4527777777777778 0.2015625 0.44722222222222224 0.1890625 0.4638888888888889 0.184375 0.49166666666666664 0.1546875 0.48055555555555557 0.134375 0.5166666666666667 0.11875 0.5138888888888888 0.10625 0.5555555555555556 0.0921875 0.5555555555555556 0.0921875 0.575 0.1 0.5944444444444444 0.0953125 0.6027777777777777 0.0875 0.5944444444444444 0.0828125 0.6027777777777777 0.0625 0.6 0.0609375 0.6611111111111111 0.0578125 0.6694444444444444 0.0421875 0.6722222222222223 0.04375 0.7305555555555555 0.028125 0.7166666666666667 0.0234375 0.7222222222222222 0.0234375 0.7472222222222222 0 0.75 0 0.825 0.009375 0.8222222222222222 0.03125 0.8416666666666667 0.0546875 0.85 0.0671875 0.85 0.071875 0.8416666666666667 0.109375 0.8416666666666667 0.1421875 0.7861111111111111 0.1734375 0.7694444444444445 0.1859375 0.7111111111111111 0.2375 0.6444444444444445 0.24375 0.6194444444444445 0.25625 0.6 0.284375 0.5805555555555556 0.3015625 0.5527777777777778 0.328125 0.5333333333333333 0.34375 0.5 0.34375 0.44166666666666665 0.35 0.43333333333333335 0.340625 0.4166666666666667 0.3375 0.39444444444444443 0.3171875 0.4 0.2921875 0.38333333333333336 0.2609375 0.3861111111111111
29 0.134921875 0.30050000000000004 0.015921875 0.026055555555555557
66 0.014875 0.1381111111111111 0.02165625 0.03141666666666667
82 0.012 0.11052777777777778 0.01784375 0.02266666666666667
5 0.459375 0.21666666666666667 0.4390625 0.21944444444444444 0.434375 0.2361111111111111 0.409375 0.26944444444444443 0.40625 0.3416666666666667 0.43125 0.37222222222222223 0.4703125 0.375 0.4765625 0.35833333333333334 0.5046875 0.3333333333333333 0.528125 0.2861111111111111 0.521875 0.25277777777777777 0.515625 0.24722222222222223 0.5171875 0.2388888888888889 0.4984375 0.2361111111111111 0.49375 0.21944444444444444 0.4671875 0.21666666666666667
5 0.675 0.05555555555555555 0.6234375 0.058333333333333334 0.6140625 0.10555555555555556 0.575 0.11388888888888889 0.5578125 0.10833333333333334 0.55625 0.12222222222222222 0.5421875 0.125 0.5375 0.1527777777777778 0.553125 0.16111111111111112 0.5515625 0.16944444444444445 0.5640625 0.2 0.534375 0.21388888888888888 0.515625 0.2111111111111111 0.515625 0.21944444444444444 0.528125 0.21666666666666667 0.5296875 0.23055555555555557 0.5140625 0.24166666666666667 0.5234375 0.2361111111111111 0.54375 0.25833333333333336 0.5703125 0.2611111111111111 0.5953125 0.24722222222222223 0.609375 0.225 0.6359375 0.21666666666666667 0.65 0.19444444444444445 0.675 0.18888888888888888 0.6890625 0.175 0.721875 0.17222222222222222 0.74375 0.12777777777777777 0.7421875 0.09444444444444444 0.7265625 0.058333333333333334 0.678125 0.05555555555555555
5 0.921875 0.6 0.903125 0.6472222222222223 0.9 0.6916666666666667 0.909375 0.7166666666666667 0.9078125 0.7472222222222222 0.91875 0.7666666666666667 0.928125 0.7666666666666667 0.9296875 0.8083333333333333 0.9359375 0.8277777777777777 0.9453125 0.8277777777777777 0.9640625 0.85 0.98125 0.8472222222222222 0.9953125 0.8638888888888889 0.9984375 0.6222222222222222 0.978125 0.6222222222222222 0.9609375 0.6527777777777778 0.953125 0.6388888888888888 0.95 0.6166666666666667 0.946875 0.6222222222222222 0.9234375 0.6
1 0.020171875 0.09188888888888888 0.01825 0.030472222222222223
22 0.15325 0.3194444444444444 0.0204375 0.03205555555555555
35 0.014421875 0.0705 0.012015625 0.034194444444444444