70 0.4890625 0.45555555555555555 0.4828125 0.4638888888888889 0.4734375 0.5083333333333333 0.4765625 0.5444444444444444 0.4984375 0.5416666666666666 0.4984375 0.4777777777777778 0.490625 0.4583333333333333
25 0.634375 0.325 0.609375 0.37777777777777777 0.5984375 0.37777777777777777 0.6 0.39444444444444443 0.6109375 0.4111111111111111 0.61875 0.4111111111111111 0.6234375 0.43333333333333335 0.634375 0.41944444444444445 0.6515625 0.425 0.665625 0.4083333333333333 0.659375 0.37222222222222223 0.6640625 0.34444444444444444 0.6484375 0.3277777777777778 0.6375 0.33055555555555555
24 0.3578125 0.7722222222222223 0.35 0.7777777777777778 0.371875 0.7861111111111111 0.3828125 0.8027777777777778 0.36875 0.8166666666666667 0.3609375 0.8 0.3515625 0.7972222222222223 0.3203125 0.825 0.3046875 0.85 0.3234375 0.9055555555555556 0.3421875 0.9111111111111111 0.3546875 0.9027777777777778 0.3765625 0.9222222222222223 0.390625 0.8833333333333333 0.403125 0.875 0.4109375 0.8277777777777777 0.4 0.8138888888888889 0.4 0.8 0.3859375 0.775 0.3625 0.7722222222222223
24 0.378125 0.7111111111111111 0.3734375 0.7166666666666667 0.375 0.7638888888888888 0.3921875 0.7694444444444445 0.4078125 0.7611111111111111 0.3984375 0.7222222222222222 0.3890625 0.7111111111111111
5 0.3359375 0.30833333333333335 0.315625 0.3388888888888889 0.30625 0.3388888888888889 0.2984375 0.35833333333333334 0.2828125 0.35833333333333334 0.2796875 0.38333333333333336 0.2625 0.41388888888888886 0.2578125 0.4111111111111111 0.2578125 0.4388888888888889 0.246875 0.4527777777777778 0.2515625 0.5027777777777778 0.2625 0.525 0.2859375 0.5472222222222223 0.3171875 0.5583333333333333 0.3421875 0.5444444444444444 0.38125 0.49722222222222223 0.409375 0.42777777777777776 0.4046875 0.3972222222222222 0.3984375 0.3888888888888889 0.4078125 0.3638888888888889 0.3875 0.3638888888888889 0.36875 0.3416666666666667 0.35 0.34444444444444444 0.334375 0.3138888888888889 0.3375 0.30833333333333335
5 0.590625 0.05555555555555555 0.5796875 0.07777777777777778 0.5765625 0.1 0.5625 0.11944444444444445 0.5484375 0.1111111111111111 0.528125 0.11944444444444445 0.5265625 0.13333333333333333 0.5078125 0.14166666666666666 0.4875 0.1388888888888889 0.48125 0.15555555555555556 0.4703125 0.15833333333333333 0.44375 0.20555555555555555 0.434375 0.2111111111111111 0.4296875 0.24722222222222223 0.41875 0.26666666666666666 0.409375 0.26666666666666666 0.4125 0.2777777777777778 0.425 0.2833333333333333 0.4265625 0.30833333333333335 0.4203125 0.3138888888888889 0.43125 0.35833333333333334 0.4421875 0.3638888888888889 0.5140625 0.35555555555555557 0.5234375 0.3416666666666667 0.5625 0.3194444444444444 0.58125 0.29444444444444445 0.6078125 0.2833333333333333 0.6234375 0.2638888888888889 0.6453125 0.25555555555555554 0.659375 0.26944444444444443 0.684375 0.23055555555555557 0.6921875 0.18888888888888888 0.6875 0.18611111111111112 0.6859375 0.16111111111111112 0.66875 0.10277777777777777 0.646875 0.08611111111111111 0.6328125 0.09166666666666666 0.621875 0.075 0.590625 0.058333333333333334
5 0.128125 0.5666666666666667 0.0734375 0.5972222222222222 0.0375 0.6416666666666667 0.009375 0.6444444444444445 0.0078125 0.6583333333333333 0 0.6611111111111111 0 0.7305555555555555 0.00625 0.7472222222222222 0 0.7666666666666667 0 0.9333333333333333 0.0140625 0.9333333333333333 0.0140625 0.9083333333333333 0.009375 0.9 0.015625 0.8861111111111111 0.034375 0.8916666666666667 0.0578125 0.8555555555555555 0.0796875 0.85 0.1078125 0.8055555555555556 0.1375 0.7861111111111111 0.15625 0.7527777777777778 0.16875 0.7 0.1625 0.6222222222222222 0.165625 0.6138888888888889 0.196875 0.6444444444444445 0.2015625 0.6527777777777778 0.196875 0.6611111111111111 0.2109375 0.6805555555555556 0.2125 0.6972222222222222 0.221875 0.7 0.2125 0.6611111111111111 0.1890625 0.6194444444444445 0.13125 0.5666666666666667
64 0.527640625 0.7260000000000001 0.09829687499999999 0.0077222222222222215
41 0.528359375 0.7093055555555555 0.096859375 0.020555555555555556
64 0.49582812499999995 0.41247222222222224 0.09829687499999999 0.012861111111111111
42 0.496953125 0.39655555555555555 0.09896875000000001 0.01661111111111111
68 0.089078125 0.15958333333333335 0.178171875 0.3191666666666667
82 0.006171875 0.2921388888888889 0.01234375 0.03841666666666667
66 0.080203125 0.2674722222222222 0.02253125 0.035361111111111114
29 0.076375 0.24688888888888888 0.021609375 0.027444444444444445
83 0.01890625 0.04869444444444445 0.01775 0.03702777777777778
49 0.038953125 0.05486111111111111 0.023921875000000002 0.04113888888888889
35 0.009609375 0.020305555555555556 0.019234375 0.04061111111111111
1 0.0200625 0.026055555555555557 0.0200625 0.030166666666666665
73 0.5192187500000001 0.8606666666666666 0.06789062500000001 0.1796666666666667
45 0.66875 0.8444444444444444 0.6515625 0.8555555555555555 0.64375 0.875 0.64375 0.9055555555555556 0.6578125 0.9333333333333333 0.6765625 0.9333333333333333 0.6921875 0.9055555555555556 0.6890625 0.8638888888888889 0.6703125 0.8444444444444444
86 0.934375 0.525 0.9125 0.5277777777777778 0.8953125 0.5527777777777778 0.890625 0.5972222222222222 0.9015625 0.6333333333333333 0.9265625 0.6444444444444445 0.9390625 0.6388888888888888 0.95625 0.6 0.9671875 0.5888888888888889 0.959375 0.5472222222222223 0.9421875 0.525
94 0.12025 0.22083333333333333 0.022796875 0.035194444444444445
22 0.16465625 0.3002222222222222 0.021640625 0.04061111111111111