70 0.4890625 0.4388888888888889 0.4859375 0.44722222222222224 0.475 0.44722222222222224 0.4796875 0.4527777777777778 0.4828125 0.49166666666666664 0.4796875 0.49444444444444446 0.4671875 0.46944444444444444 0.4625 0.475 0.4640625 0.49166666666666664 0.484375 0.5527777777777778 0.5203125 0.5805555555555556 0.534375 0.5666666666666667 0.53125 0.5555555555555556 0.5484375 0.5277777777777778 0.5375 0.5111111111111111 0.5390625 0.4888888888888889 0.5328125 0.49166666666666664 0.5046875 0.4583333333333333 0.4984375 0.4388888888888889
45 0.6625 0.8444444444444444 0.65 0.8555555555555555 0.6421875 0.875 0.6421875 0.9055555555555556 0.653125 0.9305555555555556 0.6765625 0.9361111111111111 0.6890625 0.9194444444444444 0.69375 0.8805555555555555 0.6875 0.8583333333333333 0.6734375 0.8444444444444444
84 0.76484375 0.8138888888888889 0.75 0.8166666666666667 0.7375 0.8305555555555556 0.7296875 0.8638888888888889 0.7375 0.9111111111111111 0.759375 0.9333333333333333 0.7703125 0.9333333333333333 0.7890625 0.9166666666666666 0.8 0.8722222222222222 0.7921875 0.8361111111111111 0.775 0.8138888888888889
85 0.8265625 0.6277777777777778 0.8015625 0.6361111111111111 0.7875 0.6694444444444444 0.7890625 0.7083333333333334 0.809375 0.7472222222222222 0.83125 0.7444444444444445 0.84375 0.7333333333333333 0.8546875 0.7027777777777777 0.85 0.6416666666666667 0.834375 0.6277777777777778
90 0.371875 0.35 0.3609375 0.35833333333333334 0.3578125 0.39166666666666666 0.34375 0.38055555555555554 0.321875 0.3972222222222222 0.30625 0.4166666666666667 0.2921875 0.45 0.2875 0.5111111111111111 0.2984375 0.5333333333333333 0.30625 0.5333333333333333 0.3125 0.5111111111111111 0.3265625 0.49444444444444446 0.3171875 0.5416666666666666 0.2953125 0.5888888888888889 0.3125 0.6527777777777778 0.30625 0.75 0.4171875 0.7444444444444445 0.4203125 0.6083333333333333 0.4015625 0.6083333333333333 0.4 0.575 0.378125 0.575 0.39375 0.55 0.3875 0.4527777777777778 0.3953125 0.4444444444444444 0.40625 0.45 0.4078125 0.44166666666666665 0.403125 0.4222222222222222 0.390625 0.40555555555555556 0.371875 0.41388888888888886 0.3609375 0.4027777777777778 0.3765625 0.3888888888888889 0.38125 0.35
24 0.5640625 0.03888888888888889 0.5375 0.08333333333333333 0.5390625 0.10555555555555556 0.55625 0.12777777777777777 0.58125 0.125 0.5875 0.09444444444444444 0.5921875 0.08888888888888889 0.5953125 0.09722222222222222 0.6 0.08611111111111111 0.5984375 0.06944444444444445 0.565625 0.041666666666666664
24 0.5953125 0.030555555555555555 0.5890625 0.03611111111111111 0.5828125 0.06388888888888888 0.590625 0.08055555555555556 0.5875 0.08888888888888889 0.6 0.09722222222222222 0.6015625 0.07777777777777778 0.6171875 0.044444444444444446 0.6171875 0.03333333333333333 0.6109375 0.030555555555555555 0.60625 0.044444444444444446 0.5984375 0.030555555555555555
5 0.4734375 0 0.4671875 0.002777777777777778 0.471875 0.03888888888888889 0.46875 0.044444444444444446 0.4421875 0.030555555555555555 0.4375 0.05277777777777778 0.425 0.058333333333333334 0.309375 0.05555555555555555 0.2984375 0.07777777777777778 0.2828125 0.14166666666666666 0.2828125 0.18055555555555555 0.2890625 0.18333333333333332 0.29375 0.21388888888888888 0.35 0.21666666666666667 0.3890625 0.18611111111111112 0.3984375 0.15833333333333333 0.4421875 0.09722222222222222 0.4546875 0.06666666666666667 0.465625 0.06666666666666667 0.4828125 0.05 0.4796875 0.016666666666666666 0.471875 0.002777777777777778
68 0.089546875 0.15691666666666668 0.176515625 0.31380555555555556
66 0.12410937500000001 0.25727777777777777 0.01803125 0.04122222222222222
30 0.148578125 0.27025 0.018890625 0.04275
29 0.10778125000000001 0.23130555555555554 0.01975 0.03816666666666667
49 0.060125 0.16336111111111112 0.029203125000000003 0.03969444444444444
67 0.0833125 0.14580555555555555 0.020609375 0.03816666666666667
82 0.024046875000000002 0.11755555555555555 0.025765624999999997 0.03969444444444444
50 0.06398437500000001 0.1275 0.0231875 0.04122222222222222
1 0.010312499999999999 0.08016666666666666 0.020609375 0.04733333333333333
2 0.0369375 0.08244444444444445 0.022328124999999997 0.03663888888888889
64 0.49603125 0.41272222222222227 0.099375 0.012194444444444444
42 0.49765625 0.39861111111111114 0.0953125 0.019444444444444445
35 0.009015625 0.018166666666666668 0.01803125 0.036333333333333336
22 0.165265625 0.29486111111111113 0.027640625000000002 0.04700000000000001