32 0.253125 0.625 0.2484375 0.6694444444444444 0.2609375 0.7 0.25625 0.7111111111111111 0.2671875 0.7138888888888889 0.26875 0.75 0.2859375 0.7638888888888888 0.28125 0.7888888888888889 0.2859375 0.7972222222222223 0.2953125 0.7805555555555556 0.2953125 0.7055555555555556 0.30625 0.6777777777777778 0.3046875 0.6416666666666667 0.2953125 0.6361111111111111 0.2796875 0.6444444444444445 0.2765625 0.6305555555555555 0.2640625 0.6361111111111111 0.25625 0.625
5 0.45 0.04722222222222222 0.4390625 0.04722222222222222 0.434375 0.06388888888888888 0.4203125 0.06388888888888888 0.3984375 0.08333333333333333 0.4 0.11388888888888889 0.403125 0.1111111111111111 0.41875 0.14166666666666666 0.41875 0.15555555555555556 0.4125 0.2 0.4140625 0.22777777777777777 0.3953125 0.25833333333333336 0.4125 0.2638888888888889 0.4125 0.2722222222222222 0.3859375 0.28055555555555556 0.3734375 0.25 0.359375 0.24444444444444444 0.3375 0.2638888888888889 0.34375 0.2722222222222222 0.340625 0.28055555555555556 0.3359375 0.28055555555555556 0.3296875 0.2611111111111111 0.296875 0.25555555555555554 0.296875 0.2722222222222222 0.290625 0.2861111111111111 0.2765625 0.2777777777777778 0.26875 0.2833333333333333 0.278125 0.32222222222222224 0.2765625 0.3416666666666667 0.290625 0.3472222222222222 0.3 0.36666666666666664 0.2984375 0.37777777777777777 0.3140625 0.43333333333333335 0.3796875 0.4111111111111111 0.4015625 0.3888888888888889 0.4125 0.3611111111111111 0.4234375 0.35555555555555557 0.45 0.375 0.4546875 0.3888888888888889 0.4609375 0.37777777777777777 0.475 0.39166666666666666 0.475 0.38333333333333336 0.4546875 0.37222222222222223 0.446875 0.35555555555555557 0.415625 0.35555555555555557 0.3828125 0.33055555555555555 0.3921875 0.3111111111111111 0.3953125 0.3194444444444444 0.390625 0.325 0.4125 0.325 0.421875 0.3416666666666667 0.4671875 0.3388888888888889 0.4734375 0.34444444444444444 0.4671875 0.3527777777777778 0.45 0.3527777777777778 0.48125 0.35833333333333334 0.471875 0.3472222222222222 0.48125 0.3416666666666667 0.4828125 0.3194444444444444 0.503125 0.30833333333333335 0.49375 0.31666666666666665 0.4859375 0.3 0.4515625 0.29444444444444445 0.44375 0.28055555555555556 0.415625 0.2777777777777778 0.4140625 0.25833333333333336 0.4390625 0.2638888888888889 0.4546875 0.25277777777777777 0.4671875 0.25833333333333336 0.46875 0.24722222222222223 0.484375 0.24722222222222223 0.5 0.2611111111111111 0.521875 0.2611111111111111 0.5265625 0.25 0.51875 0.2388888888888889 0.5265625 0.23055555555555557 0.5296875 0.20833333333333334 0.54375 0.19444444444444445 0.546875 0.16111111111111112 0.540625 0.1527777777777778 0.540625 0.11388888888888889 0.534375 0.1 0.5203125 0.09444444444444444 0.5140625 0.07222222222222222 0.4984375 0.05555555555555555 0.4609375 0.04722222222222222
89 0.3578125 0.25 0.359375 0.2611111111111111 0.3515625 0.2638888888888889 0.3328125 0.30277777777777776 0.334375 0.38333333333333336 0.340625 0.39166666666666666 0.3390625 0.4027777777777778 0.3546875 0.4222222222222222 0.384375 0.4 0.384375 0.38333333333333336 0.375 0.3611111111111111 0.3890625 0.2916666666666667 0.3796875 0.2833333333333333 0.365625 0.25
39 0.2578125 0.21944444444444444 0.2546875 0.25 0.265625 0.26944444444444443 0.2703125 0.2972222222222222 0.2953125 0.2833333333333333 0.2921875 0.2777777777777778 0.3 0.26666666666666666 0.2921875 0.2638888888888889 0.290625 0.24166666666666667 0.2625 0.21944444444444444
5 0.7640625 0.41944444444444445 0.7546875 0.4305555555555556 0.7421875 0.42777777777777776 0.7390625 0.4444444444444444 0.73125 0.44722222222222224 0.7234375 0.4638888888888889 0.725 0.5138888888888888 0.7203125 0.5194444444444445 0.725 0.5361111111111111 0.7359375 0.5361111111111111 0.809375 0.4888888888888889 0.8109375 0.5055555555555555 0.765625 0.5972222222222222 0.7796875 0.6083333333333333 0.8546875 0.6083333333333333 0.8625 0.5972222222222222 0.878125 0.55 0.8796875 0.5027777777777778 0.871875 0.4722222222222222 0.8515625 0.45 0.8203125 0.45 0.7953125 0.42777777777777776 0.7828125 0.43333333333333335 0.771875 0.41944444444444445
85 0.83125 0.625 0.8046875 0.6333333333333333 0.7875 0.6694444444444444 0.7875 0.7055555555555556 0.7953125 0.7388888888888889 0.8171875 0.75 0.821875 0.7611111111111111 0.828125 0.75 0.8484375 0.7444444444444445 0.8640625 0.6888888888888889 0.85 0.6388888888888888 0.834375 0.625
84 0.7671875 0.8111111111111111 0.746875 0.8194444444444444 0.734375 0.8416666666666667 0.7296875 0.8638888888888889 0.734375 0.9083333333333333 0.7421875 0.9277777777777778 0.75625 0.9361111111111111 0.7953125 0.9305555555555556 0.8078125 0.8833333333333333 0.803125 0.8444444444444444 0.7875 0.8166666666666667 0.76875 0.8138888888888889
45 0.6625 0.8472222222222222 0.6453125 0.8694444444444445 0.6421875 0.8972222222222223 0.653125 0.9277777777777778 0.66875 0.9361111111111111 0.684375 0.925 0.6921875 0.9055555555555556 0.6890625 0.8666666666666667 0.675 0.8472222222222222
40 0.27214062499999997 0.5580277777777778 0.09384375 0.015027777777777779
64 0.36596875 0.22272222222222224 0.09384375 0.008333333333333333
40 0.3645625 0.20769444444444443 0.09290625 0.018361111111111113
64 0.276828125 0.161 0.09384375 0.011666666666666667
40 0.275890625 0.14430555555555558 0.09571874999999999 0.015027777777777779
68 0.08820312500000001 0.1584722222222222 0.176421875 0.3169444444444444
30 0.153890625 0.28194444444444444 0.016890625 0.04336111111111111
29 0.031906250000000004 0.18016666666666667 0.024390625 0.036694444444444446
49 0.02815625 0.1426388888888889 0.020640625000000003 0.028361111111111115
1 0.010796875000000001 0.12261111111111112 0.017828125 0.03836111111111111
66 0.02815625 0.11344444444444446 0.024390625 0.03336111111111111
22 0.165859375 0.29594444444444445 0.016828125 0.03205555555555555
35 0.01021875 0.018166666666666668 0.0204375 0.036333333333333336