70 0.5171875 0.4388888888888889 0.5109375 0.45 0.4984375 0.44722222222222224 0.4859375 0.46111111111111114 0.4734375 0.46111111111111114 0.4796875 0.48055555555555557 0.471875 0.49444444444444446 0.453125 0.5722222222222222 0.4640625 0.6 0.4859375 0.6138888888888889 0.484375 0.6 0.4984375 0.5805555555555556 0.503125 0.49722222222222223 0.51875 0.48055555555555557 0.509375 0.46111111111111114 0.5171875 0.44722222222222224
89 0.92578125 0.6722222222222223 0.9171875 0.6722222222222223 0.9078125 0.6916666666666667 0.8921875 0.6972222222222222 0.871875 0.7388888888888889 0.8703125 0.7777777777777778 0.8765625 0.7944444444444444 0.8828125 0.7805555555555556 0.8890625 0.7805555555555556 0.8921875 0.7416666666666667 0.91875 0.7444444444444445 0.934375 0.7277777777777777 0.9484375 0.75 0.9578125 0.7416666666666667 0.9578125 0.6805555555555556 0.934375 0.6722222222222223
25 0.60703125 0.18333333333333332 0.5921875 0.18888888888888888 0.5890625 0.21388888888888888 0.5796875 0.23333333333333334 0.571875 0.23333333333333334 0.5671875 0.2111111111111111 0.5671875 0.24444444444444444 0.5765625 0.25277777777777777 0.6453125 0.25555555555555554 0.6515625 0.2222222222222222 0.6484375 0.18888888888888888 0.6296875 0.2 0.615625 0.18333333333333332
90 0.5875 0.28055555555555556 0.571875 0.3138888888888889 0.5453125 0.34444444444444444 0.5359375 0.3388888888888889 0.5203125 0.35833333333333334 0.521875 0.375 0.5328125 0.37222222222222223 0.54375 0.3861111111111111 0.54375 0.41388888888888886 0.5265625 0.4222222222222222 0.515625 0.44166666666666665 0.5171875 0.44722222222222224 0.5203125 0.4388888888888889 0.5328125 0.4638888888888889 0.528125 0.4888888888888889 0.5125 0.5138888888888888 0.51875 0.675 0.621875 0.6666666666666666 0.6140625 0.5444444444444444 0.6015625 0.5333333333333333 0.6 0.5055555555555555 0.59375 0.5 0.590625 0.48333333333333334 0.5921875 0.42777777777777776 0.6125 0.4027777777777778 0.6078125 0.38333333333333336 0.61875 0.3861111111111111 0.6234375 0.37222222222222223 0.6109375 0.34444444444444444 0.5875 0.3333333333333333 0.590625 0.3111111111111111 0.6015625 0.28888888888888886 0.6 0.28055555555555556
5 0.6265625 0 0.446875 0 0.4421875 0.016666666666666666 0.4484375 0.030555555555555555 0.4421875 0.14444444444444443 0.453125 0.16944444444444445 0.5109375 0.16944444444444445 0.54375 0.1388888888888889 0.5921875 0.03611111111111111 0.634375 0
45 0.665625 0.8472222222222222 0.653125 0.8555555555555555 0.64375 0.8777777777777778 0.6453125 0.9111111111111111 0.6609375 0.9333333333333333 0.68125 0.9277777777777778 0.6921875 0.9 0.6890625 0.8694444444444445 0.671875 0.8472222222222222
68 0.088765625 0.15675 0.17515624999999999 0.3135
30 0.141203125 0.2912777777777778 0.02025 0.04025
66 0.067328125 0.2880833333333333 0.025015625000000003 0.033888888888888885
29 0.12451562499999999 0.26055555555555554 0.02025 0.03813888888888889
49 0.033359375000000004 0.11755555555555555 0.021453125 0.04025
82 0.013703125 0.09533333333333334 0.015484375 0.03813888888888889
67 0.049453125 0.10591666666666667 0.022640625 0.033888888888888885
1 0.005953125 0.07944444444444444 0.011921875 0.02330555555555556
2 0.033359375000000004 0.07519444444444444 0.021453125 0.02752777777777778
64 0.49574999999999997 0.41350000000000003 0.09834375 0.007888888888888888
42 0.494421875 0.39852777777777776 0.09568750000000001 0.022055555555555557
64 0.957203125 0.6592222222222222 0.08559375 0.007888888888888888
40 0.9567500000000001 0.6450555555555556 0.086484375 0.017333333333333333
22 0.1670625 0.29594444444444445 0.019234375 0.03205555555555555
35 0.00840625 0.017083333333333336 0.016828125 0.03416666666666667