5 0.403125 0.375 0.4015625 0.3972222222222222 0.3796875 0.41944444444444445 0.378125 0.4527777777777778 0.3640625 0.46944444444444444 0.3640625 0.48055555555555557 0.371875 0.5194444444444445 0.3984375 0.5527777777777778 0.425 0.5722222222222222 0.4421875 0.5777777777777777 0.453125 0.5694444444444444 0.4703125 0.525 0.4796875 0.4638888888888889 0.4984375 0.4666666666666667 0.5015625 0.4861111111111111 0.5078125 0.4666666666666667 0.5203125 0.4666666666666667 0.528125 0.45 0.521875 0.43333333333333335 0.5234375 0.4222222222222222 0.45 0.4222222222222222 0.446875 0.43333333333333335 0.4296875 0.4305555555555556 0.4140625 0.41388888888888886 0.4140625 0.39166666666666666 0.4078125 0.39166666666666666 0.4046875 0.37777777777777777
70 0.484375 0.4666666666666667 0.4765625 0.48055555555555557 0.4703125 0.5361111111111111 0.4578125 0.5555555555555556 0.465625 0.5972222222222222 0.496875 0.5944444444444444 0.5015625 0.5138888888888888 0.5140625 0.48333333333333334 0.5 0.5 0.49375 0.49166666666666664 0.4953125 0.4722222222222222 0.4875 0.4666666666666667
5 0.703125 0.08333333333333333 0.6890625 0.09444444444444444 0.684375 0.10833333333333334 0.6734375 0.10277777777777777 0.6625 0.13333333333333333 0.65 0.125 0.6359375 0.2 0.628125 0.20277777777777778 0.6265625 0.18888888888888888 0.61875 0.21944444444444444 0.5890625 0.225 0.571875 0.21944444444444444 0.5671875 0.20277777777777778 0.5484375 0.20555555555555555 0.5421875 0.2361111111111111 0.54375 0.25555555555555554 0.534375 0.2833333333333333 0.5390625 0.3472222222222222 0.5640625 0.39444444444444443 0.584375 0.3972222222222222 0.5953125 0.38333333333333336 0.6078125 0.3861111111111111 0.6265625 0.35555555555555557 0.66875 0.3333333333333333 0.68125 0.3055555555555556 0.7109375 0.2972222222222222 0.725 0.28055555555555556 0.7625 0.28055555555555556 0.7890625 0.2388888888888889 0.7953125 0.21666666666666667 0.79375 0.18888888888888888 0.7984375 0.18055555555555555 0.7796875 0.14722222222222223 0.778125 0.125 0.7515625 0.09444444444444444 0.728125 0.1 0.709375 0.08333333333333333
89 0.571875 0.23055555555555557 0.5640625 0.23055555555555557 0.5578125 0.25 0.5703125 0.2611111111111111 0.575 0.25555555555555554 0.584375 0.2833333333333333 0.5859375 0.3138888888888889 0.59375 0.33055555555555555 0.60625 0.3333333333333333 0.615625 0.30833333333333335 0.60625 0.24722222222222223 0.6 0.2361111111111111 0.590625 0.24166666666666667 0.5796875 0.23055555555555557
24 0.5890625 0.6333333333333333 0.573455006145661 0.6404307463243872 0.6051594985379574 0.6643852516874555 0.5924777015810389 0.6819988585720647 0.5857404969476758 0.6686125173397618 0.5726623938358536 0.6488852776289995 0.56875 0.6694444444444444 0.5328125 0.7111111111111111 0.5515625 0.7638888888888888 0.6015625 0.7638888888888888 0.6109375 0.7416666666666667 0.6015625 0.7083333333333334 0.60625 0.6916666666666667 0.6140625 0.6916666666666667 0.61875 0.7027777777777777 0.61875 0.7416666666666667 0.6265625 0.7361111111111112 0.63125 0.6888888888888889 0.621875 0.6805555555555556 0.6078125 0.6388888888888888 0.596875 0.6333333333333333
24 0.696875 0.5916666666666667 0.6953125 0.5944444444444444 0.6890625 0.5944444444444444 0.6859375 0.5972222222222222 0.68125 0.6083333333333333 0.6703125 0.6166666666666667 0.66875 0.6166666666666667 0.6640625 0.6083333333333333 0.6640625 0.6055555555555555 0.6484375 0.6055555555555555 0.6421875 0.6194444444444445 0.640625 0.6416666666666667 0.6328125 0.6694444444444444 0.640625 0.6916666666666667 0.65 0.6888888888888889 0.6515625 0.6861111111111111 0.6640625 0.6861111111111111 0.665625 0.6833333333333333 0.6640625 0.6805555555555556 0.665625 0.6666666666666666 0.671875 0.6583333333333333 0.6765625 0.6555555555555556 0.6703125 0.6555555555555556 0.66875 0.6583333333333333 0.6640625 0.6527777777777778 0.66875 0.6472222222222223 0.6703125 0.6277777777777778 0.6765625 0.6194444444444445 0.6859375 0.6166666666666667 0.6890625 0.6222222222222222 0.6875 0.6305555555555555 0.68125 0.6361111111111111 0.6765625 0.65 0.684375 0.65 0.6890625 0.6416666666666667 0.6890625 0.6333333333333333 0.6921875 0.6277777777777778 0.6953125 0.6305555555555555 0.7015625 0.6305555555555555 0.7046875 0.6277777777777778 0.7078125 0.6194444444444445 0.7046875 0.6083333333333333 0.7046875 0.6027777777777777 0.7078125 0.5944444444444444 0.7046875 0.5916666666666667
24 0.7565484497111727 0.5699763187859507 0.7565484497111727 0.5671581416844133 0.753378000471943 0.5664535974090289 0.7517927758523282 0.5657490531336445 0.74375 0.575 0.7421875 0.5833333333333334 0.7375 0.5888888888888889 0.728125 0.5888888888888889 0.725 0.5833333333333334 0.7203125 0.5833333333333334 0.715625 0.5916666666666667 0.715625 0.6027777777777777 0.7140625 0.6055555555555555 0.7140625 0.625 0.715625 0.6277777777777778 0.715625 0.6333333333333333 0.7203125 0.6416666666666667 0.7265625 0.6416666666666667 0.73125 0.65 0.73125 0.6555555555555556 0.75 0.6583333333333333 0.7484375 0.6527777777777778 0.75625 0.6444444444444445 0.7640625 0.6305555555555555 0.76484375 0.6269444444444444 0.7656634912739579 0.622817139439778 0.7609078174151135 0.6136580638597813 0.7593225927954986 0.5988626340767097 0.7593225927954986 0.5791353943659475 0.7581336743307875 0.5713854073367195
25 0.7640625 0.5361111111111111 0.75625 0.5472222222222223 0.7546875 0.5527777777777778 0.7546875 0.5611111111111111 0.7515625 0.5666666666666667 0.75171875 0.5661111111111111 0.75671875 0.5675 0.7584375 0.5725 0.76 0.581388888888889 0.75953125 0.5941666666666667 0.7590625 0.5980555555555556 0.76015625 0.6027777777777777 0.760625 0.6066666666666667 0.76078125 0.6111111111111112 0.7671875 0.6194444444444445 0.7703125 0.6194444444444445 0.7734375 0.625 0.7796875 0.625 0.7796875 0.6194444444444445 0.78125 0.6166666666666667 0.78125 0.6027777777777777 0.7828125 0.5972222222222222 0.7796875 0.5916666666666667 0.7796875 0.5861111111111111 0.7765625 0.5777777777777777 0.7734375 0.5472222222222223 0.765625 0.5361111111111111
25 0.821875 0.3138888888888889 0.8171875 0.32222222222222224 0.8125 0.3388888888888889 0.8015625 0.3527777777777778 0.796875 0.3638888888888889 0.79375 0.36666666666666664 0.7859375 0.3611111111111111 0.7828125 0.36944444444444446 0.784375 0.38333333333333336 0.7875 0.39166666666666666 0.7921875 0.4 0.7953125 0.4027777777777778 0.8015625 0.4027777777777778 0.803125 0.40555555555555556 0.8046875 0.4111111111111111 0.8046875 0.4222222222222222 0.821875 0.41944444444444445 0.8265625 0.425 0.8296875 0.425 0.83125 0.4222222222222222 0.8484375 0.4166666666666667 0.853125 0.4083333333333333 0.853125 0.4027777777777778 0.85 0.3972222222222222 0.85 0.39166666666666666 0.8484375 0.3888888888888889 0.8484375 0.35833333333333334 0.8546875 0.34444444444444444 0.85625 0.3333333333333333 0.8515625 0.3277777777777778 0.8453125 0.325 0.8390625 0.31666666666666665 0.8296875 0.31666666666666665 0.828125 0.3138888888888889
5 0.171875 0.5861111111111111 0.18125 0.5944444444444444 0.178125 0.6166666666666667 0.1609375 0.6527777777777778 0.125 0.6638888888888889 0.121875 0.6861111111111111 0.096875 0.6777777777777778 0.0796875 0.6861111111111111 0.0734375 0.7027777777777777 0.0640625 0.7027777777777777 0.0609375 0.725 0.0453125 0.7361111111111112 0.0421875 0.7638888888888888 0.0328125 0.7694444444444445 0.028125 0.7888888888888889 0.025 0.7833333333333333 0.0234375 0.8027777777777778 0.0171875 0.8111111111111111 0.015625 0.7361111111111112 0.04375 0.6555555555555556 0.034375 0.6555555555555556 0.021875 0.6722222222222223 0.009375 0.7527777777777778 0.0125 0.825 0.0078125 0.8472222222222222 0.015625 0.8694444444444445 0 0.875 0 0.9972222222222222 0.1375 0.9972222222222222 0.146875 0.975 0.1578125 0.9694444444444444 0.1640625 0.9555555555555556 0.165625 0.9222222222222223 0.178125 0.9138888888888889 0.196875 0.8833333333333333 0.23125 0.8611111111111112 0.2546875 0.8194444444444444 0.278125 0.8027777777777778 0.296875 0.7472222222222222 0.2984375 0.6638888888888889 0.3078125 0.6555555555555556 0.290625 0.625 0.2859375 0.5972222222222222 0.221875 0.5861111111111111 0.2046875 0.5888888888888889 0.1953125 0.6 0.1859375 0.5861111111111111 0.175 0.5861111111111111
45 0.6625 0.8472222222222222 0.6546875 0.8527777777777777 0.6421875 0.8833333333333333 0.6453125 0.9111111111111111 0.659375 0.9333333333333333 0.6765625 0.9333333333333333 0.6921875 0.9027777777777778 0.6890625 0.8666666666666667 0.675 0.8472222222222222
84 0.76875 0.8111111111111111 0.7421875 0.825 0.7296875 0.8611111111111112 0.7296875 0.8916666666666667 0.7375 0.9222222222222223 0.7625 0.9416666666666667 0.7984375 0.9277777777777778 0.80625 0.8972222222222223 0.8078125 0.875 0.8015625 0.8388888888888889 0.778125 0.8111111111111111
85 0.83125 0.625 0.8109375 0.6277777777777778 0.7890625 0.6611111111111111 0.7875 0.7027777777777777 0.7921875 0.725 0.8046875 0.7444444444444445 0.825 0.75 0.8359375 0.7416666666666667 0.846875 0.7305555555555555 0.8546875 0.7 0.8625 0.6916666666666667 0.8578125 0.6861111111111111 0.85625 0.6722222222222223 0.8609375 0.6666666666666666 0.8546875 0.65 0.8328125 0.625
86 0.92890625 0.525 0.909375 0.5305555555555556 0.8953125 0.55 0.890625 0.5694444444444444 0.890625 0.6 0.8984375 0.6277777777777778 0.915625 0.6444444444444445 0.940625 0.6388888888888888 0.95625 0.6111111111111112 0.959375 0.5944444444444444 0.9671875 0.5888888888888889 0.9578125 0.5472222222222223 0.9390625 0.525
68 0.088015625 0.15783333333333333 0.17603125 0.31022222222222223
30 0.154109375 0.27905555555555556 0.024890625 0.04538888888888889
29 0.07721875 0.2524166666666667 0.02425 0.03969444444444444
66 0.10848437500000001 0.2155277777777778 0.017875 0.04538888888888889
50 0.12156249999999999 0.18830555555555556 0.022328124999999997 0.03858333333333334
67 0.08742187500000001 0.15711111111111112 0.02296875 0.03744444444444445
49 0.042749999999999996 0.06125 0.020421875 0.03858333333333334
35 0.009609375 0.01922222222222222 0.016828125 0.03847222222222222
1 0.01825 0.034027777777777775 0.0209375 0.03858333333333334
82 0.022125 0.016444444444444446 0.0185 0.028361111111111115
2 0.04190625 0.01813888888888889 0.022328124999999997 0.034027777777777775
42 0.49507812500000004 0.3971666666666666 0.09651562500000001 0.01627777777777778
64 0.49590625 0.41047222222222224 0.0931875 0.007388888888888889
64 0.5945 0.17380555555555555 0.09734374999999999 0.010361111111111111
41 0.5940937500000001 0.15680555555555556 0.09651562500000001 0.020722222222222222
22 0.165265625 0.29380555555555554 0.0204375 0.04061111111111111