24 0.4625 0.44166666666666665 0.46974048456878476 0.48208417203831405 0.4627424885230672 0.49608016412974903 0.4578125 0.5055555555555555 0.475 0.5611111111111111 0.4859375 0.5583333333333333 0.496875 0.575 0.50625 0.575 0.5359375 0.55 0.540625 0.5361111111111111 0.5359375 0.5055555555555555 0.5484375 0.4861111111111111 0.5328125 0.49166666666666664 0.5203125 0.46944444444444444 0.503125 0.4666666666666667 0.496875 0.45555555555555555 0.4953125 0.46944444444444444 0.4859375 0.48055555555555557 0.48125 0.4722222222222222 0.4846112261659343 0.4789739515735508 0.4640625 0.4444444444444444
70 0.459375 0.44166666666666665 0.4453125 0.45555555555555555 0.4625 0.4722222222222222 0.4802374786373608 0.48052906180593247 0.4758637311087875 0.5302925892421455 0.4796875 0.5583333333333333 0.490625 0.5444444444444444 0.4921875 0.4861111111111111 0.484375 0.46944444444444444 0.484375 0.45 0.4671875 0.44166666666666665
24 0.61875 0.4444444444444444 0.6 0.4777777777777778 0.5921875 0.4722222222222222 0.5859375 0.45 0.5734375 0.45 0.5625 0.49166666666666664 0.565625 0.5166666666666667 0.578125 0.525 0.5890625 0.5083333333333333 0.6 0.5055555555555555 0.60625 0.4861111111111111 0.621875 0.48055555555555557 0.6265625 0.4666666666666667 0.621875 0.45
91 0.7390625 0.1 0.7296875 0.12222222222222222 0.734375 0.16111111111111112 0.70625 0.19722222222222222 0.6984375 0.23333333333333334 0.684375 0.425 0.7328125 0.4777777777777778 0.7640625 0.48055555555555557 0.7796875 0.46944444444444444 0.79375 0.4388888888888889 0.79375 0.4083333333333333 0.8015625 0.3861111111111111 0.8015625 0.3527777777777778 0.79375 0.33055555555555555 0.7953125 0.3861111111111111 0.790625 0.3972222222222222 0.7765625 0.38055555555555554 0.7765625 0.325 0.7890625 0.32222222222222224 0.796875 0.25833333333333336 0.7921875 0.24444444444444444 0.746875 0.24722222222222223 0.740625 0.2361111111111111 0.7375 0.2611111111111111 0.7265625 0.26666666666666666 0.7140625 0.25555555555555554 0.7203125 0.225 0.734375 0.20833333333333334 0.7578125 0.20555555555555555 0.78125 0.2222222222222222 0.8328125 0.21666666666666667 0.8609375 0.2361111111111111 0.8671875 0.23055555555555557 0.834375 0.18055555555555555 0.771875 0.19166666666666668 0.759375 0.16666666666666666 0.7609375 0.12777777777777777 0.7484375 0.1
5 0.2671875 0.2111111111111111 0.265625 0.22777777777777777 0.24375 0.25277777777777777 0.24375 0.2722222222222222 0.215625 0.25833333333333336 0.2171875 0.2777777777777778 0.2109375 0.3138888888888889 0.1890625 0.32222222222222224 0.1828125 0.29444444444444445 0.18125 0.32222222222222224 0.1734375 0.325 0.1828125 0.3333333333333333 0.1890625 0.32222222222222224 0.196875 0.325 0.2015625 0.33611111111111114 0.1953125 0.35555555555555557 0.0828125 0.35833333333333334 0.08125 0.3861111111111111 0.121875 0.3861111111111111 0.1265625 0.375 0.1375 0.3861111111111111 0.15 0.38055555555555554 0.1625 0.3888888888888889 0.1671875 0.38055555555555554 0.175 0.3888888888888889 0.196875 0.3888888888888889 0.1984375 0.3972222222222222 0.1765625 0.39444444444444443 0.15 0.40555555555555556 0.059375 0.4027777777777778 0.05625 0.43333333333333335 0.0421875 0.44166666666666665 0.04375 0.4583333333333333 0.0375 0.4722222222222222 0.046875 0.5361111111111111 0.0625 0.575 0.0921875 0.5833333333333334 0.10625 0.5694444444444444 0.121875 0.5694444444444444 0.15625 0.5305555555555556 0.1765625 0.5277777777777778 0.215625 0.5 0.2265625 0.4777777777777778 0.2703125 0.46111111111111114 0.30625 0.43333333333333335 0.3359375 0.4388888888888889 0.3640625 0.3972222222222222 0.38125 0.33611111111111114 0.3671875 0.3055555555555556 0.3671875 0.25 0.3375 0.21944444444444444 0.321875 0.23333333333333334 0.3046875 0.21388888888888888 0.2984375 0.24166666666666667 0.2828125 0.2111111111111111 0.271875 0.225 0.2671875 0.21944444444444444 0.2703125 0.21666666666666667
85 0.821875 0.625 0.8015625 0.6361111111111111 0.7875 0.6694444444444444 0.7890625 0.7166666666666667 0.79375 0.7361111111111112 0.803125 0.7472222222222222 0.825 0.75 0.8484375 0.7361111111111112 0.8625 0.6916666666666667 0.853125 0.6444444444444445 0.8328125 0.625 0.8234375 0.6277777777777778
86 0.92890625 0.525 0.9125 0.5277777777777778 0.9 0.5416666666666666 0.8890625 0.5861111111111111 0.896875 0.625 0.91875 0.6472222222222223 0.940625 0.6416666666666667 0.9671875 0.5888888888888889 0.9578125 0.5472222222222223 0.9390625 0.525
68 0.089125 0.15716666666666665 0.17825 0.3143333333333333
66 0.14815625 0.2976388888888889 0.023984375 0.04111111111111111
29 0.039828125 0.17355555555555555 0.011140625 0.03652777777777778
49 0.05053125000000001 0.1758611111111111 0.020546875 0.04111111111111111
82 0.032546874999999996 0.05327777777777778 0.01884375 0.0335
35 0.009609375 0.018166666666666668 0.019234375 0.036333333333333336
1 0.03596875 0.01927777777777778 0.023984375 0.03147222222222222
94 0.12075 0.22 0.020546875 0.04416666666666667
64 0.496875 0.41277777777777774 0.098 0.014666666666666668
42 0.49453125 0.4 0.0953125 0.011111111111111112
22 0.167671875 0.29380555555555554 0.015625 0.03205555555555555