45 0.649765625 0.8463333333333334 0.048265625 0.09052777777777779
5 0.177015625 0.22683333333333333 0.2669375 0.30569444444444444
5 0.860578125 0.3458333333333333 0.273390625 0.26266666666666666
86 0.880875 0.5734722222222222 0.06593750000000001 0.10555555555555556
23 0.5083125 0.40969444444444447 0.08875 0.012555555555555554
42 0.506296875 0.3978333333333333 0.082859375 0.013444444444444445
90 0.0388125 0.7499444444444445 0.07759374999999999 0.36427777777777776
68 0.079875 0.19458333333333333 0.159734375 0.27644444444444444
85 0.782390625 0.6697777777777778 0.06364062499999999 0.10633333333333334
17 0.653125 0.6083333333333333 0.65 0.6222222222222222 0.6578125 0.6222222222222222 0.65625 0.6361111111111111 0.665625 0.6361111111111111 0.6671875 0.65 0.6515625 0.6722222222222223 0.640625 0.6722222222222223 0.6375 0.6638888888888889 0.625 0.6972222222222222 0.6421875 0.7027777777777777 0.6546875 0.6916666666666667 0.6734375 0.6944444444444444 0.6765625 0.7 0.665625 0.725 0.6640625 0.7583333333333333 0.66875 0.7611111111111111 0.675 0.7333333333333333 0.68125 0.7277777777777777 0.68125 0.7527777777777778 0.696875 0.7777777777777778 0.70625 0.7222222222222222 0.725 0.7277777777777777 0.7203125 0.7111111111111111 0.7359375 0.6944444444444444 0.7390625 0.65 0.7359375 0.6444444444444445 0.7328125 0.6527777777777778 0.7203125 0.6527777777777778 0.7109375 0.6138888888888889 0.70625 0.6277777777777778 0.684375 0.6305555555555555 0.678125 0.6111111111111112 0.65625 0.6083333333333333
66 0.020374999999999997 0.14488888888888887 0.020765625 0.035527777777777776
1 0.0226875 0.11480555555555555 0.017687500000000002 0.035527777777777776
82 0.072265625 0.2091111111111111 0.018453125 0.03280555555555556
49 0.07303125 0.28225 0.018453125 0.03691666666666667
30 0.132625 0.30069444444444443 0.01921875 0.030083333333333333
67 0.084578125 0.18794444444444444 0.016921875 0.03144444444444445
56 0.4921875 0.4583333333333333 0.4875 0.46944444444444444 0.490625 0.5722222222222222 0.496875 0.5694444444444444 0.5 0.5388888888888889 0.5046875 0.5333333333333333 0.5171875 0.5722222222222222 0.51875 0.5555555555555556 0.5109375 0.5083333333333333 0.534375 0.5083333333333333 0.5140625 0.4861111111111111 0.5015625 0.4583333333333333
22 0.14835937500000002 0.31677777777777777 0.018796874999999998 0.03777777777777778
35 0.012265624999999999 0.07266666666666667 0.019625 0.03197222222222222