70 0.4734375 0.44166666666666665 0.4609375 0.45 0.4546875 0.4722222222222222 0.4796875 0.49444444444444446 0.484375 0.5611111111111111 0.4890625 0.5694444444444444 0.490625 0.5277777777777778 0.5046875 0.5194444444444445 0.5078125 0.5 0.49375 0.45 0.4859375 0.44166666666666665
5 0.809375 0.5138888888888888 0.790625 0.5333333333333333 0.78125 0.5305555555555556 0.778125 0.5166666666666667 0.75625 0.6 0.7734375 0.5916666666666667 0.7875 0.6 0.7921875 0.5916666666666667 0.86875 0.5916666666666667 0.8734375 0.6 0.871875 0.6416666666666667 0.85625 0.6416666666666667 0.8640625 0.6611111111111111 0.865625 0.6916666666666667 0.853125 0.7 0.8515625 0.7138888888888889 0.8265625 0.75 0.8328125 0.7916666666666666 0.846875 0.7944444444444444 0.8515625 0.8083333333333333 0.86875 0.7861111111111111 0.8828125 0.7944444444444444 0.8890625 0.7861111111111111 0.884375 0.7611111111111111 0.8875 0.7527777777777778 0.9078125 0.7555555555555555 0.9359375 0.7333333333333333 0.95625 0.7805555555555556 0.984375 0.8166666666666667 0.9921875 0.8333333333333334 0.9921875 0.85 0.9984375 0.85 0.9984375 0.6138888888888889 0.984375 0.625 0.9546875 0.6111111111111112 0.9359375 0.6444444444444445 0.915625 0.6444444444444445 0.89375 0.6138888888888889 0.8890625 0.5722222222222222 0.875 0.5694444444444444 0.8765625 0.5361111111111111 0.85625 0.5444444444444444 0.85 0.5583333333333333 0.840625 0.5583333333333333 0.8328125 0.5416666666666666 0.8265625 0.5638888888888889 0.8125 0.5805555555555556 0.8125 0.5194444444444445
32 0.775 0.65 0.7671875 0.6583333333333333 0.771875 0.6777777777777778 0.76875 0.7166666666666667 0.7734375 0.7388888888888889 0.7671875 0.7583333333333333 0.76875 0.8 0.8171875 0.8555555555555555 0.821875 0.8555555555555555 0.821875 0.8472222222222222 0.815625 0.8305555555555556 0.821875 0.8222222222222222 0.828125 0.8611111111111112 0.8375 0.875 0.8203125 0.7472222222222222 0.7953125 0.7277777777777777 0.7828125 0.6583333333333333 0.778125 0.6555555555555556
5 0.55595703125 0 0.434375 0 0.4375 0.05 0.43125 0.06111111111111111 0.4109375 0.06111111111111111 0.403125 0.07777777777777778 0.390625 0.07777777777777778 0.384375 0.09722222222222222 0.390625 0.10555555555555556 0.3859375 0.11388888888888889 0.3921875 0.1361111111111111 0.3859375 0.14166666666666666 0.421875 0.18333333333333332 0.4390625 0.18888888888888888 0.4625 0.18055555555555555 0.4796875 0.15555555555555556 0.5140625 0.14166666666666666 0.53125 0.11944444444444445 0.578125 0.09166666666666666 0.6078125 0.09166666666666666 0.61875 0.08333333333333333 0.6375 0.044444444444444446 0.6375 0.008333333333333333 0.63125 0 0.609375 0 0.590625 0.06111111111111111 0.5640625 0.05555555555555555 0.5640625 0
5 0.3171875 0.10833333333333334 0.3015625 0.13055555555555556 0.29375 0.12777777777777777 0.2890625 0.15555555555555556 0.2828125 0.15555555555555556 0.2765625 0.14166666666666666 0.2703125 0.16111111111111112 0.2515625 0.17777777777777778 0.25 0.21388888888888888 0.2421875 0.2222222222222222 0.2421875 0.2388888888888889 0.25 0.26944444444444443 0.2625 0.2833333333333333 0.2671875 0.3 0.2921875 0.3111111111111111 0.3234375 0.30833333333333335 0.3453125 0.2777777777777778 0.353125 0.2777777777777778 0.384375 0.2222222222222222 0.384375 0.16111111111111112 0.3671875 0.15833333333333333 0.359375 0.14166666666666666 0.3328125 0.1388888888888889 0.321875 0.10833333333333334
5 0.1578125 0.3138888888888889 0.078125 0.3194444444444444 0.0734375 0.3277777777777778 0.0625 0.3277777777777778 0.0625 0.3388888888888889 0.0953125 0.3416666666666667 0.09375 0.33611111111111114 0.103125 0.3277777777777778 0.109375 0.3416666666666667 0.1296875 0.3416666666666667 0.1328125 0.3388888888888889 0.1234375 0.33611111111111114 0.1265625 0.3277777777777778 0.15 0.3333333333333333 0.1703125 0.325 0.1625 0.3138888888888889
5 0.0984375 0.35555555555555557 0 0.3611111111111111 0.003125 0.37222222222222223 0.0171875 0.3638888888888889 0.028125 0.37777777777777777 0.0328125 0.36944444444444446 0.0578125 0.37222222222222223 0.06875 0.39166666666666666 0.075 0.3888888888888889 0.078125 0.375 0.090625 0.375 0.0953125 0.3888888888888889 0.115625 0.3888888888888889 0.1078125 0.38055555555555554 0.11875 0.37777777777777777 0.125 0.39166666666666666 0.121875 0.4027777777777778 0.10625 0.40555555555555556 0 0.4027777777777778 0 0.6527777777777778 0.04375 0.6027777777777777 0.0609375 0.5611111111111111 0.0859375 0.5361111111111111 0.10625 0.5277777777777778 0.1265625 0.49722222222222223 0.153125 0.48333333333333334 0.1765625 0.4361111111111111 0.18125 0.4166666666666667 0.178125 0.4027777777777778 0.1328125 0.4 0.121875 0.38333333333333336 0.1265625 0.375 0.1453125 0.375 0.1515625 0.38055555555555554 0.140625 0.3888888888888889 0.1625 0.3888888888888889 0.153125 0.38055555555555554 0.16875 0.38055555555555554 0.1828125 0.36944444444444446 0.1828125 0.3611111111111111 0.1 0.35833333333333334
86 0.9234375 0.525 0.90625 0.5333333333333333 0.890625 0.5694444444444444 0.890625 0.5972222222222222 0.8984375 0.625 0.915625 0.6416666666666667 0.9390625 0.6388888888888888 0.965625 0.5888888888888889 0.965625 0.5666666666666667 0.953125 0.5388888888888889 0.928125 0.525
85 0.828125 0.6277777777777778 0.8015625 0.6361111111111111 0.7875 0.6722222222222223 0.7921875 0.7166666666666667 0.8109375 0.7416666666666667 0.8265625 0.7444444444444445 0.8421875 0.7305555555555555 0.8515625 0.7027777777777777 0.8640625 0.6888888888888889 0.8609375 0.6638888888888889 0.8515625 0.6416666666666667 0.8359375 0.6277777777777778
84 0.7671875 0.8138888888888889 0.74375 0.8222222222222222 0.73125 0.8527777777777777 0.734375 0.9055555555555556 0.74375 0.925 0.759375 0.9361111111111111 0.7953125 0.9305555555555556 0.80625 0.8972222222222223 0.8078125 0.8694444444444445 0.8015625 0.8388888888888889 0.778125 0.8138888888888889
45 0.66875 0.8472222222222222 0.6515625 0.8555555555555555 0.6421875 0.8805555555555555 0.6421875 0.9027777777777778 0.65 0.925 0.6671875 0.9361111111111111 0.6828125 0.9277777777777778 0.6921875 0.9055555555555556 0.6921875 0.875 0.6765625 0.8472222222222222
40 0.821875 0.625 0.090625 0.016666666666666666
64 0.496875 0.41805555555555557 0.09375 0.019444444444444445
42 0.4953125 0.39861111111111114 0.09375 0.019444444444444445
68 0.0890625 0.15555555555555556 0.178125 0.3111111111111111
1 0.021968750000000002 0.04538888888888889 0.0225625 0.04011111111111111
49 0.03265625 0.059111111111111114 0.0130625 0.021111111111111112
49 0.06828125 0.23641666666666666 0.0249375 0.038
67 0.089046875 0.16252777777777777 0.02375 0.05488888888888889
29 0.106265625 0.26808333333333334 0.015437500000000002 0.042222222222222223
30 0.11873437499999999 0.26175000000000004 0.019 0.038
94 0.119921875 0.22058333333333333 0.019 0.04011111111111111
35 0.0108125 0.014944444444444444 0.014421875 0.029916666666666664
22 0.165859375 0.3002222222222222 0.021640625 0.036333333333333336