45 0.667859375 0.89075 0.049453125 0.09136111111111112
85 0.829765625 0.6952777777777778 0.078625 0.13597222222222222
86 0.93065625 0.59575 0.07681249999999999 0.13477777777777777
84 0.767375 0.8840833333333333 0.077 0.138
5 0.58321875 0.04552777777777778 0.067578125 0.09066666666666667
5 0.335359375 0.6443888888888889 0.25190625 0.3548888888888889
5 0.125578125 0.7025 0.196796875 0.2613055555555555
70 0.469234375 0.5261111111111111 0.07095312499999999 0.128
64 0.49765625 0.4111111111111111 0.1015625 0.016666666666666666
42 0.4951875 0.3983333333333334 0.095296875 0.014833333333333334
68 0.08828125 0.15416666666666667 0.1765625 0.30833333333333335
1 0.09278125000000001 0.25655555555555554 0.01865625 0.03838888888888889
29 0.10007812499999999 0.21294444444444444 0.022515625 0.036166666666666666
49 0.10800000000000001 0.19808333333333333 0.019640625000000002 0.03663888888888889
50 0.126640625 0.20855555555555555 0.017671875 0.029666666666666668
30 0.12762500000000002 0.18238888888888888 0.019640625000000002 0.033166666666666664
82 0.140875 0.20594444444444446 0.024546875000000003 0.034916666666666665