56 0.490625 0.475 0.4875 0.49722222222222223 0.49375 0.5416666666666666 0.503125 0.5694444444444444 0.5109375 0.575 0.515625 0.5305555555555556 0.503125 0.4777777777777778 0.4984375 0.475
27 0.546875 0.41388888888888886 0.528125 0.4166666666666667 0.528125 0.44166666666666665 0.540625 0.44166666666666665 0.553125 0.475 0.5625 0.4722222222222222 0.5640625 0.44722222222222224 0.5875 0.44166666666666665 0.5546875 0.41388888888888886
17 0.434375 0.4 0.425 0.4222222222222222 0.4296875 0.4388888888888889 0.4046875 0.4638888888888889 0.4078125 0.475 0.425 0.4527777777777778 0.4375 0.4527777777777778 0.428125 0.49444444444444446 0.4703125 0.4305555555555556 0.4703125 0.4222222222222222 0.44375 0.4166666666666667 0.4375 0.4
5 0.5328125 0.6277777777777778 0.503125 0.6333333333333333 0.4890625 0.6527777777777778 0.4765625 0.6472222222222223 0.4578125 0.6666666666666666 0.45 0.6638888888888889 0.4453125 0.7055555555555556 0.421875 0.7361111111111112 0.415625 0.7611111111111111 0.4203125 0.775 0.41875 0.7972222222222223 0.425 0.7888888888888889 0.434375 0.7944444444444444 0.4453125 0.825 0.478125 0.875 0.490625 0.9055555555555556 0.490625 0.9361111111111111 0.465625 0.9166666666666666 0.4625 0.9416666666666667 0.565625 0.9416666666666667 0.575 0.9305555555555556 0.5796875 0.9388888888888889 0.603125 0.9388888888888889 0.6 0.9055555555555556 0.60625 0.9027777777777778 0.6015625 0.9 0.60625 0.8944444444444445 0.6046875 0.8805555555555555 0.5921875 0.8916666666666667 0.575 0.8833333333333333 0.575 0.9222222222222223 0.5609375 0.9055555555555556 0.5625 0.8722222222222222 0.5796875 0.8722222222222222 0.58125 0.8805555555555555 0.5953125 0.8805555555555555 0.6 0.8722222222222222 0.6 0.825 0.5828125 0.8 0.5953125 0.7888888888888889 0.5953125 0.7416666666666667 0.5828125 0.7305555555555555 0.5859375 0.7222222222222222 0.5765625 0.7138888888888889 0.5796875 0.7 0.5609375 0.6722222222222223 0.5625 0.6611111111111111 0.5359375 0.6472222222222223 0.5359375 0.6333333333333333
85 0.7890625 0.6138888888888889 0.7671875 0.6222222222222222 0.7546875 0.6555555555555556 0.7609375 0.7 0.7765625 0.7166666666666667 0.803125 0.7083333333333334 0.821875 0.6694444444444444 0.8171875 0.6333333333333333 0.8 0.6138888888888889
86 0.8828125 0.5222222222222223 0.8625 0.5277777777777778 0.8484375 0.5583333333333333 0.8515625 0.6055555555555555 0.8671875 0.625 0.89375 0.6194444444444445 0.90625 0.5888888888888889 0.915625 0.5805555555555556 0.9109375 0.5472222222222223 0.890625 0.5222222222222223
23 0.50865625 0.4111388888888889 0.084890625 0.007805555555555556
42 0.507921875 0.39749999999999996 0.086359375 0.014305555555555556
64 0.546703125 0.35586111111111113 0.08196875 0.00911111111111111
40 0.546703125 0.3408888888888889 0.0834375 0.013
40 0.554765625 0.32008333333333333 0.0834375 0.01822222222222222
5 0.590625 0.05555555555555555 0.584375 0.09166666666666666 0.5765625 0.10555555555555556 0.565625 0.10555555555555556 0.5625 0.09722222222222222 0.5328125 0.10277777777777777 0.5046875 0.08611111111111111 0.4828125 0.09444444444444444 0.4765625 0.10555555555555556 0.5015625 0.1388888888888889 0.5203125 0.14166666666666666 0.54375 0.15833333333333333 0.559375 0.15555555555555556 0.571875 0.1361111111111111 0.584375 0.1361111111111111 0.5984375 0.15833333333333333 0.6015625 0.18055555555555555 0.659375 0.2 0.7140625 0.19722222222222222 0.7328125 0.16111111111111112 0.7375 0.12222222222222222 0.7140625 0.07777777777777778 0.69375 0.058333333333333334 0.5921875 0.05555555555555555
5 0.871875 0.058333333333333334 0.8796875 0.14444444444444443 0.890625 0.18055555555555555 0.984375 0.2 0.9984375 0.19166666666666668 0.9984375 0.058333333333333334 0.875 0.058333333333333334
68 0.081 0.19275 0.156765625 0.27869444444444447
29 0.140375 0.29080555555555554 0.018562500000000003 0.035055555555555555
66 0.06526562500000001 0.2273888888888889 0.020296875 0.03816666666666667
1 0.031906250000000004 0.13766666666666666 0.01971875 0.029916666666666664
82 0.03625 0.12941666666666668 0.01565625 0.03197222222222222
2 0.02175 0.09022222222222222 0.017984375 0.03816666666666667