85 0.8296875 0.6961944444444444 0.078578125 0.13783333333333334
84 0.768015625 0.8843611111111112 0.075875 0.13647222222222222
5 0.34103125 0.07808333333333334 0.2938125 0.15619444444444444
5 0.84671875 0.39144444444444443 0.12928125 0.2791388888888889
42 0.182765625 0.6955833333333333 0.09840625 0.01622222222222222
64 0.18196874999999998 0.7091666666666667 0.09728125 0.010083333333333333
70 0.1901875 0.8565555555555556 0.055765625 0.21044444444444446
68 0.08890624999999999 0.1569722222222222 0.177828125 0.3139166666666667
49 0.081 0.11102777777777778 0.02146875 0.034694444444444444
1 0.086859375 0.09283333333333334 0.025374999999999998 0.03991666666666666
82 0.034640625 0.23941666666666667 0.024390625 0.04163888888888889