89 0.215625 0.575 0.209375 0.5944444444444444 0.18125 0.6083333333333333 0.175 0.6222222222222222 0.1765625 0.6333333333333333 0.1953125 0.6805555555555556 0.1921875 0.7138888888888889 0.2078125 0.7138888888888889 0.228125 0.7555555555555555 0.2453125 0.7611111111111111 0.240625 0.7027777777777777 0.2625 0.7027777777777777 0.271875 0.6722222222222223 0.2640625 0.6333333333333333 0.253125 0.6111111111111112 0.240625 0.5944444444444444 0.221875 0.5888888888888889 0.2171875 0.575
84 0.7734375 0.8138888888888889 0.7453125 0.8222222222222222 0.73125 0.8583333333333333 0.73125 0.8888888888888888 0.7375 0.9111111111111111 0.7609375 0.9361111111111111 0.7671875 0.9527777777777777 0.790625 0.9416666666666667 0.8078125 0.8944444444444445 0.8015625 0.8388888888888889 0.78125 0.8138888888888889
5 0.8875 0.6972222222222222 0.88125 0.7166666666666667 0.875 0.7166666666666667 0.871875 0.7027777777777777 0.85625 0.7 0.8484375 0.7333333333333333 0.821875 0.7583333333333333 0.8140625 0.7472222222222222 0.79375 0.7416666666666667 0.7875 0.7472222222222222 0.784375 0.7722222222222223 0.7703125 0.7888888888888889 0.7671875 0.8027777777777778 0.79375 0.8194444444444444 0.809375 0.8666666666666667 0.8078125 0.9166666666666666 0.796875 0.9361111111111111 0.7828125 0.9527777777777777 0.7703125 0.9555555555555556 0.759375 0.9388888888888889 0.7625 0.9638888888888889 0.775 0.9972222222222222 0.95 0.9972222222222222 0.95625 0.9583333333333334 0.946875 0.925 0.9359375 0.9222222222222223 0.9328125 0.9111111111111111 0.9109375 0.9083333333333333 0.9078125 0.9333333333333333 0.9140625 0.9416666666666667 0.8953125 0.9388888888888889 0.8765625 0.9194444444444444 0.871875 0.9 0.8515625 0.8805555555555555 0.8640625 0.8361111111111111 0.8671875 0.7916666666666666 0.871875 0.7861111111111111 0.8765625 0.7972222222222223 0.8890625 0.7861111111111111 0.884375 0.7555555555555555 0.8953125 0.7416666666666667 0.8875 0.7
85 0.8296875 0.625 0.8078125 0.6305555555555555 0.790625 0.6527777777777778 0.7859375 0.6888888888888889 0.79375 0.7361111111111112 0.8078125 0.7444444444444445 0.834375 0.7416666666666667 0.84375 0.7305555555555555 0.8578125 0.6916666666666667 0.8640625 0.6916666666666667 0.8640625 0.6722222222222223 0.85625 0.6472222222222223 0.8328125 0.625
3 0.5375 0.41388888888888886 0.103125 0.2
64 0.56484375 0.3013888888888889 0.1015625 0.013888888888888888
41 0.56484375 0.2861111111111111 0.0953125 0.016666666666666666
64 0.20859375 0.5444444444444444 0.0921875 0.016666666666666666
40 0.2078125 0.5333333333333333 0.096875 0.016666666666666666
68 0.08984375 0.16111111111111112 0.1796875 0.32222222222222224
66 0.040109375 0.24208333333333334 0.025328125 0.03377777777777778
82 0.045390625000000004 0.10977777777777778 0.016890625 0.03188888888888889
1 0.035890624999999995 0.07036111111111111 0.019 0.02813888888888889
30 0.058062499999999996 0.09288888888888888 0.021109375 0.03941666666666666
49 0.04803125 0.07319444444444445 0.015828125000000002 0.026277777777777782