70 0.48125 0.46111111111111114 0.4484375 0.5333333333333333 0.453125 0.575 0.46875 0.5888888888888889 0.48125 0.5777777777777777 0.496875 0.49722222222222223 0.4984375 0.46944444444444444 0.4828125 0.46111111111111114
26 0.5375 0.48333333333333334 0.5078125 0.5305555555555556 0.51875 0.5611111111111111 0.5296875 0.5611111111111111 0.5328125 0.5694444444444444 0.559375 0.525 0.5671875 0.5277777777777778 0.5671875 0.5138888888888888 0.559375 0.49722222222222223 0.540625 0.48333333333333334
5 0.5401988636363637 0.17777777777777778 0.4578125 0.17777777777777778 0.4390625 0.2 0.41875 0.24722222222222223 0.4109375 0.30833333333333335 0.403125 0.325 0.4078125 0.3333333333333333 0.403125 0.3416666666666667 0.40625 0.4083333333333333 0.4046875 0.43333333333333335 0.39375 0.4444444444444444 0.3953125 0.4638888888888889 0.4609375 0.4888888888888889 0.478125 0.45 0.515625 0.44722222222222224 0.51875 0.4305555555555556 0.5140625 0.4222222222222222 0.45 0.4222222222222222 0.4328125 0.4361111111111111 0.421875 0.425 0.41875 0.39166666666666666 0.4296875 0.375 0.4546875 0.3861111111111111 0.5046875 0.38333333333333336 0.509375 0.37777777777777777 0.50625 0.3611111111111111 0.5125 0.3416666666666667 0.534375 0.3111111111111111 0.55 0.3111111111111111 0.55625 0.28888888888888886 0.559375 0.2111111111111111 0.5484375 0.17777777777777778
5 0.04036458333333333 0.31666666666666665 0 0.31666666666666665 0 0.325 0.0296875 0.3416666666666667 0.0453125 0.3416666666666667 0.0484375 0.325 0.0625 0.3416666666666667 0.140625 0.3388888888888889 0.115625 0.3194444444444444 0.0484375 0.31666666666666665
5 0.003125 0.35555555555555557 0 0.49166666666666664 0.0703125 0.5055555555555555 0.0953125 0.5222222222222223 0.1328125 0.5194444444444445 0.165625 0.5027777777777778 0.1890625 0.45555555555555555 0.190625 0.40555555555555556 0.18125 0.3972222222222222 0.1859375 0.375 0.178125 0.35833333333333334 0.00625 0.35555555555555557
32 0.49296875 0.26944444444444443 0.0609375 0.12777777777777777
86 0.9375 0.525 0.909375 0.5305555555555556 0.890625 0.5694444444444444 0.8953125 0.6166666666666667 0.915625 0.6444444444444445 0.9421875 0.6388888888888888 0.9609375 0.5944444444444444 0.9671875 0.5916666666666667 0.959375 0.5472222222222223 0.940625 0.525
85 0.8296875 0.625 0.8046875 0.6333333333333333 0.7890625 0.6638888888888889 0.7890625 0.7083333333333334 0.8046875 0.7416666666666667 0.8328125 0.7416666666666667 0.85 0.7166666666666667 0.8578125 0.6916666666666667 0.8640625 0.6888888888888889 0.85625 0.6472222222222223 0.8328125 0.625
42 0.496875 0.39861111111111114 0.096875 0.025
40 0.5 0.15833333333333333 0.09375 0.016666666666666666
68 0.088984375 0.1575 0.17796875 0.3149722222222222
35 0.00840625 0.018166666666666668 0.016828125 0.036333333333333336
2 0.049296875000000004 0.029222222222222222 0.024859375 0.03563888888888889
1 0.056125 0.06911111111111111 0.019234375 0.04133333333333333
49 0.058921875 0.04988888888888889 0.020046875 0.019944444444444445
82 0.061328125 0.13897222222222222 0.016828125 0.03277777777777778
67 0.073359375 0.16675 0.01203125 0.03136111111111111
50 0.082171875 0.16602777777777777 0.016828125 0.03847222222222222
29 0.07976562499999999 0.26794444444444443 0.02325 0.03705555555555556
66 0.096203125 0.29786111111111113 0.019234375 0.034194444444444444
30 0.10943750000000001 0.28005555555555556 0.018437500000000002 0.03847222222222222
22 0.165265625 0.29486111111111113 0.0204375 0.03847222222222222