70 0.4828125 0.4583333333333333 0.4734375 0.46111111111111114 0.4453125 0.5027777777777778 0.43125 0.5055555555555555 0.428125 0.5166666666666667 0.434375 0.5527777777777778 0.4484375 0.5638888888888889 0.4640625 0.5638888888888889 0.4609375 0.6 0.484375 0.5527777777777778 0.5015625 0.4888888888888889 0.5015625 0.4777777777777778 0.4859375 0.4583333333333333
5 0.4328125 0.8222222222222222 0.4296875 0.8444444444444444 0.4125 0.8722222222222222 0.403125 0.9166666666666666 0.3875 0.9305555555555556 0.4 0.9472222222222222 0.39375 0.975 0.3875 0.9833333333333333 0.36875 0.9805555555555555 0.3734375 0.9972222222222222 0.615625 0.9972222222222222 0.6109375 0.9722222222222222 0.575 0.9694444444444444 0.5671875 0.9666666666666667 0.5640625 0.9555555555555556 0.559375 0.9583333333333334 0.5359375 0.9 0.5203125 0.9333333333333333 0.509375 0.9388888888888889 0.4953125 0.9305555555555556 0.484375 0.9083333333333333 0.484375 0.8611111111111112 0.475 0.8361111111111111 0.4390625 0.8333333333333334 0.434375 0.8222222222222222
5 0.209375 0.03611111111111111 0.1875 0.04722222222222222 0.178125 0.06388888888888888 0.175 0.25555555555555554 0.165625 0.2777777777777778 0.1671875 0.2861111111111111 0.153125 0.2972222222222222 0.153125 0.3111111111111111 0.1765625 0.3138888888888889 0.1859375 0.325 0.196875 0.30833333333333335 0.215625 0.3138888888888889 0.2390625 0.3055555555555556 0.2625 0.275 0.309375 0.25833333333333336 0.3140625 0.24722222222222223 0.35625 0.24722222222222223 0.3875 0.20555555555555555 0.396875 0.1527777777777778 0.3875 0.13333333333333333 0.38125 0.07777777777777778 0.36875 0.07777777777777778 0.359375 0.06388888888888888 0.34375 0.07222222222222222 0.3359375 0.06388888888888888 0.29375 0.05555555555555555 0.275 0.09166666666666666 0.246875 0.08055555555555556 0.2203125 0.09166666666666666 0.215625 0.07777777777777778 0.2078125 0.08055555555555556 0.2140625 0.08611111111111111 0.2078125 0.09722222222222222 0.1953125 0.10555555555555556 0.1859375 0.09166666666666666 0.1859375 0.06666666666666667 0.196875 0.05277777777777778 0.2 0.06388888888888888 0.203125 0.05 0.209375 0.05555555555555555 0.20625 0.058333333333333334 0.215625 0.058333333333333334 0.215625 0.04722222222222222 0.2078125 0.044444444444444446 0.209375 0.03611111111111111 0.215625 0.03611111111111111
24 0.215625 0.3472222222222222 0.2125 0.35555555555555557 0.2171875 0.37777777777777777 0.2046875 0.4027777777777778 0.196875 0.40555555555555556 0.2015625 0.4305555555555556 0.2359375 0.4777777777777778 0.2578125 0.48333333333333334 0.2671875 0.45555555555555555 0.2625 0.42777777777777776 0.26875 0.4222222222222222 0.2734375 0.44166666666666665 0.278125 0.44166666666666665 0.284375 0.4222222222222222 0.2859375 0.4 0.2734375 0.3861111111111111 0.271875 0.36944444444444446 0.2859375 0.3527777777777778 0.275 0.3527777777777778 0.2703125 0.36666666666666664 0.2609375 0.36944444444444446 0.2546875 0.35833333333333334 0.21875 0.35833333333333334 0.2171875 0.35
24 0.3078125 0.30833333333333335 0.3046875 0.33055555555555555 0.284375 0.35555555555555557 0.2953125 0.3861111111111111 0.3140625 0.38055555555555554 0.334375 0.3277777777777778 0.33125 0.31666666666666665 0.315625 0.30833333333333335
24 0.44375 0.2777777777777778 0.43125 0.2861111111111111 0.4234375 0.28055555555555556 0.4203125 0.35 0.446875 0.35555555555555557 0.446875 0.3388888888888889 0.4390625 0.325 0.446875 0.3138888888888889 0.4640625 0.3138888888888889 0.4546875 0.2777777777777778
91 0.715625 0.05555555555555555 0.7109375 0.06111111111111111 0.70625 0.1 0.70625 0.14166666666666666 0.7109375 0.15833333333333333 0.70625 0.18611111111111112 0.68125 0.21666666666666667 0.6734375 0.2361111111111111 0.7015625 0.2722222222222222 0.740625 0.2777777777777778 0.7625 0.25 0.759375 0.21944444444444444 0.75 0.2 0.7453125 0.17222222222222222 0.746875 0.1361111111111111 0.7578125 0.11666666666666667 0.7625 0.06944444444444445 0.715625 0.058333333333333334
86 0.934375 0.525 0.90625 0.5333333333333333 0.890625 0.5666666666666667 0.890625 0.5972222222222222 0.896875 0.6222222222222222 0.925 0.6472222222222223 0.9265625 0.6638888888888889 0.9453125 0.6583333333333333 0.9671875 0.6194444444444445 0.9671875 0.5666666666666667 0.9546875 0.5361111111111111 0.9421875 0.525
85 0.8203125 0.625 0.796875 0.6416666666666667 0.7875 0.6694444444444444 0.7921875 0.7222222222222222 0.8 0.7388888888888889 0.815625 0.7472222222222222 0.840625 0.7361111111111112 0.85 0.7194444444444444 0.8546875 0.6944444444444444 0.8640625 0.6888888888888889 0.8578125 0.6527777777777778 0.834375 0.625
84 0.7625 0.8138888888888889 0.734375 0.8361111111111111 0.7296875 0.8611111111111112 0.7234375 0.8666666666666667 0.7296875 0.875 0.734375 0.9166666666666666 0.7578125 0.9444444444444444 0.7765625 0.9416666666666667 0.771875 0.9333333333333333 0.7875 0.9138888888888889 0.7953125 0.8861111111111111 0.7890625 0.8361111111111111 0.7671875 0.8138888888888889
64 0.496875 0.4111111111111111 0.096875 0.016666666666666666
42 0.496875 0.3972222222222222 0.09375 0.022222222222222223
68 0.08828125 0.15416666666666667 0.1734375 0.30277777777777776
1 0.03828125 0.03611111111111111 0.0265625 0.03333333333333333
49 0.06476562500000001 0.13075 0.0175625 0.027333333333333334
82 0.06587499999999999 0.08783333333333333 0.021953125 0.03513888888888889
67 0.106484375 0.21858333333333332 0.021953125 0.03513888888888889
29 0.11965624999999999 0.24102777777777776 0.019765625000000002 0.029277777777777774
30 0.12020312500000001 0.21466666666666667 0.016468749999999997 0.03513888888888889