24 0.30593750000000003 0.43480555555555556 0.0891875 0.1313611111111111
24 0.33878125 0.5241388888888889 0.092890625 0.15316666666666667
85 0.8294218750000001 0.6960277777777778 0.078015625 0.13780555555555554
84 0.768 0.8842222222222222 0.075828125 0.13655555555555554
5 0.7199687499999999 0.9510000000000001 0.10067187500000001 0.09802777777777777
70 0.4828125 0.4666666666666667 0.4375 0.49722222222222223 0.4328125 0.5472222222222223 0.44375 0.5777777777777777 0.4546875 0.5833333333333334 0.4734375 0.5555555555555556 0.4859375 0.5555555555555556 0.4890625 0.5166666666666667 0.5 0.4888888888888889 0.5 0.48055555555555557 0.4875 0.4666666666666667
42 0.49548437500000003 0.3978055555555556 0.0955 0.013500000000000002
5 0.9522187499999999 0.6855555555555556 0.0955625 0.19255555555555554
24 0.391140625 0.34588888888888886 0.061921875 0.07555555555555556
68 0.08792187500000001 0.15711111111111112 0.175828125 0.3111111111111111
64 0.49259375 0.41388888888888886 0.09359375 0.010972222222222223
92 0.3328125 0.5972222222222222 0.2734375 0.6055555555555555 0.275 0.6138888888888889 0.2453125 0.65 0.2421875 0.6833333333333333 0.246875 0.7277777777777777 0.2625 0.7305555555555555 0.2671875 0.7416666666666667 0.2640625 0.7583333333333333 0.296875 0.7694444444444445 0.3203125 0.7666666666666667 0.3390625 0.7611111111111111 0.371875 0.7277777777777777 0.3671875 0.6722222222222223 0.3703125 0.6611111111111111 0.3609375 0.6444444444444445 0.353125 0.6555555555555556 0.3484375 0.6111111111111112 0.334375 0.5972222222222222
82 0.09946875 0.17925 0.023765625000000002 0.04225
1 0.113390625 0.12491666666666666 0.023078124999999998 0.03741666666666667
29 0.04278125 0.169 0.0244375 0.041027777777777774
49 0.054656249999999997 0.16958333333333334 0.018328125 0.04225