45 0.66875 0.8472222222222222 0.653125 0.8527777777777777 0.64375 0.8777777777777778 0.64375 0.9111111111111111 0.6578125 0.9333333333333333 0.6765625 0.9333333333333333 0.690625 0.9111111111111111 0.6921875 0.875 0.6765625 0.8472222222222222
84 0.7734375 0.8111111111111111 0.7421875 0.825 0.7296875 0.8666666666666667 0.728125 0.8916666666666667 0.734375 0.925 0.7625 0.9527777777777777 0.7921875 0.9388888888888889 0.8078125 0.8944444444444445 0.8015625 0.8388888888888889 0.7796875 0.8111111111111111
85 0.821875 0.625 0.8015625 0.6361111111111111 0.7921875 0.6527777777777778 0.7875 0.6722222222222223 0.7890625 0.7111111111111111 0.80625 0.7444444444444445 0.8265625 0.75 0.840625 0.7361111111111112 0.853125 0.7444444444444445 0.8640625 0.7111111111111111 0.8609375 0.6638888888888889 0.840625 0.6277777777777778 0.8234375 0.6277777777777778
5 0.3140625 0.19722222222222222 0.2984375 0.20833333333333334 0.29375 0.225 0.26875 0.24166666666666667 0.2203125 0.25 0.215625 0.2638888888888889 0.2 0.2777777777777778 0.215625 0.28055555555555556 0.2171875 0.2916666666666667 0.2109375 0.2972222222222222 0.2171875 0.3055555555555556 0.1984375 0.3138888888888889 0.196875 0.35555555555555557 0.1453125 0.35555555555555557 0.1359375 0.35833333333333334 0.13125 0.36944444444444446 0.1375 0.37777777777777777 0.1359375 0.3888888888888889 0.196875 0.3861111111111111 0.1984375 0.3972222222222222 0.18125 0.40555555555555556 0.1328125 0.40555555555555556 0.1265625 0.3972222222222222 0.096875 0.4027777777777778 0.084375 0.41388888888888886 0.0671875 0.4083333333333333 0.0640625 0.41944444444444445 0.0515625 0.41388888888888886 0.0625 0.425 0.0484375 0.4305555555555556 0.03125 0.40555555555555556 0 0.40555555555555556 0 0.7166666666666667 0.0296875 0.7 0.0640625 0.6416666666666667 0.090625 0.625 0.1421875 0.5694444444444444 0.1609375 0.5638888888888889 0.1953125 0.5277777777777778 0.2078125 0.5277777777777778 0.2203125 0.5055555555555555 0.278125 0.45 0.290625 0.4166666666666667 0.3015625 0.41944444444444445 0.3109375 0.4083333333333333 0.3171875 0.4166666666666667 0.33125 0.4166666666666667 0.3765625 0.48055555555555557 0.41875 0.4388888888888889 0.425 0.4111111111111111 0.421875 0.3527777777777778 0.36875 0.25 0.3375 0.23055555555555557 0.3265625 0.20277777777777778 0.3171875 0.19722222222222222
68 0.0875 0.1527777777777778 0.175 0.3055555555555556
50 0.0870625 0.16055555555555553 0.021156249999999998 0.04919444444444444
29 0.122046875 0.2466388888888889 0.024406249999999997 0.04775
1 0.075671875 0.09258333333333332 0.017906250000000002 0.034722222222222224
66 0.060625 0.07594444444444444 0.01871875 0.036166666666666666
49 0.091953125 0.09763888888888889 0.01953125 0.03905555555555556
82 0.098453125 0.07883333333333332 0.01953125 0.03038888888888889