89 0.578125 0.019444444444444445 0.571875 0.022222222222222223 0.5625 0.05 0.5640625 0.058333333333333334 0.578125 0.06111111111111111 0.55625 0.09444444444444444 0.5515625 0.125 0.5546875 0.14722222222222223 0.5734375 0.17222222222222222 0.5734375 0.19444444444444445 0.603125 0.17222222222222222 0.6046875 0.11666666666666667 0.61875 0.09166666666666666 0.63125 0.10277777777777777 0.6140625 0.07222222222222222 0.5921875 0.05555555555555555 0.5859375 0.022222222222222223 0.58125 0.019444444444444445
5 0.546875 0.4444444444444444 0.53125 0.45555555555555555 0.528125 0.46944444444444444 0.509375 0.4722222222222222 0.50625 0.5333333333333333 0.49375 0.5638888888888889 0.48125 0.5638888888888889 0.4765625 0.5555555555555556 0.4828125 0.55 0.4796875 0.5444444444444444 0.4703125 0.55 0.4640625 0.5666666666666667 0.4625 0.5972222222222222 0.48125 0.6 0.484375 0.6055555555555555 0.4765625 0.6111111111111112 0.4875 0.6194444444444445 0.49375 0.6444444444444445 0.515625 0.6833333333333333 0.5140625 0.6972222222222222 0.503125 0.7138888888888889 0.4984375 0.7555555555555555 0.490625 0.7722222222222223 0.4734375 0.7611111111111111 0.465625 0.7694444444444445 0.459375 0.825 0.453125 0.8277777777777777 0.45 0.85 0.4375 0.8611111111111112 0.434375 0.8833333333333333 0.41875 0.8666666666666667 0.4125 0.8944444444444445 0.4 0.9083333333333333 0.3875 0.9416666666666667 0.3578125 0.9305555555555556 0.34375 0.9472222222222222 0.3375 0.9694444444444444 0.3140625 0.9861111111111112 0.3140625 0.9944444444444445 0.590625 0.9972222222222222 0.6 0.9944444444444445 0.59375 0.9916666666666667 0.59375 0.9833333333333333 0.621875 0.9805555555555555 0.6 0.9722222222222222 0.61875 0.9611111111111111 0.6125 0.9444444444444444 0.6125 0.9138888888888889 0.6203125 0.9027777777777778 0.625 0.9055555555555556 0.6234375 0.9305555555555556 0.6296875 0.9416666666666667 0.6265625 0.95 0.63125 0.95 0.63125 0.8833333333333333 0.6375 0.875 0.61875 0.8638888888888889 0.6203125 0.8027777777777778 0.6234375 0.7944444444444444 0.6296875 0.8 0.6421875 0.7888888888888889 0.6578125 0.7638888888888888 0.665625 0.7694444444444445 0.6609375 0.7444444444444445 0.671875 0.7 0.6671875 0.6833333333333333 0.6578125 0.6861111111111111 0.6546875 0.6722222222222223 0.6640625 0.6333333333333333 0.65625 0.625 0.6390625 0.625 0.625 0.5861111111111111 0.6265625 0.5583333333333333 0.61875 0.5416666666666666 0.6109375 0.5416666666666666 0.5953125 0.5 0.5734375 0.5 0.55 0.4444444444444444
70 0.49375 0.4666666666666667 0.4828125 0.5222222222222223 0.484375 0.5444444444444444 0.490625 0.5555555555555556 0.503125 0.5361111111111111 0.5046875 0.5194444444444445 0.50625 0.48333333333333334 0.496875 0.4666666666666667
17 0.4390625 0.14166666666666666 0.43125 0.1527777777777778 0.41875 0.14722222222222223 0.4171875 0.18055555555555555 0.4 0.19166666666666668 0.4 0.2 0.403125 0.21388888888888888 0.4140625 0.20277777777777778 0.41875 0.23333333333333334 0.44375 0.22777777777777777 0.45 0.26666666666666666 0.4546875 0.2222222222222222 0.4609375 0.225 0.4671875 0.25555555555555554 0.46875 0.23055555555555557 0.4640625 0.20833333333333334 0.4703125 0.20277777777777778 0.4765625 0.21388888888888888 0.4859375 0.21388888888888888 0.49375 0.20555555555555555 0.49375 0.19166666666666668 0.484375 0.17777777777777778 0.4703125 0.18055555555555555 0.4625 0.19166666666666668 0.4609375 0.175 0.440625 0.14444444444444443
84 0.76796875 0.8138888888888889 0.7421875 0.825 0.7296875 0.8611111111111112 0.7296875 0.8833333333333333 0.7390625 0.9138888888888889 0.7625 0.9333333333333333 0.7875 0.9166666666666666 0.8 0.8722222222222222 0.7921875 0.8277777777777777 0.778125 0.8138888888888889
45 0.66875 0.8472222222222222 0.653125 0.8527777777777777 0.6421875 0.8833333333333333 0.646875 0.9222222222222223 0.6625 0.9388888888888889 0.684375 0.9305555555555556 0.6921875 0.9055555555555556 0.6921875 0.875 0.6765625 0.8472222222222222
68 0.088625 0.15755555555555556 0.177234375 0.3150833333333333
64 0.496578125 0.41055555555555556 0.094640625 0.008972222222222222
42 0.495796875 0.39741666666666664 0.094203125 0.01136111111111111
64 0.60384375 0.01347222222222222 0.094640625 0.008972222222222222
40 0.6032031250000001 0.0045000000000000005 0.09590625 0.008972222222222222
29 0.103484375 0.20416666666666666 0.0201875 0.03141666666666667
1 0.0328125 0.10094444444444445 0.02271875 0.03141666666666667
66 0.0725625 0.10094444444444445 0.018921874999999998 0.03588888888888889
67 0.0851875 0.10769444444444445 0.021453125 0.03588888888888889
82 0.03659375 0.07516666666666666 0.0201875 0.029166666666666667
2 0.020828125 0.046 0.018921874999999998 0.033638888888888885
22 0.165265625 0.297 0.01803125 0.03847222222222222
35 0.0090625 0.01916666666666667 0.018125 0.03836111111111111