70 0.5171875 0.425 0.51875 0.4305555555555556 0.509375 0.4388888888888889 0.4890625 0.4444444444444444 0.478125 0.48055555555555557 0.484375 0.5 0.484375 0.5444444444444444 0.49375 0.525 0.5203125 0.5305555555555556 0.521875 0.5027777777777778 0.528125 0.49444444444444446 0.5171875 0.5083333333333333 0.50625 0.4888888888888889 0.5296875 0.4638888888888889 0.525 0.4305555555555556 0.51875 0.425
89 0.6578125 0.3638888888888889 0.6375 0.3861111111111111 0.6296875 0.41388888888888886 0.615625 0.4166666666666667 0.6375 0.41944444444444445 0.6375 0.4388888888888889 0.6328125 0.44722222222222224 0.6109375 0.45 0.6375 0.475 0.6453125 0.5 0.646875 0.525 0.640625 0.5388888888888889 0.621875 0.5222222222222223 0.6140625 0.525 0.621875 0.5444444444444444 0.6171875 0.5611111111111111 0.6296875 0.5944444444444444 0.6265625 0.6027777777777777 0.6453125 0.5944444444444444 0.640625 0.5805555555555556 0.653125 0.5611111111111111 0.6890625 0.5416666666666666 0.6890625 0.525 0.6796875 0.5166666666666667 0.690625 0.5055555555555555 0.68125 0.4861111111111111 0.6859375 0.475 0.6984375 0.4638888888888889 0.715625 0.46944444444444444 0.6984375 0.4305555555555556 0.7046875 0.4 0.69375 0.3888888888888889 0.68125 0.4027777777777778 0.678125 0.3888888888888889 0.684375 0.38333333333333336 0.6828125 0.36944444444444446 0.6703125 0.375 0.659375 0.36666666666666664
5 0.321875 0.17222222222222222 0.315625 0.18888888888888888 0.30625 0.18333333333333332 0.2984375 0.2 0.290625 0.19166666666666668 0.2859375 0.2 0.2859375 0.2222222222222222 0.278125 0.24166666666666667 0.2828125 0.28055555555555556 0.278125 0.29444444444444445 0.2125 0.29444444444444445 0.209375 0.3111111111111111 0.2015625 0.3111111111111111 0.1890625 0.2916666666666667 0.1875 0.3055555555555556 0.19375 0.3111111111111111 0.19375 0.3333333333333333 0.1984375 0.3388888888888889 0.196875 0.35555555555555557 0.0328125 0.35833333333333334 0.0125 0.36666666666666664 0.015625 0.38055555555555554 0.0359375 0.3861111111111111 0.040625 0.37777777777777777 0.05 0.3888888888888889 0.0546875 0.38055555555555554 0.0734375 0.3888888888888889 0.0875 0.375 0.096875 0.3861111111111111 0.1078125 0.38055555555555554 0.1265625 0.3888888888888889 0.1328125 0.38055555555555554 0.1375 0.3861111111111111 0.14375 0.37222222222222223 0.190625 0.3861111111111111 0.196875 0.38055555555555554 0.196875 0.40555555555555556 0.06875 0.40555555555555556 0.0640625 0.39444444444444443 0.0609375 0.40555555555555556 0.0140625 0.4027777777777778 0.0125 0.4166666666666667 0.034375 0.4722222222222222 0.0609375 0.5055555555555555 0.0640625 0.5222222222222223 0.0765625 0.5388888888888889 0.0796875 0.5583333333333333 0.090625 0.5611111111111111 0.0984375 0.5833333333333334 0.109375 0.5916666666666667 0.1390625 0.5888888888888889 0.15 0.5722222222222222 0.1734375 0.5583333333333333 0.1828125 0.5333333333333333 0.2125 0.5083333333333333 0.221875 0.4861111111111111 0.2390625 0.4722222222222222 0.2515625 0.4722222222222222 0.2328125 0.44166666666666665 0.2328125 0.4222222222222222 0.221875 0.40555555555555556 0.2171875 0.3638888888888889 0.2265625 0.3416666666666667 0.25 0.3527777777777778 0.2625 0.37777777777777777 0.2625 0.3888888888888889 0.2796875 0.4 0.2578125 0.4 0.259375 0.44722222222222224 0.2640625 0.4583333333333333 0.3 0.4388888888888889 0.3078125 0.4222222222222222 0.3328125 0.40555555555555556 0.3640625 0.3638888888888889 0.3734375 0.325 0.3671875 0.2916666666666667 0.3765625 0.26666666666666666 0.3609375 0.25833333333333336 0.35 0.23333333333333334 0.3484375 0.2111111111111111 0.35625 0.18611111111111112 0.325 0.17777777777777778
39 0.228125 0.34444444444444444 0.2203125 0.3638888888888889 0.225 0.4083333333333333 0.2421875 0.45555555555555555 0.2578125 0.46111111111111114 0.259375 0.375 0.2359375 0.34444444444444444
20 0.9703125 0.15833333333333333 0.946875 0.21388888888888888 0.940625 0.275 0.9546875 0.26666666666666666 0.9640625 0.2388888888888889 0.984375 0.24166666666666667 0.9734375 0.15833333333333333
5 0.4796875 0.2777777777777778 0.4375 0.28055555555555556 0.4359375 0.31666666666666665 0.4234375 0.3194444444444444 0.4171875 0.33055555555555555 0.4265625 0.3527777777777778 0.4421875 0.36666666666666664 0.44375 0.35833333333333334 0.4921875 0.35555555555555557 0.4984375 0.3277777777777778 0.50625 0.3194444444444444 0.5 0.3194444444444444 0.4984375 0.28055555555555556 0.48125 0.2777777777777778
85 0.8296875 0.625 0.803125 0.6333333333333333 0.7890625 0.6611111111111111 0.7875 0.7027777777777777 0.79375 0.7333333333333333 0.8046875 0.7472222222222222 0.8265625 0.75 0.840625 0.7361111111111112 0.853125 0.7444444444444445 0.8640625 0.7166666666666667 0.8640625 0.6722222222222223 0.85625 0.6472222222222223 0.8328125 0.625
64 0.679 0.35258333333333336 0.0985 0.007805555555555556
40 0.678890625 0.33916666666666667 0.096296875 0.014972222222222222
40 0.675484375 0.29786111111111113 0.094984375 0.017194444444444446
64 0.234390625 0.2885 0.09762499999999999 0.007805555555555556
40 0.23571875000000003 0.2728611111111111 0.09323437500000001 0.020333333333333335
64 0.4960625 0.4112222222222222 0.09675 0.0125
42 0.49517187500000004 0.39949999999999997 0.09323437500000001 0.014083333333333335
45 0.6625 0.8472222222222222 0.646875 0.8666666666666667 0.64375 0.9055555555555556 0.653125 0.9277777777777778 0.665625 0.9361111111111111 0.6796875 0.9305555555555556 0.6921875 0.9055555555555556 0.6890625 0.8666666666666667 0.6734375 0.8472222222222222
68 0.088984375 0.15627777777777777 0.177984375 0.3125833333333333
66 0.073296875 0.1401111111111111 0.015765625 0.033638888888888885
49 0.090640625 0.14083333333333334 0.020499999999999997 0.035027777777777776
1 0.08315625 0.14994444444444444 0.018125 0.03083333333333333
2 0.1044375 0.12611111111111112 0.018125 0.03644444444444444