5 0.48578124999999994 0.27652777777777776 0.12240625000000001 0.2036111111111111
70 0.465625 0.44722222222222224 0.4421875 0.46111111111111114 0.459375 0.475 0.478125 0.4777777777777778 0.4703125 0.49722222222222223 0.465625 0.4888888888888889 0.4609375 0.5027777777777778 0.471875 0.5194444444444445 0.475 0.5527777777777778 0.4890625 0.5555555555555556 0.4890625 0.5361111111111111 0.4953125 0.5277777777777778 0.5015625 0.5333333333333333 0.50625 0.5194444444444445 0.4921875 0.49166666666666664 0.4890625 0.46111111111111114 0.475 0.44722222222222224
42 0.49509375 0.3978888888888889 0.09559375 0.014499999999999999
68 0.08671875 0.15672222222222223 0.173421875 0.3134166666666667
64 0.49384375 0.41472222222222227 0.09567187499999999 0.011083333333333334
29 0.04571875 0.16327777777777777 0.022453124999999997 0.0385
49 0.07259375 0.13975 0.023265625 0.03422222222222222
50 0.12153125000000001 0.11622222222222223 0.018453125 0.04136111111111111
1 0.10909374999999999 0.08913888888888889 0.025671875 0.0385
66 0.0260625 0.02638888888888889 0.023265625 0.04136111111111111
61 0.05334375 0.09197222222222222 0.020046875 0.044194444444444446