5 0.9546875 0.15833333333333333 0.9421875 0.18611111111111112 0.9234375 0.18333333333333332 0.9078125 0.20555555555555555 0.9046875 0.18055555555555555 0.878125 0.18611111111111112 0.86875 0.23333333333333334 0.8703125 0.28055555555555556 0.875 0.3 0.8921875 0.32222222222222224 0.915625 0.33611111111111114 0.9453125 0.3388888888888889 0.953125 0.35 0.975 0.35 0.984375 0.36666666666666664 0.9953125 0.36666666666666664 0.9984375 0.18888888888888888 0.9921875 0.18611111111111112 0.98125 0.20555555555555555 0.9765625 0.18888888888888888 0.959375 0.18333333333333332 0.959375 0.15833333333333333
90 0.234375 0.5027777777777778 0.221875 0.5055555555555555 0.2234375 0.5111111111111111 0.2046875 0.5361111111111111 0.13125 0.5555555555555556 0.0875 0.5833333333333334 0.0859375 0.5944444444444444 0.090625 0.6027777777777777 0.075 0.6666666666666666 0.0796875 0.6805555555555556 0.0765625 0.6888888888888889 0.071875 0.6861111111111111 0.065625 0.7055555555555556 0.0640625 0.7472222222222222 0.06875 0.7111111111111111 0.0765625 0.6916666666666667 0.0828125 0.6916666666666667 0.0859375 0.6722222222222223 0.08125 0.6611111111111111 0.090625 0.6555555555555556 0.125 0.6 0.1375 0.6111111111111112 0.146875 0.6027777777777777 0.1828125 0.6083333333333333 0.2285984765674447 0.6278609843300602 0.21318734331570682 0.6963549098933394 0.2273142154631332 0.7534331811960722 0.23758830429762506 0.7648488354566187 0.2125 0.8305555555555556 0.2265625 0.8722222222222222 0.271875 0.9361111111111111 0.278125 0.9222222222222223 0.2828125 0.9277777777777778 0.2796875 0.9194444444444444 0.2984375 0.9027777777777778 0.30625 0.8861111111111111 0.3203125 0.8916666666666667 0.3125 0.9 0.3140625 0.9194444444444444 0.321875 0.9027777777777778 0.3296875 0.9027777777777778 0.3375 0.8805555555555555 0.3375 0.8722222222222222 0.3296875 0.8694444444444445 0.3375 0.8638888888888889 0.3172124927649373 0.8607403312452097 0.3159282316606257 0.8538909386888818 0.3184967538692488 0.8470415461325539 0.3184967538692488 0.8447584152804446 0.3236337982864947 0.8264933684635701 0.32234953718218323 0.803662059942477 0.3120754483476913 0.767131966308728 0.29152727067870754 0.7534331811960722 0.296875 0.7138888888888889 0.296875 0.6805555555555556 0.309375 0.6805555555555556 0.3125 0.6944444444444444 0.31875 0.6972222222222222 0.3140625 0.6694444444444444 0.328125 0.6472222222222223 0.334375 0.5944444444444444 0.3484375 0.5833333333333334 0.353125 0.5694444444444444 0.2890625 0.5333333333333333 0.2640625 0.5277777777777778 0.2546875 0.5083333333333333 0.24375 0.5027777777777778
31 0.4625 0.21388888888888888 0.45625 0.23055555555555557 0.4453125 0.2388888888888889 0.4484375 0.2638888888888889 0.434375 0.28888888888888886 0.440625 0.3111111111111111 0.4515625 0.3111111111111111 0.4546875 0.3194444444444444 0.453125 0.3611111111111111 0.465625 0.36666666666666664 0.4765625 0.35555555555555557 0.484375 0.3638888888888889 0.5078125 0.35833333333333334 0.5140625 0.3472222222222222 0.515625 0.32222222222222224 0.490625 0.2833333333333333 0.4859375 0.2611111111111111 0.5 0.25555555555555554 0.5046875 0.26944444444444443 0.509375 0.26666666666666666 0.509375 0.24722222222222223 0.5 0.23333333333333334 0.4859375 0.24722222222222223 0.4734375 0.2222222222222222 0.4625 0.21944444444444444
56 0.49375 0.4527777777777778 0.4859375 0.46111111111111114 0.48125 0.5361111111111111 0.471875 0.5611111111111111 0.48125 0.5611111111111111 0.4890625 0.5888888888888889 0.5046875 0.5027777777777778 0.4953125 0.45555555555555555
25 0.5828125 0.21666666666666667 0.5609375 0.2611111111111111 0.540625 0.25277777777777777 0.5421875 0.2722222222222222 0.5515625 0.29444444444444445 0.590625 0.30277777777777776 0.6140625 0.2638888888888889 0.6140625 0.25277777777777777 0.6046875 0.2361111111111111 0.5921875 0.2361111111111111 0.5828125 0.21944444444444444
5 0.309375 0.10277777777777777 0.290625 0.125 0.2828125 0.125 0.275 0.14722222222222223 0.2640625 0.14722222222222223 0.2625 0.175 0.24375 0.15833333333333333 0.2453125 0.20277777777777778 0.2359375 0.21666666666666667 0.234375 0.2361111111111111 0.2203125 0.25833333333333336 0.2171875 0.28888888888888886 0.221875 0.3194444444444444 0.2328125 0.3416666666666667 0.2875 0.34444444444444444 0.3125 0.325 0.334375 0.2972222222222222 0.353125 0.25 0.4 0.19166666666666668 0.3984375 0.16666666666666666 0.403125 0.15555555555555556 0.4203125 0.1527777777777778 0.4421875 0.13055555555555556 0.4359375 0.12222222222222222 0.4359375 0.10833333333333334 0.4203125 0.10555555555555556 0.3125 0.10833333333333334
24 0.396875 0.28888888888888886 0.3953125 0.31666666666666665 0.375 0.3333333333333333 0.38125 0.3611111111111111 0.390625 0.37222222222222223 0.421875 0.37222222222222223 0.4390625 0.3416666666666667 0.4421875 0.32222222222222224 0.43125 0.29444444444444445 0.415625 0.29444444444444445 0.4109375 0.3055555555555556 0.3984375 0.28888888888888886
17 0.9171875 0.5722222222222222 0.915625 0.6111111111111112 0.890625 0.625 0.88125 0.6583333333333333 0.9078125 0.6416666666666667 0.9234375 0.725 0.9296875 0.7222222222222222 0.9359375 0.6944444444444444 0.953125 0.6888888888888889 0.959375 0.7388888888888889 0.9765625 0.7111111111111111 0.96875 0.6638888888888889 0.99375 0.6527777777777778 0.9984375 0.6388888888888888 0.990625 0.6305555555555555 0.9671875 0.6361111111111111 0.959375 0.6138888888888889 0.9296875 0.6 0.9234375 0.5722222222222222
54 0.5390625 0.06666666666666667 0.5171875 0.11388888888888889 0.5359375 0.1361111111111111 0.5359375 0.1638888888888889 0.5453125 0.1361111111111111 0.5578125 0.13055555555555556 0.55625 0.08055555555555556 0.540625 0.06666666666666667
64 0.46790624999999997 0.1894722222222222 0.08525 0.010833333333333334
40 0.46875 0.1723888888888889 0.087328125 0.020555555555555556
23 0.4953125 0.4095833333333333 0.08728125 0.014444444444444446
42 0.4953125 0.3987777777777778 0.08728125 0.014444444444444446
68 0.082578125 0.19330555555555556 0.158609375 0.28197222222222224
1 0.01653125 0.1208611111111111 0.019828125 0.030222222222222223
35 0.012625 0.07158333333333333 0.02284375 0.04486111111111111
82 0.01653125 0.09905555555555555 0.016046875 0.02013888888888889
83 0.021249999999999998 0.08394444444444445 0.01228125 0.02686111111111111
49 0.0859375 0.23669444444444443 0.018890625 0.03358333333333333
66 0.07648437500000001 0.21488888888888888 0.015109375 0.02686111111111111
29 0.13173437500000001 0.28202777777777777 0.019828125 0.036944444444444446
22 0.152046875 0.3205 0.02284375 0.042722222222222224
30 0.14684375 0.2728055555555555 0.019828125 0.025194444444444446
45 0.65 0.8 0.634375 0.8083333333333333 0.621875 0.8333333333333334 0.6234375 0.8694444444444445 0.640625 0.8916666666666667 0.6609375 0.8888888888888888 0.675 0.8611111111111112 0.6703125 0.8194444444444444 0.6625 0.8055555555555556 0.6515625 0.8027777777777778