85 0.786234375 0.6660555555555555 0.07015625 0.10561111111111111
5 0.04915625 0.42972222222222217 0.0983125 0.18719444444444444
84 0.7385937499999999 0.8442500000000001 0.06887499999999999 0.12213888888888888
45 0.65078125 0.8449722222222222 0.047453125 0.09080555555555556
102 0.88053125 0.5821944444444445 0.068609375 0.12277777777777779
64 0.5056875 0.18108333333333332 0.07878125 0.011305555555555557
40 0.503796875 0.17052777777777778 0.08051562500000001 0.012027777777777778
92 0.40659375000000003 0.8426944444444444 0.10979687499999999 0.1811111111111111
56 0.48060937499999995 0.5220277777777778 0.042796875 0.1391111111111111
23 0.49614062499999995 0.4116666666666666 0.08354687499999999 0.011305555555555557
42 0.49571875 0.3978888888888889 0.082921875 0.014166666666666666
68 0.08171874999999999 0.19680555555555554 0.1570625 0.28047222222222223
31 0.6 0.17222222222222222 0.559375 0.23333333333333334 0.559375 0.24722222222222223 0.5671875 0.28055555555555556 0.5765625 0.28888888888888886 0.5828125 0.3333333333333333 0.5953125 0.35833333333333334 0.60625 0.3638888888888889 0.603125 0.3 0.6140625 0.2833333333333333 0.6171875 0.25555555555555554 0.6265625 0.25555555555555554 0.63125 0.26666666666666666 0.625 0.29444444444444445 0.6359375 0.28888888888888886 0.6421875 0.26666666666666666 0.659375 0.2722222222222222 0.6640625 0.25833333333333336 0.659375 0.2361111111111111 0.640625 0.22777777777777777 0.6328125 0.2111111111111111 0.6203125 0.21388888888888888 0.615625 0.20277777777777778 0.6171875 0.18333333333333332 0.6015625 0.175
64 0.60396875 0.1598611111111111 0.08753125 0.014138888888888888
40 0.602953125 0.14827777777777779 0.08303125 0.013777777777777778
72 0.521875 0.19722222222222222 0.5078125 0.21388888888888888 0.490625 0.20555555555555555 0.490625 0.25555555555555554 0.4859375 0.26666666666666666 0.4890625 0.28055555555555556 0.496875 0.26666666666666666 0.50625 0.275 0.525 0.2638888888888889 0.5296875 0.24166666666666667 0.5296875 0.2111111111111111 0.525 0.19722222222222222
24 0.684375 0.11944444444444445 0.68125 0.15 0.66875 0.16944444444444445 0.6578125 0.17222222222222222 0.6578125 0.18055555555555555 0.665625 0.21666666666666667 0.6875 0.25833333333333336 0.7 0.2611111111111111 0.7125 0.24444444444444444 0.71875 0.2111111111111111 0.7265625 0.21388888888888888 0.728125 0.23333333333333334 0.7359375 0.21944444444444444 0.7390625 0.18888888888888888 0.7328125 0.18055555555555555 0.746875 0.16944444444444445 0.7515625 0.1527777777777778 0.728125 0.1527777777777778 0.73125 0.15555555555555556 0.721875 0.16666666666666666 0.715625 0.15555555555555556 0.7125 0.16111111111111112 0.7125 0.1527777777777778 0.7015625 0.15 0.6859375 0.11944444444444445
59 0.74765625 0.05555555555555555 0.7078125 0.058333333333333334 0.7078125 0.06944444444444445 0.721875 0.08888888888888889 0.721875 0.09722222222222222 0.71875 0.10833333333333334 0.696875 0.12777777777777777 0.7046875 0.14722222222222223 0.7140625 0.14722222222222223 0.7203125 0.13333333333333333 0.759375 0.1361111111111111 0.7640625 0.12222222222222222 0.7640625 0.08333333333333333 0.7625 0.06111111111111111 0.75625 0.05555555555555555
92 0.7515625 0.21388888888888888 0.7390625 0.21944444444444444 0.73125 0.2388888888888889 0.71875 0.23055555555555557 0.696875 0.26944444444444443 0.7203125 0.29444444444444445 0.75625 0.29444444444444445 0.7671875 0.2861111111111111 0.7734375 0.2611111111111111 0.759375 0.21388888888888888
29 0.009546875 0.3352777777777778 0.01909375 0.025472222222222222
1 0.11976562500000001 0.13297222222222221 0.016703125 0.025472222222222222
66 0.116578125 0.10963888888888888 0.015125 0.02688888888888889
49 0.130109375 0.10538888888888888 0.019890625000000002 0.02688888888888889
30 0.138453125 0.0806388888888889 0.01909375 0.033944444444444444
25 0.932609375 0.11247222222222222 0.06046875 0.09194444444444445
25 0.815234375 0.09830555555555556 0.064453125 0.06930555555555555