5 0.284765625 0.4796944444444444 0.28300000000000003 0.4706111111111111
45 0.649734375 0.8463333333333334 0.04840625 0.09091666666666666
84 0.740796875 0.8400555555555556 0.06965625 0.12150000000000001
86 0.8807656250000001 0.5801111111111111 0.067109375 0.12302777777777778
42 0.49489062500000003 0.39775 0.08371875 0.013500000000000002
5 0.679234375 0.8362222222222223 0.1579375 0.21500000000000002
56 0.499328125 0.5190555555555556 0.071265625 0.12061111111111111
68 0.077296875 0.20308333333333334 0.154609375 0.2766388888888889
59 0.765125 0.18436111111111111 0.12084375 0.24775
64 0.4931875 0.41350000000000003 0.083828125 0.010916666666666667
1 0.039359375 0.15780555555555556 0.018421874999999997 0.032749999999999994
61 0.05192187499999999 0.14066666666666666 0.013390625 0.04019444444444445
49 0.06321875 0.13769444444444445 0.0209375 0.028277777777777777
29 0.1084375 0.15480555555555556 0.0209375 0.03572222222222222
82 0.01884375 0.09080555555555556 0.0209375 0.032749999999999994