85 0.788734375 0.6671111111111111 0.070375 0.10416666666666667
5 0.379578125 0.2763888888888889 0.391078125 0.34844444444444445
23 0.49506249999999996 0.4081666666666667 0.0865625 0.013138888888888891
42 0.49448437500000003 0.3978611111111111 0.083796875 0.013777777777777778
31 0.6852343750000001 0.29205555555555557 0.086546875 0.13724999999999998
68 0.08125 0.19330555555555556 0.1540625 0.2743333333333334
5 0.006296875 0.66775 0.012453124999999999 0.09822222222222222
24 0.416015625 0.9116388888888889 0.041375 0.055972222222222215
40 0.69403125 0.19891666666666666 0.08128125 0.01877777777777778
64 0.6919531250000001 0.20647222222222222 0.08128125 0.007305555555555556
25 0.7859375 0.3138888888888889 0.775 0.3277777777777778 0.7671875 0.36944444444444446 0.7828125 0.38055555555555554 0.8 0.4166666666666667 0.8171875 0.4222222222222222 0.8390625 0.3861111111111111 0.83125 0.37222222222222223 0.834375 0.325 0.8296875 0.31666666666666665 0.825 0.325 0.8140625 0.325 0.8203125 0.3388888888888889 0.796875 0.3388888888888889 0.7953125 0.3138888888888889
56 0.4890625 0.48055555555555557 0.4859375 0.5 0.475 0.4888888888888889 0.48125 0.5472222222222223 0.478125 0.5916666666666667 0.484375 0.5833333333333334 0.4890625 0.5472222222222223 0.490625 0.5861111111111111 0.4984375 0.5861111111111111 0.5078125 0.5166666666666667 0.4984375 0.5 0.496875 0.48055555555555557
49 0.074421875 0.28055555555555556 0.017937500000000002 0.03188888888888889
66 0.055421874999999995 0.2486388888888889 0.015828125000000002 0.035666666666666666
1 0.076 0.19422222222222224 0.014781250000000001 0.035666666666666666
82 0.08707812499999999 0.18013888888888888 0.015828125000000002 0.026277777777777782
29 0.13670312499999998 0.3105833333333333 0.0200625 0.035666666666666666
2 0.0701875 0.07788888888888888 0.0200625 0.035666666666666666