56 0.4984375 0.45555555555555555 0.4453125 0.5361111111111111 0.446875 0.55 0.4703125 0.5111111111111111 0.475 0.5166666666666667 0.4640625 0.5833333333333334 0.496875 0.5166666666666667 0.5 0.5277777777777778 0.49375 0.5527777777777778 0.4984375 0.5555555555555556 0.5078125 0.5027777777777778 0.5046875 0.4777777777777778 0.509375 0.4666666666666667 0.5046875 0.45555555555555555
45 0.646875 0.8027777777777778 0.634375 0.8111111111111111 0.6234375 0.8416666666666667 0.625 0.8666666666666667 0.6421875 0.8888888888888888 0.659375 0.8861111111111111 0.6734375 0.8527777777777777 0.665625 0.8138888888888889 0.6515625 0.8027777777777778
84 0.7421875 0.775 0.715625 0.7861111111111111 0.70625 0.8027777777777778 0.7015625 0.8361111111111111 0.7046875 0.8666666666666667 0.7328125 0.8972222222222223 0.753125 0.8916666666666667 0.7703125 0.8555555555555555 0.7703125 0.8138888888888889 0.7625 0.7888888888888889 0.746875 0.775
5 0.33125 0.7666666666666667 0.3265625 0.7944444444444444 0.3171875 0.8055555555555556 0.3140625 0.8222222222222222 0.3046875 0.825 0.2953125 0.8138888888888889 0.2921875 0.8416666666666667 0.296875 0.8694444444444445 0.275 0.9083333333333333 0.2796875 0.9388888888888889 0.41875 0.9388888888888889 0.4234375 0.9138888888888889 0.4375 0.8833333333333333 0.3890625 0.8194444444444444 0.3765625 0.825 0.3671875 0.8055555555555556 0.3609375 0.8055555555555556 0.35625 0.8194444444444444 0.3328125 0.7666666666666667
90 0.4421875 0.13333333333333333 0.4375 0.15833333333333333 0.421875 0.18055555555555555 0.3796875 0.17777777777777778 0.365625 0.19722222222222222 0.3796875 0.2111111111111111 0.3953125 0.20277777777777778 0.4328125 0.20277777777777778 0.440625 0.21388888888888888 0.4375 0.23055555555555557 0.4203125 0.2222222222222222 0.40625 0.24166666666666667 0.4078125 0.25833333333333336 0.4265625 0.26944444444444443 0.4265625 0.3388888888888889 0.4359375 0.36666666666666664 0.4171875 0.42777777777777776 0.4171875 0.4527777777777778 0.4359375 0.48333333333333334 0.4640625 0.4888888888888889 0.4875 0.4638888888888889 0.490625 0.44722222222222224 0.4875 0.4222222222222222 0.4546875 0.4166666666666667 0.45 0.3972222222222222 0.4640625 0.38055555555555554 0.475 0.35 0.4734375 0.26666666666666666 0.484375 0.25555555555555554 0.5109375 0.25833333333333336 0.5140625 0.24722222222222223 0.5015625 0.23055555555555557 0.49375 0.2361111111111111 0.475 0.21944444444444444 0.4625 0.23055555555555557 0.453125 0.21666666666666667 0.4734375 0.2 0.5203125 0.20277777777777778 0.5265625 0.18611111111111112 0.51875 0.16944444444444445 0.4703125 0.17222222222222222 0.453125 0.13333333333333333
23 0.4956875 0.4117222222222222 0.083296875 0.013027777777777779
42 0.49614062499999995 0.3962777777777778 0.08421875 0.014638888888888887
68 0.08146875 0.19447222222222224 0.157453125 0.2782777777777778
29 0.12603124999999998 0.33105555555555555 0.015796875 0.03077777777777778
49 0.06996875 0.28558333333333336 0.022578124999999998 0.03344444444444444
66 0.061312500000000006 0.24008333333333334 0.015796875 0.03877777777777778
82 0.035359375 0.16319444444444445 0.0195625 0.034777777777777776
1 0.01165625 0.1391111111111111 0.0188125 0.029416666666666667
35 0.012625 0.06730555555555556 0.02284375 0.03205555555555555
22 0.15109375 0.3173611111111111 0.018828125 0.04075