5 0.25690625 0.15463888888888888 0.1359375 0.1990277777777778
23 0.49765625 0.4111111111111111 0.0859375 0.016666666666666666
42 0.495328125 0.3976944444444444 0.08301562500000001 0.013916666666666666
31 0.934375 0.8277777777777777 0.9296875 0.8638888888888889 0.9140625 0.8722222222222222 0.9140625 0.8888888888888888 0.9 0.8861111111111111 0.8953125 0.9083333333333333 0.884375 0.925 0.8828125 0.9416666666666667 0.9171875 0.9305555555555556 0.928125 0.9416666666666667 0.9984375 0.9416666666666667 0.9984375 0.875 0.99375 0.8472222222222222 0.984375 0.8361111111111111 0.9546875 0.8305555555555556 0.9359375 0.8472222222222222 0.9359375 0.8277777777777777
40 0.986921875 0.8083888888888888 0.026140625 0.016166666666666666
72 0.9859375 0.5916666666666667 0.9828125 0.6166666666666667 0.9609375 0.6166666666666667 0.946875 0.6305555555555555 0.9453125 0.65 0.9609375 0.675 0.946875 0.7111111111111111 0.9671875 0.7138888888888889 0.9734375 0.7527777777777778 0.99375 0.7583333333333333 0.99375 0.7861111111111111 0.9984375 0.7861111111111111 0.9984375 0.5944444444444444 0.99375 0.5916666666666667
40 0.986015625 0.5543888888888889 0.027968749999999997 0.014138888888888888
5 0.752640625 0.7116944444444444 0.15903125 0.22447222222222224
68 0.079421875 0.19549999999999998 0.15884375 0.2768333333333333
56 0.488578125 0.5120833333333333 0.038 0.11458333333333333
85 0.78828125 0.6708333333333333 0.0640625 0.11388888888888889
82 0.07471875 0.15002777777777776 0.012640624999999999 0.02511111111111111
49 0.08832812500000001 0.15875 0.016593749999999997 0.0295
1 0.0643125 0.13019444444444445 0.020078125 0.035694444444444445
66 0.080296875 0.1361388888888889 0.01784375 0.029083333333333336