68 0.077234375 0.2032777777777778 0.154484375 0.27652777777777776
85 0.785625 0.6671944444444444 0.069265625 0.10777777777777776
64 0.629953125 0.7263611111111111 0.086234375 0.013083333333333334
40 0.628671875 0.7145 0.0841875 0.01638888888888889
56 0.490625 0.45555555555555555 0.4828125 0.46944444444444444 0.4703125 0.55 0.4734375 0.5638888888888889 0.478125 0.5555555555555556 0.484375 0.5638888888888889 0.4890625 0.6027777777777777 0.5 0.5444444444444444 0.5015625 0.5083333333333333 0.53125 0.46944444444444444 0.5015625 0.48333333333333334 0.49375 0.45555555555555555
42 0.49474999999999997 0.3976944444444444 0.083375 0.013972222222222223
31 0.55525 0.15677777777777777 0.074171875 0.11519444444444445
72 0.633703125 0.7953333333333333 0.06493750000000001 0.11788888888888888
23 0.49331250000000004 0.41355555555555557 0.083328125 0.010944444444444444
75 0.8796875 0.12222222222222222 0.871875 0.13333333333333333 0.8375 0.14166666666666666 0.8140625 0.18611111111111112 0.80625 0.18611111111111112 0.7953125 0.24166666666666667 0.778125 0.25833333333333336 0.778125 0.2916666666666667 0.759375 0.33055555555555555 0.759375 0.4027777777777778 0.7703125 0.4111111111111111 0.7765625 0.4388888888888889 0.76875 0.475 0.8015625 0.5111111111111111 0.8875 0.5138888888888888 0.903125 0.5277777777777778 0.925 0.5277777777777778 0.95625 0.5083333333333333 0.965625 0.4888888888888889 0.9703125 0.5055555555555555 0.9796875 0.4666666666666667 0.9984375 0.4527777777777778 0.9984375 0.3333333333333333 0.9859375 0.3138888888888889 0.9859375 0.2611111111111111 0.978125 0.22777777777777777 0.95 0.18888888888888888 0.9359375 0.15555555555555556 0.9265625 0.15555555555555556 0.9140625 0.2111111111111111 0.915625 0.23333333333333334 0.934375 0.24722222222222223 0.9484375 0.2833333333333333 0.9421875 0.2916666666666667 0.93125 0.28888888888888886 0.9234375 0.3055555555555556 0.9109375 0.2972222222222222 0.9046875 0.275 0.9046875 0.2361111111111111 0.8921875 0.21944444444444444 0.9109375 0.1638888888888889 0.9109375 0.1361111111111111 0.903125 0.12777777777777777 0.8921875 0.14166666666666666 0.884375 0.12222222222222222
66 0.00840625 0.32905555555555555 0.016828125 0.033666666666666664
1 0.005265625 0.30569444444444444 0.010515625 0.016833333333333332
82 0.00946875 0.2888611111111111 0.01471875 0.020555555555555556
49 0.072046875 0.18883333333333335 0.019984375 0.033666666666666664
29 0.09465625 0.20377777777777778 0.016828125 0.026166666666666668
94 0.051531249999999994 0.13741666666666666 0.0189375 0.028055555555555556