86 0.88021875 0.5725555555555556 0.06693750000000001 0.109
45 0.6504531250000001 0.8446111111111111 0.046390625000000005 0.08783333333333333
85 0.7885 0.6649722222222222 0.066984375 0.10338888888888889
31 0.778671875 0.26952777777777776 0.08196875 0.12744444444444444
23 0.495046875 0.40844444444444444 0.084703125 0.013833333333333335
42 0.49453125 0.39763888888888893 0.080625 0.013055555555555556
5 0.5502343749999999 0.13175 0.14090625 0.15175
68 0.079203125 0.1893888888888889 0.15840625 0.27772222222222226
90 0.5046875 0.5 0.5328125 0.5527777777777778 0.521875 0.6 0.528125 0.6194444444444445 0.528125 0.6666666666666666 0.521875 0.6888888888888889 0.49375 0.7 0.49375 0.8194444444444444 0.4890625 0.8305555555555556 0.4953125 0.825 0.4953125 0.8138888888888889 0.5125 0.8055555555555556 0.5125 0.8138888888888889 0.521875 0.8166666666666667 0.515625 0.825 0.5265625 0.8222222222222222 0.53125 0.85 0.5546875 0.8472222222222222 0.5609375 0.8638888888888889 0.5625 0.8388888888888889 0.5859375 0.8416666666666667 0.590625 0.825 0.5984375 0.8527777777777777 0.590625 0.6972222222222222 0.5734375 0.6944444444444444 0.5703125 0.6833333333333333 0.571875 0.6666666666666666 0.5828125 0.6555555555555556 0.571875 0.6305555555555555 0.584375 0.6055555555555555 0.56875 0.5611111111111111 0.5671875 0.5194444444444445 0.5484375 0.5166666666666667 0.5359375 0.5555555555555556 0.51875 0.5194444444444445 0.521875 0.5055555555555555 0.515625 0.5111111111111111 0.509375 0.5
56 0.490625 0.4888888888888889 0.478125 0.5083333333333333 0.4796875 0.5361111111111111 0.471875 0.5888888888888889 0.478125 0.5666666666666667 0.503125 0.5388888888888889 0.5078125 0.525 0.509375 0.49444444444444446 0.5 0.4888888888888889 0.5046875 0.49166666666666664 0.496875 0.49722222222222223 0.49375 0.4888888888888889
64 0.813390625 0.16355555555555557 0.08275 0.012111111111111112
40 0.8143593750000001 0.15144444444444446 0.086640625 0.015583333333333334
1 0.008078125 0.12036111111111111 0.01615625 0.030083333333333333
82 0.02078125 0.10875 0.02 0.03147222222222222
2 0.026546874999999998 0.07386111111111111 0.017703125 0.03283333333333333
83 0.033859375000000004 0.08411111111111111 0.010765625 0.026
67 0.060781249999999995 0.21475 0.015390625 0.03830555555555555
49 0.067328125 0.19697222222222222 0.014624999999999999 0.024611111111111108
29 0.07578125 0.20516666666666666 0.01615625 0.024611111111111108