56 0.228125 0.39444444444444443 0.2015625 0.4083333333333333 0.171875 0.40555555555555556 0.1875 0.4166666666666667 0.1953125 0.4305555555555556 0.19375 0.44722222222222224 0.2046875 0.45555555555555555 0.2109375 0.45 0.209375 0.43333333333333335 0.221875 0.4444444444444444 0.2171875 0.4222222222222222 0.2359375 0.4083333333333333 0.2359375 0.39444444444444443
24 0.25625 0.3416666666666667 0.253125 0.3888888888888889 0.2578125 0.40555555555555556 0.2640625 0.4083333333333333 0.275 0.39444444444444443 0.278125 0.35555555555555557 0.259375 0.3416666666666667
5 0.2515625 0.05555555555555555 0.190625 0.058333333333333334 0.184375 0.1 0.171875 0.11388888888888889 0.16875 0.15 0.18125 0.16944444444444445 0.2078125 0.16944444444444445 0.215625 0.18333333333333332 0.221875 0.1638888888888889 0.24375 0.14444444444444443 0.2796875 0.09444444444444444 0.3046875 0.075 0.3171875 0.075 0.3171875 0.058333333333333334 0.25625 0.05555555555555555
24 0.2984375 0.14166666666666666 0.2890625 0.14722222222222223 0.2828125 0.16944444444444445 0.2859375 0.18611111111111112 0.3015625 0.18333333333333332 0.303125 0.14166666666666666
5 0.6171875 0.4583333333333333 0.5875 0.4888888888888889 0.5703125 0.5361111111111111 0.603125 0.5916666666666667 0.6 0.6305555555555555 0.5859375 0.6333333333333333 0.571875 0.6833333333333333 0.5640625 0.6805555555555556 0.54375 0.7277777777777777 0.5890625 0.7333333333333333 0.6015625 0.7777777777777778 0.6234375 0.7666666666666667 0.6546875 0.7166666666666667 0.6625 0.6944444444444444 0.665625 0.6611111111111111 0.6890625 0.6277777777777778 0.6921875 0.6083333333333333 0.6859375 0.5805555555555556 0.6875 0.5611111111111111 0.671875 0.5444444444444444 0.65625 0.5 0.646875 0.4861111111111111 0.634375 0.4861111111111111 0.621875 0.4583333333333333
5 0.5984375 0.06111111111111111 0.590625 0.06944444444444445 0.5796875 0.06666666666666667 0.5578125 0.1 0.5578125 0.13055555555555556 0.578125 0.1638888888888889 0.615625 0.18611111111111112 0.7046875 0.20833333333333334 0.7296875 0.2 0.7390625 0.18333333333333332 0.7421875 0.1527777777777778 0.7234375 0.11944444444444445 0.7171875 0.11666666666666667 0.715625 0.12777777777777777 0.6734375 0.09166666666666666 0.65 0.09166666666666666 0.6125 0.06111111111111111
5 0.0625 0.5611111111111111 0.034375 0.6111111111111112 0.034375 0.625 0.025 0.625 0 0.7111111111111111 0 0.8805555555555555 0.0125 0.8944444444444445 0.0515625 0.8972222222222223 0.06875 0.8805555555555555 0.0796875 0.8611111111111112 0.0875 0.8111111111111111 0.103125 0.775 0.1 0.75 0.1109375 0.7222222222222222 0.1234375 0.6194444444444445 0.1109375 0.5972222222222222 0.090625 0.5888888888888889 0.0671875 0.5611111111111111
90 0.196875 0.35833333333333334 0.159375 0.3638888888888889 0.1546875 0.38055555555555554 0.1609375 0.37777777777777777 0.1671875 0.4027777777777778 0.1921875 0.4166666666666667 0.1921875 0.40555555555555556 0.2 0.4111111111111111 0.1984375 0.4027777777777778 0.2171875 0.37777777777777777 0.2171875 0.36944444444444446 0.20625 0.35833333333333334
22 0.152640625 0.31805555555555554 0.021640625 0.03352777777777778
29 0.157609375 0.28975 0.018546874999999997 0.02427777777777778
90 0.1734375 0.20555555555555555 0.171875 0.23055555555555557 0.1625 0.23333333333333334 0.1578125 0.25833333333333336 0.1671875 0.2833333333333333 0.159375 0.31666666666666665 0.1625 0.325 0.20625 0.325 0.2 0.2833333333333333 0.203125 0.25555555555555554 0.1796875 0.22777777777777777 0.18125 0.21388888888888888 0.1765625 0.20555555555555555
85 0.78984375 0.6111111111111112 0.7703125 0.6166666666666667 0.7546875 0.65 0.7578125 0.6944444444444444 0.775 0.7166666666666667 0.803125 0.7111111111111111 0.81875 0.6694444444444444 0.8109375 0.625 0.7984375 0.6111111111111112
86 0.875 0.5194444444444445 0.8515625 0.5416666666666666 0.8453125 0.5833333333333334 0.8484375 0.6111111111111112 0.8671875 0.6333333333333333 0.89375 0.6277777777777778 0.915625 0.5777777777777777 0.909375 0.5472222222222223 0.8859375 0.5194444444444445
23 0.19615625 0.35133333333333333 0.08003125 0.008666666666666666
42 0.19665625 0.34180555555555553 0.082953125 0.017361111111111112
68 0.082953125 0.19691666666666666 0.15615625 0.2793333333333333
82 0.05221875 0.1622222222222222 0.016593749999999997 0.026027777777777775
1 0.010734375 0.13533333333333333 0.02146875 0.031222222222222224
49 0.005859375 0.33919444444444447 0.01171875 0.026027777777777775
66 0.01415625 0.3201111111111111 0.012687499999999999 0.026027777777777775
35 0.01503125 0.07158333333333333 0.0204375 0.036333333333333336