5 0.57484375 0.40888888888888886 0.22373437499999999 0.4403611111111111
5 0.945921875 0.7233611111111112 0.10610937499999999 0.20022222222222222
45 0.649515625 0.8445555555555556 0.047671875 0.08775
56 0.47275 0.4822777777777778 0.06703125 0.11499999999999999
85 0.7861875 0.6653055555555555 0.06803125 0.10472222222222223
68 0.08054687499999999 0.2023611111111111 0.15415625 0.27552777777777776
23 0.49571875 0.40852777777777777 0.083640625 0.008666666666666666
42 0.49484374999999997 0.3971388888888889 0.082484375 0.012611111111111111
24 0.05621875 0.4245555555555556 0.040390625 0.07047222222222223
24 0.03265625 0.5857777777777777 0.0605625 0.13719444444444445
82 0.009984375 0.11877777777777777 0.01821875 0.03702777777777778
49 0.035578125 0.18355555555555556 0.01909375 0.02775
1 0.028625 0.1588611111111111 0.020828125 0.03086111111111111
66 0.015187500000000001 0.30616666666666664 0.016484375000000002 0.04163888888888889
29 0.107578125 0.2807222222222222 0.015609375 0.03086111111111111