56 0.48125 0.475 0.471875 0.49166666666666664 0.4796875 0.5111111111111111 0.4796875 0.5388888888888889 0.4859375 0.5472222222222223 0.496875 0.5333333333333333 0.50625 0.5555555555555556 0.50625 0.5166666666666667 0.490625 0.49444444444444446 0.4859375 0.475
31 0.6625 0.30277777777777776 0.6484375 0.3138888888888889 0.6484375 0.3277777777777778 0.6359375 0.3472222222222222 0.6328125 0.3638888888888889 0.634375 0.4027777777777778 0.6453125 0.425 0.6421875 0.44166666666666665 0.6484375 0.44166666666666665 0.6453125 0.46111111111111114 0.653125 0.48333333333333334 0.6609375 0.4722222222222222 0.665625 0.44166666666666665 0.675 0.4583333333333333 0.684375 0.46111111111111114 0.6890625 0.41388888888888886 0.69375 0.40555555555555556 0.6921875 0.36666666666666664 0.696875 0.35833333333333334 0.703125 0.36666666666666664 0.7078125 0.4 0.709375 0.35555555555555557 0.7203125 0.3416666666666667 0.6984375 0.3416666666666667 0.6953125 0.3194444444444444 0.6828125 0.3194444444444444 0.6671875 0.30277777777777776
84 0.7421875 0.7777777777777778 0.721875 0.7805555555555556 0.7046875 0.8111111111111111 0.7046875 0.85 0.7109375 0.8722222222222222 0.725 0.8861111111111111 0.740625 0.8888888888888888 0.75625 0.875 0.765625 0.8361111111111111 0.7703125 0.8361111111111111 0.7625 0.7916666666666666 0.75 0.7777777777777778
45 0.646875 0.8027777777777778 0.628125 0.8222222222222222 0.625 0.8638888888888889 0.6375 0.8861111111111111 0.65625 0.8888888888888888 0.6703125 0.8694444444444445 0.6734375 0.8416666666666667 0.6640625 0.8111111111111111 0.65 0.8027777777777778
84 0.646875 0.8027777777777778 0.628125 0.8222222222222222 0.625 0.8638888888888889 0.6375 0.8861111111111111 0.65625 0.8888888888888888 0.6703125 0.8694444444444445 0.6734375 0.8416666666666667 0.6640625 0.8111111111111111 0.65 0.8027777777777778
5 0.3484375 0.33611111111111114 0.3390625 0.37222222222222223 0.3109375 0.38333333333333336 0.278125 0.42777777777777776 0.26875 0.43333333333333335 0.25625 0.425 0.2484375 0.4444444444444444 0.23125 0.46111111111111114 0.2203125 0.46111111111111114 0.215625 0.49166666666666664 0.1953125 0.49722222222222223 0.1984375 0.5222222222222223 0.190625 0.5388888888888889 0.175 0.5388888888888889 0.175 0.5944444444444444 0.15625 0.6055555555555555 0.159375 0.6444444444444445 0.14375 0.65 0.140625 0.6694444444444444 0.1296875 0.6805555555555556 0.125 0.7388888888888889 0.1140625 0.7722222222222223 0.1140625 0.7833333333333333 0.1203125 0.7805555555555556 0.121875 0.7972222222222223 0.125 0.7777777777777778 0.1328125 0.7861111111111111 0.128125 0.8055555555555556 0.13125 0.8527777777777777 0.1421875 0.8611111111111112 0.1578125 0.85 0.1671875 0.8361111111111111 0.18125 0.7888888888888889 0.215625 0.7777777777777778 0.24375 0.7444444444444445 0.25625 0.7388888888888889 0.2828125 0.7 0.3078125 0.6222222222222222 0.340625 0.5805555555555556 0.353125 0.5444444444444444 0.415625 0.48333333333333334 0.4296875 0.45555555555555555 0.4328125 0.4361111111111111 0.421875 0.3861111111111111 0.428125 0.36666666666666664 0.4203125 0.34444444444444444 0.3671875 0.33611111111111114 0.35625 0.35 0.35 0.3388888888888889
5 0.5171875 0.16944444444444445 0.5140625 0.18611111111111112 0.509375 0.19444444444444445 0.5015625 0.19166666666666668 0.4984375 0.21388888888888888 0.4859375 0.225 0.471875 0.26944444444444443 0.4765625 0.2972222222222222 0.4875 0.31666666666666665 0.5171875 0.33611111111111114 0.5296875 0.33611111111111114 0.5703125 0.30277777777777776 0.5890625 0.26666666666666666 0.596875 0.23055555555555557 0.5859375 0.21944444444444444 0.5828125 0.2 0.5671875 0.2 0.559375 0.18611111111111112 0.5453125 0.18888888888888888 0.5296875 0.16944444444444445 0.51875 0.17222222222222222
5 0.628125 0.058333333333333334 0.6078125 0.07777777777777778 0.5921875 0.125 0.59375 0.19444444444444445 0.6015625 0.2111111111111111 0.621875 0.2222222222222222 0.653125 0.21666666666666667 0.671875 0.17222222222222222 0.6828125 0.16111111111111112 0.7015625 0.16666666666666666 0.709375 0.15555555555555556 0.7765625 0.1361111111111111 0.7953125 0.08888888888888889 0.7921875 0.06111111111111111 0.7875 0.058333333333333334 0.63125 0.058333333333333334
23 0.49729687499999997 0.4098333333333333 0.0834375 0.007805555555555556
42 0.49620312499999997 0.39813888888888893 0.0834375 0.01172222222222222
64 0.686125 0.2741944444444444 0.08562499999999999 0.00975
40 0.68446875 0.2625 0.08453125 0.013666666666666667
68 0.08178125 0.1961388888888889 0.156984375 0.27516666666666667
66 0.037453125 0.176 0.02003125 0.035611111111111114
49 0.033 0.13844444444444445 0.014093749999999999 0.03163888888888889
1 0.015203125000000001 0.09625 0.0215 0.034277777777777775
35 0.013828125 0.06730555555555556 0.01803125 0.04913888888888889
82 0.02521875 0.08833333333333333 0.0163125 0.034277777777777775
83 0.037453125 0.07713888888888888 0.018546874999999997 0.04086111111111111
58 0.9649218749999999 0.17294444444444443 0.062015625 0.10377777777777777
22 0.152046875 0.3194444444444444 0.0204375 0.036333333333333336