5 0.174640625 0.4339722222222222 0.15353125 0.19825
58 0.5322916666666667 0.18333333333333332 0.5078125 0.18611111111111112 0.4953125 0.20833333333333334 0.490625 0.2777777777777778 0.5046875 0.3111111111111111 0.5421875 0.3138888888888889 0.565625 0.28888888888888886 0.565625 0.23055555555555557 0.559375 0.20555555555555555 0.5484375 0.2 0.540625 0.18333333333333332
41 0.5301875 0.15408333333333332 0.08059374999999999 0.014388888888888889
5 0.378359375 0.24130555555555558 0.224640625 0.27058333333333334
68 0.079890625 0.19575 0.15496875000000002 0.2763055555555555
5 0.0059375 0.6179722222222223 0.01165625 0.16047222222222224
56 0.5125 0.4583333333333333 0.49375 0.4777777777777778 0.4828125 0.4722222222222222 0.471875 0.4888888888888889 0.478125 0.5083333333333333 0.48125 0.5944444444444444 0.4828125 0.5527777777777778 0.4953125 0.5444444444444444 0.503125 0.5555555555555556 0.50625 0.5472222222222223 0.5046875 0.5222222222222223 0.509375 0.5027777777777778 0.5 0.49166666666666664 0.521875 0.46944444444444444 0.5171875 0.4583333333333333
23 0.493828125 0.40858333333333335 0.0839375 0.01213888888888889
42 0.49524999999999997 0.39763888888888893 0.083390625 0.013500000000000002
24 0.659796875 0.31727777777777777 0.0671875 0.08586111111111111
84 0.787984375 0.6643333333333333 0.06609374999999999 0.10325000000000001
64 0.534125 0.16622222222222224 0.083859375 0.009444444444444445
91 0.8140625 0.06944444444444445 0.7984375 0.07777777777777778 0.790625 0.1 0.76875 0.26666666666666666 0.7828125 0.2972222222222222 0.825 0.3111111111111111 0.8375 0.30277777777777776 0.8390625 0.28888888888888886 0.8453125 0.2861111111111111 0.8484375 0.25833333333333336 0.8390625 0.24722222222222223 0.8390625 0.2111111111111111 0.84375 0.18055555555555555 0.85625 0.1527777777777778 0.8578125 0.125 0.8203125 0.12222222222222222 0.8140625 0.11388888888888889 0.796875 0.1361111111111111 0.796875 0.10277777777777777 0.815625 0.07222222222222222
29 0.12725 0.27016666666666667 0.015828125000000002 0.02694444444444444
94 0.11174999999999999 0.24847222222222223 0.024390625 0.042194444444444444
67 0.12889062499999998 0.2584444444444445 0.019125 0.034
30 0.140046875 0.23683333333333334 0.018546874999999997 0.03644444444444444
49 0.024390625 0.32408333333333333 0.02109375 0.029305555555555557
82 0.032640625 0.10491666666666667 0.0204375 0.034
66 0.0576875 0.09786111111111111 0.016484375000000002 0.036333333333333336
35 0.015625 0.07263888888888889 0.016828125 0.034194444444444444
1 0.030328125 0.08733333333333333 0.02109375 0.024611111111111108
83 0.031968750000000004 0.06916666666666667 0.0204375 0.02813888888888889
22 0.1514375 0.3183888888888889 0.014421875 0.034194444444444444