56 0.4890625 0.45555555555555555 0.48125 0.46944444444444444 0.4765625 0.5666666666666667 0.4859375 0.5777777777777777 0.4890625 0.5972222222222222 0.49375 0.5972222222222222 0.503125 0.5 0.5125 0.4888888888888889 0.5125 0.475 0.5171875 0.48055555555555557 0.521875 0.46944444444444444 0.515625 0.4666666666666667 0.5 0.48333333333333334 0.490625 0.45555555555555555
90 0.55625 0.11944444444444445 0.54375 0.12777777777777777 0.54375 0.28055555555555556 0.5625 0.26944444444444443 0.559375 0.2916666666666667 0.5375 0.325 0.546875 0.3611111111111111 0.571875 0.38055555555555554 0.5890625 0.38055555555555554 0.6109375 0.3611111111111111 0.6078125 0.35555555555555557 0.6140625 0.34444444444444444 0.6125 0.325 0.5984375 0.3 0.596875 0.25555555555555554 0.6046875 0.26666666666666666 0.6046875 0.2777777777777778 0.615625 0.2722222222222222 0.6109375 0.2388888888888889 0.6265625 0.18611111111111112 0.6265625 0.16111111111111112 0.6203125 0.14722222222222223 0.6265625 0.13055555555555556 0.609375 0.11944444444444445 0.6 0.12222222222222222 0.6078125 0.14722222222222223 0.5984375 0.16666666666666666 0.5875 0.125 0.5671875 0.14444444444444443 0.565625 0.11944444444444445
84 0.7390625 0.775 0.7109375 0.7916666666666666 0.7015625 0.8277777777777777 0.709375 0.875 0.728125 0.8944444444444445 0.759375 0.8805555555555555 0.7703125 0.8388888888888889 0.7625 0.7944444444444444 0.753125 0.7805555555555556 0.740625 0.7777777777777778
45 0.6453125 0.8027777777777778 0.628125 0.8194444444444444 0.625 0.8638888888888889 0.6375 0.8861111111111111 0.6546875 0.8888888888888888 0.66875 0.8722222222222222 0.6734375 0.8444444444444444 0.66875 0.8194444444444444 0.65 0.8027777777777778
68 0.084265625 0.19627777777777777 0.15809375 0.27175
29 0.01015625 0.33916666666666667 0.018 0.025805555555555554
66 0.009 0.32008333333333333 0.016843749999999998 0.02272222222222222
82 0.018 0.32266666666666666 0.009296875 0.032
49 0.033390625 0.32780555555555557 0.020328125 0.027888888888888887
23 0.495796875 0.41138888888888886 0.0834375 0.012083333333333333
42 0.496671875 0.3983611111111111 0.086828125 0.01136111111111111
22 0.152640625 0.32158333333333333 0.014421875 0.03205555555555555
35 0.011421875 0.06944444444444445 0.02284375 0.027777777777777776