56 0.5625 0.425 0.5609375 0.4361111111111111 0.5484375 0.4361111111111111 0.54375 0.4444444444444444 0.5390625 0.4388888888888889 0.5 0.4722222222222222 0.490625 0.46111111111111114 0.48125 0.4638888888888889 0.4671875 0.5333333333333333 0.465625 0.5722222222222222 0.471875 0.5694444444444444 0.475 0.5333333333333333 0.48125 0.5277777777777778 0.4859375 0.5777777777777777 0.490625 0.5833333333333334 0.4984375 0.55 0.5 0.49444444444444446 0.5265625 0.4583333333333333 0.5640625 0.44166666666666665 0.565625 0.425
5 0.3921875 0.36944444444444446 0.384375 0.38333333333333336 0.375 0.37777777777777777 0.3546875 0.4166666666666667 0.33125 0.4222222222222222 0.3296875 0.4361111111111111 0.325 0.42777777777777776 0.3234375 0.44166666666666665 0.3125 0.45555555555555555 0.30625 0.4527777777777778 0.303125 0.4666666666666667 0.278125 0.46944444444444444 0.2703125 0.4888888888888889 0.24375 0.5055555555555555 0.240625 0.5277777777777778 0.23125 0.5444444444444444 0.21875 0.5416666666666666 0.21875 0.5777777777777777 0.1953125 0.5944444444444444 0.1984375 0.6194444444444445 0.19375 0.65 0.1828125 0.6583333333333333 0.18125 0.6888888888888889 0.1859375 0.7166666666666667 0.1734375 0.7166666666666667 0.1734375 0.7388888888888889 0.1671875 0.7527777777777778 0.1578125 0.7472222222222222 0.1578125 0.7611111111111111 0.175 0.7611111111111111 0.1703125 0.775 0.1546875 0.7888888888888889 0.15625 0.8083333333333333 0.1859375 0.8361111111111111 0.215625 0.8416666666666667 0.21875 0.825 0.228125 0.8333333333333334 0.24375 0.8305555555555556 0.26875 0.8055555555555556 0.278125 0.8055555555555556 0.303125 0.7694444444444445 0.303125 0.725 0.334375 0.675 0.3375 0.6611111111111111 0.3484375 0.6583333333333333 0.3453125 0.65 0.2859375 0.6555555555555556 0.2796875 0.6444444444444445 0.2796875 0.6166666666666667 0.2875 0.6027777777777777 0.321875 0.5916666666666667 0.371875 0.6 0.4484375 0.5222222222222223 0.459375 0.4888888888888889 0.459375 0.43333333333333335 0.4515625 0.4222222222222222 0.4296875 0.4222222222222222 0.4234375 0.37777777777777777 0.39375 0.36944444444444446
31 0.3859375 0.6416666666666667 0.346875 0.6666666666666666 0.30625 0.7305555555555555 0.315625 0.7805555555555556 0.3296875 0.8055555555555556 0.3453125 0.8638888888888889 0.359375 0.8916666666666667 0.365625 0.8861111111111111 0.365625 0.7833333333333333 0.3859375 0.775 0.390625 0.725 0.4046875 0.7444444444444445 0.403125 0.7694444444444445 0.41875 0.7861111111111111 0.4328125 0.7888888888888889 0.4421875 0.775 0.440625 0.7361111111111112 0.434375 0.7416666666666667 0.43125 0.7277777777777777 0.4234375 0.7305555555555555 0.4109375 0.7194444444444444 0.41875 0.7 0.4046875 0.7 0.4015625 0.7083333333333334 0.3984375 0.6888888888888889 0.4078125 0.6638888888888889 0.3859375 0.6638888888888889 0.3828125 0.6555555555555556 0.3890625 0.6416666666666667
24 0.521875 0.5611111111111111 0.5234375 0.5777777777777777 0.4921875 0.6166666666666667 0.4984375 0.6444444444444445 0.5203125 0.6722222222222223 0.53125 0.6583333333333333 0.5453125 0.6583333333333333 0.5515625 0.65 0.55625 0.6277777777777778 0.5453125 0.6083333333333333 0.5515625 0.5972222222222222 0.559375 0.6055555555555555 0.565625 0.6305555555555555 0.571875 0.6222222222222222 0.56875 0.5916666666666667 0.55625 0.5722222222222222 0.53125 0.5611111111111111
24 0.58125 0.5111111111111111 0.5734375 0.5194444444444445 0.559375 0.5611111111111111 0.5625 0.5777777777777777 0.5703125 0.5861111111111111 0.5828125 0.5694444444444444 0.5953125 0.5722222222222222 0.603125 0.55 0.6046875 0.5361111111111111 0.5875 0.5111111111111111
24 0.6625 0.3888888888888889 0.65625 0.4111111111111111 0.6453125 0.41388888888888886 0.6453125 0.44166666666666665 0.6546875 0.45555555555555555 0.6734375 0.4583333333333333 0.6796875 0.41944444444444445 0.66875 0.4083333333333333 0.6671875 0.3888888888888889
25 0.690625 0.3638888888888889 0.6890625 0.375 0.6765625 0.3888888888888889 0.6828125 0.4083333333333333 0.6796875 0.4222222222222222 0.684375 0.42777777777777776 0.6953125 0.4222222222222222 0.7 0.40555555555555556 0.7078125 0.4222222222222222 0.7078125 0.4 0.7046875 0.39166666666666666 0.6984375 0.39444444444444443 0.6921875 0.3638888888888889
25 0.74375 0.28888888888888886 0.7359375 0.2972222222222222 0.715625 0.29444444444444445 0.725 0.34444444444444444 0.734375 0.3611111111111111 0.746875 0.3527777777777778 0.74375 0.2916666666666667
25 0.80625 0.19722222222222222 0.7828125 0.23055555555555557 0.771875 0.22777777777777777 0.7859375 0.275 0.7921875 0.26666666666666666 0.8234375 0.2638888888888889 0.8234375 0.24166666666666667 0.8328125 0.21666666666666667 0.8171875 0.19722222222222222
5 0.7234375 0.05555555555555555 0.66875 0.058333333333333334 0.6421875 0.08055555555555556 0.628125 0.11666666666666667 0.621875 0.15555555555555556 0.6109375 0.15833333333333333 0.6109375 0.19166666666666668 0.6203125 0.2111111111111111 0.6140625 0.21944444444444444 0.6203125 0.21944444444444444 0.6296875 0.24166666666666667 0.6578125 0.25277777777777777 0.684375 0.2388888888888889 0.696875 0.21944444444444444 0.721875 0.20555555555555555 0.7375 0.18611111111111112 0.7828125 0.16111111111111112 0.8015625 0.16111111111111112 0.8203125 0.12777777777777777 0.821875 0.1111111111111111 0.8140625 0.10555555555555556 0.8109375 0.09166666666666666 0.8171875 0.07222222222222222 0.809375 0.06111111111111111 0.725 0.05555555555555555
5 0.55625 0.19444444444444445 0.5515625 0.20277777777777778 0.54375 0.2 0.5359375 0.22777777777777777 0.528125 0.21944444444444444 0.5203125 0.25 0.5 0.28888888888888886 0.5046875 0.3388888888888889 0.5484375 0.37222222222222223 0.571875 0.3638888888888889 0.6015625 0.33055555555555555 0.6234375 0.26944444444444443 0.621875 0.25277777777777777 0.6125 0.24444444444444444 0.6125 0.225 0.59375 0.22777777777777777 0.584375 0.20833333333333334 0.5734375 0.21666666666666667 0.56875 0.20277777777777778 0.5609375 0.20277777777777778
85 0.78671875 0.6138888888888889 0.765625 0.6222222222222222 0.7546875 0.6527777777777778 0.7546875 0.6805555555555556 0.7609375 0.7027777777777777 0.7859375 0.7194444444444444 0.8046875 0.7055555555555556 0.8125 0.6777777777777778 0.8109375 0.6388888888888888 0.796875 0.6138888888888889
84 0.740625 0.7777777777777778 0.715625 0.7861111111111111 0.703125 0.8222222222222222 0.7078125 0.8666666666666667 0.7359375 0.8944444444444445 0.7578125 0.8694444444444445 0.7671875 0.8333333333333334 0.7609375 0.7916666666666666 0.7484375 0.7777777777777778
45 0.6453125 0.8027777777777778 0.628125 0.8222222222222222 0.625 0.8638888888888889 0.6375 0.8861111111111111 0.65625 0.8888888888888888 0.66875 0.8722222222222222 0.6734375 0.8444444444444444 0.6671875 0.8166666666666667 0.6515625 0.8027777777777778
64 0.34909375 0.6374722222222222 0.08785937499999999 0.01688888888888889
40 0.34790625 0.6237777777777778 0.08785937499999999 0.019
23 0.495140625 0.40844444444444444 0.08785937499999999 0.014777777777777779
42 0.493359375 0.3947222222222222 0.081921875 0.012666666666666666
68 0.08429687500000001 0.1931388888888889 0.159109375 0.28075
29 0.129421875 0.31566666666666665 0.017828125 0.03297222222222222
30 0.13870312499999998 0.2941111111111111 0.012125 0.022805555555555558
49 0.044921875 0.21297222222222223 0.01996875 0.027888888888888887
66 0.072375 0.1990277777777778 0.017828125 0.0355
67 0.093421875 0.19141666666666665 0.018546874999999997 0.030416666666666665
82 0.012125 0.10650000000000001 0.018546874999999997 0.022805555555555558
1 0.017828125 0.09316666666666666 0.01996875 0.02408333333333333
22 0.15384375 0.3194444444444444 0.02403125 0.036333333333333336
35 0.014421875 0.0705 0.019234375 0.034194444444444444