5 0.62178125 0.5946944444444444 0.129515625 0.2905833333333333
45 0.6524375 0.8523333333333333 0.044906249999999995 0.08077777777777777
5 0.234515625 0.2261388888888889 0.1370625 0.19544444444444445
84 0.74534375 0.8519444444444444 0.06754687499999999 0.1223611111111111
64 0.495109375 0.403 0.090015625 0.00975
42 0.4930625 0.38975 0.087125 0.014333333333333333
68 0.081203125 0.18702777777777777 0.16240625 0.2855
49 0.080921875 0.25127777777777777 0.021234375 0.035083333333333334
89 0.48215624999999995 0.5031666666666667 0.088953125 0.1753333333333333
14 0.30625 0.08611111111111111 0.2984375 0.1 0.271875 0.10555555555555556 0.2484375 0.13333333333333333 0.2796875 0.1527777777777778 0.296875 0.18888888888888888 0.309375 0.2722222222222222 0.3328125 0.2833333333333333 0.346875 0.30277777777777776 0.3625 0.28888888888888886 0.3515625 0.25833333333333336 0.353125 0.15833333333333333 0.359375 0.10555555555555556 0.31875 0.08611111111111111
19 0.9515625 0.6861111111111111 0.946875 0.6944444444444444 0.915625 0.6972222222222222 0.9109375 0.7111111111111111 0.9078125 0.7 0.909375 0.7111111111111111 0.9015625 0.7194444444444444 0.9015625 0.7305555555555555 0.9140625 0.7611111111111111 0.9125 0.7777777777777778 0.9078125 0.7805555555555556 0.9140625 0.7972222222222223 0.94375 0.8083333333333333 0.9671875 0.7861111111111111 0.975 0.7555555555555555 0.975 0.7222222222222222 0.9625 0.6861111111111111
64 0.9511875 0.6781944444444444 0.086640625 0.013666666666666667
41 0.9534375 0.6684444444444444 0.088921875 0.013666666666666667
85 0.796875 0.6138888888888889 0.7734375 0.625 0.7609375 0.6527777777777778 0.7609375 0.6861111111111111 0.7765625 0.7194444444444444 0.7984375 0.7222222222222222 0.809375 0.7111111111111111 0.825 0.7111111111111111 0.83125 0.6805555555555556 0.828125 0.65 0.80625 0.6138888888888889
94 0.05304687500000001 0.12919444444444445 0.017 0.027083333333333334
1 0.07459375 0.13191666666666668 0.017640625 0.03280555555555556
29 0.100515625 0.1083611111111111 0.015828125000000002 0.029166666666666667
50 0.096421875 0.08180555555555555 0.014656250000000001 0.03438888888888889
30 0.10579687499999998 0.08855555555555555 0.013484375000000002 0.020833333333333332
67 0.11576562500000001 0.1208611111111111 0.015828125000000002 0.029166666666666667