5 0.5515625 0.4388888888888889 0.5453125 0.46111111111111114 0.5390625 0.4583333333333333 0.5359375 0.4666666666666667 0.5328125 0.49722222222222223 0.5125 0.5055555555555555 0.50625 0.5222222222222223 0.490625 0.525 0.4828125 0.5527777777777778 0.478125 0.5472222222222223 0.4609375 0.5638888888888889 0.453125 0.5861111111111111 0.4546875 0.6138888888888889 0.4640625 0.6416666666666667 0.4953125 0.675 0.5 0.6916666666666667 0.528125 0.6805555555555556 0.5484375 0.7083333333333334 0.584375 0.5888888888888889 0.5890625 0.5527777777777778 0.6140625 0.5277777777777778 0.6234375 0.49722222222222223 0.61875 0.4861111111111111 0.5984375 0.49166666666666664 0.5875 0.4583333333333333 0.5671875 0.4583333333333333 0.55625 0.4388888888888889
5 0.371875 0.6888888888888889 0.3640625 0.7027777777777777 0.3453125 0.7 0.3390625 0.7194444444444444 0.3203125 0.7111111111111111 0.3140625 0.7305555555555555 0.290625 0.7305555555555555 0.2859375 0.7527777777777778 0.275 0.7555555555555555 0.2625 0.775 0.259375 0.8 0.25 0.8 0.2484375 0.7861111111111111 0.240625 0.7833333333333333 0.228125 0.8083333333333333 0.215625 0.7972222222222223 0.1875 0.8055555555555556 0.1765625 0.8194444444444444 0.178125 0.8416666666666667 0.1640625 0.8694444444444445 0.1375 0.875 0.13125 0.8972222222222223 0.11875 0.8944444444444445 0.1078125 0.8805555555555555 0.09375 0.8833333333333333 0.1046875 0.9055555555555556 0.0828125 0.9166666666666666 0.0859375 0.9388888888888889 0.090625 0.9472222222222222 0.3359375 0.95 0.359375 0.9222222222222223 0.403125 0.8972222222222223 0.4640625 0.8055555555555556 0.465625 0.7833333333333333 0.4546875 0.7555555555555555 0.4390625 0.7694444444444445 0.434375 0.7583333333333333 0.4265625 0.7583333333333333 0.425 0.7527777777777778 0.434375 0.7416666666666667 0.43125 0.7305555555555555 0.4234375 0.7333333333333333 0.425 0.7583333333333333 0.4140625 0.7805555555555556 0.403125 0.7333333333333333 0.4015625 0.7416666666666667 0.396875 0.7388888888888889 0.3953125 0.7111111111111111 0.3890625 0.7055555555555556 0.3875 0.6888888888888889 0.3796875 0.6888888888888889
5 0.759375 0.10833333333333334 0.75 0.13333333333333333 0.71875 0.14722222222222223 0.7015625 0.2 0.7046875 0.21944444444444444 0.7 0.2361111111111111 0.68125 0.25555555555555554 0.6734375 0.2861111111111111 0.6546875 0.28888888888888886 0.653125 0.3416666666666667 0.628125 0.35555555555555557 0.628125 0.39444444444444443 0.634375 0.425 0.6421875 0.45 0.6453125 0.4444444444444444 0.65625 0.45555555555555555 0.6578125 0.48055555555555557 0.675 0.4722222222222222 0.6890625 0.4361111111111111 0.725 0.4222222222222222 0.7796875 0.33611111111111114 0.809375 0.2611111111111111 0.8328125 0.22777777777777777 0.821875 0.20277777777777778 0.8078125 0.125 0.778125 0.13055555555555556 0.7640625 0.10833333333333334
85 0.7890625 0.6166666666666667 0.7734375 0.6277777777777778 0.7609375 0.6555555555555556 0.7640625 0.7 0.78125 0.7222222222222222 0.803125 0.7166666666666667 0.8203125 0.6777777777777778 0.8203125 0.6555555555555556 0.825 0.65 0.803125 0.6166666666666667
89 0.48125 0.4361111111111111 0.45625 0.49722222222222223 0.45625 0.5444444444444444 0.4609375 0.5611111111111111 0.4765625 0.5361111111111111 0.4859375 0.5388888888888889 0.490625 0.525 0.5046875 0.5194444444444445 0.5125 0.49444444444444446 0.5203125 0.49722222222222223 0.5265625 0.48333333333333334 0.5171875 0.46111111111111114 0.509375 0.4638888888888889 0.5015625 0.4444444444444444 0.4828125 0.4361111111111111
64 0.49626562500000004 0.4016388888888889 0.09271875 0.01213888888888889
42 0.4953125 0.3875 0.0875 0.019444444444444445
24 0.2484375 0.5944444444444444 0.2328125 0.6111111111111112 0.225 0.6027777777777777 0.1890625 0.6111111111111112 0.190625 0.6305555555555555 0.1828125 0.6444444444444445 0.1671875 0.6472222222222223 0.1515625 0.6333333333333333 0.1453125 0.6638888888888889 0.1609375 0.6722222222222223 0.1859375 0.725 0.221875 0.7166666666666667 0.23125 0.7055555555555556 0.234375 0.6805555555555556 0.2453125 0.6722222222222223 0.25 0.6444444444444445 0.240625 0.6194444444444445 0.2515625 0.5944444444444444
24 0.3359375 0.5138888888888888 0.3234375 0.5638888888888889 0.325 0.5888888888888889 0.33125 0.5944444444444444 0.3578125 0.575 0.359375 0.5361111111111111 0.346875 0.5138888888888888
25 0.4171875 0.4027777777777778 0.4109375 0.4083333333333333 0.4109375 0.44722222222222224 0.428125 0.4638888888888889 0.4390625 0.4638888888888889 0.44375 0.45555555555555555 0.4453125 0.4222222222222222 0.421875 0.4027777777777778
25 0.6375 0.15 0.6296875 0.1638888888888889 0.6109375 0.16111111111111112 0.590625 0.20277777777777778 0.5828125 0.19722222222222222 0.5859375 0.225 0.60625 0.25 0.6234375 0.24444444444444444 0.63125 0.23055555555555557 0.640625 0.18888888888888888 0.6390625 0.17222222222222222 0.6453125 0.1638888888888889 0.6390625 0.1527777777777778
87 0.58359375 0.4444444444444444 0.0734375 0.15555555555555556
41 0.60309375 0.3140833333333333 0.08690624999999999 0.02036111111111111
68 0.08690624999999999 0.18930555555555556 0.162359375 0.28352777777777777
22 0.15625 0.3141111111111111 0.014421875 0.029916666666666664
30 0.15423437499999998 0.29966666666666664 0.014328125 0.02886111111111111
29 0.145640625 0.30391666666666667 0.00859375 0.030555555555555555
45 0.65 0.8138888888888889 0.6375 0.8222222222222222 0.6296875 0.85 0.6359375 0.8861111111111111 0.65 0.8972222222222223 0.6640625 0.8916666666666667 0.675 0.8666666666666667 0.671875 0.8305555555555556 0.65625 0.8138888888888889
49 0.042499999999999996 0.18930555555555556 0.018140625 0.03225
66 0.077828125 0.19016666666666665 0.018140625 0.030555555555555555
67 0.09406250000000001 0.18080555555555555 0.018140625 0.03225
1 0.0200625 0.07980555555555556 0.01909375 0.04413888888888889
82 0.030078125 0.09847222222222222 0.010499999999999999 0.033944444444444444
2 0.040109375 0.09591666666666666 0.01909375 0.02886111111111111
35 0.017421875 0.0641111111111111 0.015625 0.034194444444444444
83 0.044890625 0.07216666666666667 0.021015625 0.02886111111111111