85 0.7931250000000001 0.6742222222222222 0.06953125 0.12094444444444444
86 0.88828125 0.5816666666666667 0.069578125 0.12022222222222223
5 0.368125 0.815861111111111 0.147640625 0.2783611111111111
84 0.744828125 0.8524999999999999 0.068703125 0.12413888888888888
45 0.653359375 0.853 0.043609375 0.08152777777777778
68 0.084640625 0.1871388888888889 0.160546875 0.2842222222222222
89 0.4734375 0.4166666666666667 0.4578125 0.425 0.4546875 0.46944444444444444 0.4375 0.4583333333333333 0.4328125 0.475 0.4515625 0.5333333333333333 0.459375 0.5361111111111111 0.471875 0.525 0.4671875 0.5611111111111111 0.4703125 0.5833333333333334 0.4984375 0.5861111111111111 0.50625 0.5944444444444444 0.5171875 0.5666666666666667 0.5140625 0.5361111111111111 0.5203125 0.5305555555555556 0.5046875 0.49444444444444446 0.5125 0.4777777777777778 0.5109375 0.4527777777777778 0.5171875 0.4361111111111111 0.503125 0.43333333333333335 0.49375 0.45 0.4875 0.4222222222222222 0.48125 0.4166666666666667
64 0.495046875 0.4066111111111111 0.08757812499999999 0.014638888888888887
42 0.49278125 0.38966666666666666 0.084984375 0.01411111111111111
29 0.06865625 0.2518611111111111 0.02325 0.03869444444444444
90 0.026171875 0.41388888888888886 0.05234375 0.17733333333333334
82 0.05525 0.14277777777777778 0.015296874999999998 0.034749999999999996
49 0.065453125 0.12919444444444445 0.017 0.03777777777777778
66 0.078625 0.13447222222222222 0.021249999999999998 0.03627777777777778
1 0.061625 0.09291666666666668 0.021249999999999998 0.03777777777777778
50 0.075921875 0.08266666666666667 0.019609375000000002 0.031