89 0.478125 0.4111111111111111 0.459375 0.41388888888888886 0.453125 0.4388888888888889 0.453125 0.45 0.4609375 0.4583333333333333 0.4578125 0.48333333333333334 0.465625 0.5166666666666667 0.4828125 0.5444444444444444 0.478125 0.55 0.478125 0.5666666666666667 0.4953125 0.55 0.496875 0.5277777777777778 0.509375 0.5111111111111111 0.5140625 0.48333333333333334 0.5140625 0.4666666666666667 0.5046875 0.4388888888888889 0.490625 0.4361111111111111 0.4859375 0.4111111111111111
26 0.41875 0.45 0.425 0.46944444444444444 0.4171875 0.4777777777777778 0.415625 0.5027777777777778 0.396875 0.5416666666666666 0.3796875 0.5555555555555556 0.3796875 0.5638888888888889 0.4015625 0.5583333333333333 0.40625 0.6 0.4140625 0.6 0.425 0.5694444444444444 0.4453125 0.5611111111111111 0.4640625 0.5194444444444445 0.459375 0.49444444444444446 0.4421875 0.4638888888888889 0.4265625 0.45
87 0.9453125 0.2916666666666667 0.9296875 0.3138888888888889 0.93125 0.3333333333333333 0.9359375 0.33611111111111114 0.9328125 0.34444444444444444 0.9234375 0.325 0.9203125 0.3277777777777778 0.915625 0.37777777777777777 0.9078125 0.3611111111111111 0.9125 0.35555555555555557 0.9125 0.3277777777777778 0.8984375 0.3277777777777778 0.8953125 0.33611111111111114 0.9078125 0.375 0.909375 0.38333333333333336 0.903125 0.39166666666666666 0.9109375 0.41944444444444445 0.89375 0.41944444444444445 0.8859375 0.4083333333333333 0.878125 0.41388888888888886 0.9 0.43333333333333335 0.9265625 0.4305555555555556 0.93125 0.44166666666666665 0.925 0.4527777777777778 0.9453125 0.4444444444444444 0.978125 0.4583333333333333 0.9875 0.4444444444444444 0.9984375 0.44166666666666665 0.9984375 0.4305555555555556 0.965625 0.43333333333333335 0.978125 0.425 0.9796875 0.3972222222222222 0.959375 0.39166666666666666 0.959375 0.375 0.965625 0.36666666666666664 0.9609375 0.3611111111111111 0.965625 0.3527777777777778 0.990625 0.39166666666666666 0.9984375 0.39444444444444443 0.9984375 0.35833333333333334 0.9875 0.3472222222222222 0.9671875 0.30277777777777776 0.9484375 0.2916666666666667
24 0.8953125 0.4388888888888889 0.8828125 0.46944444444444444 0.890625 0.4888888888888889 0.890625 0.5111111111111111 0.9078125 0.5222222222222223 0.9109375 0.5138888888888888 0.9234375 0.5194444444444445 0.9203125 0.45555555555555555 0.8984375 0.4388888888888889
24 0.9515625 0.6666666666666666 0.928125 0.675 0.9078125 0.7027777777777777 0.91875 0.7416666666666667 0.9328125 0.7638888888888888 0.95 0.7527777777777778 0.95 0.7416666666666667 0.9578125 0.7611111111111111 0.978125 0.6916666666666667 0.9765625 0.6666666666666666 0.953125 0.6694444444444444
24 0.9234375 0.8416666666666667 0.9203125 0.8555555555555555 0.925 0.8944444444444445 0.9 0.9 0.8875 0.9305555555555556 0.8890625 0.95 0.9125 0.9277777777777778 0.921875 0.9277777777777778 0.9375 0.9527777777777777 0.9984375 0.95 0.9984375 0.9305555555555556 0.9796875 0.9027777777777778 0.9578125 0.8861111111111111 0.95 0.8972222222222223 0.94375 0.8944444444444445 0.9375 0.8833333333333333 0.934375 0.8527777777777777 0.9265625 0.8416666666666667
84 0.740625 0.7888888888888889 0.721875 0.7972222222222223 0.7109375 0.8277777777777777 0.7125 0.8611111111111112 0.7296875 0.8888888888888888 0.7484375 0.8888888888888888 0.7640625 0.8694444444444445 0.76875 0.8527777777777777 0.765625 0.8055555555555556 0.7484375 0.7888888888888889
85 0.79375 0.6138888888888889 0.76875 0.625 0.7578125 0.6527777777777778 0.7625 0.6944444444444444 0.778125 0.7194444444444444 0.796875 0.7194444444444444 0.825 0.7027777777777777 0.821875 0.6833333333333333 0.8296875 0.675 0.828125 0.6527777777777778 0.8171875 0.625 0.8046875 0.6138888888888889
45 0.6515625 0.8138888888888889 0.640625 0.8166666666666667 0.6296875 0.8388888888888889 0.63125 0.8777777777777778 0.646875 0.8972222222222223 0.6609375 0.8944444444444445 0.6734375 0.875 0.659375 0.8138888888888889
5 0.5109375 0.125 0.4703125 0.14166666666666666 0.4453125 0.19444444444444445 0.4453125 0.25277777777777777 0.4546875 0.275 0.48125 0.26666666666666666 0.515625 0.29444444444444445 0.534375 0.2777777777777778 0.546875 0.21944444444444444 0.5609375 0.20833333333333334 0.5609375 0.19166666666666668 0.5390625 0.1388888888888889 0.5171875 0.125
5 0.3453125 0.8138888888888889 0.340625 0.8361111111111111 0.328125 0.825 0.325 0.8444444444444444 0.3140625 0.8444444444444444 0.2984375 0.8222222222222222 0.2953125 0.8472222222222222 0.2625 0.8722222222222222 0.234375 0.875 0.240625 0.8944444444444445 0.2328125 0.9138888888888889 0.215625 0.9277777777777778 0.2015625 0.9194444444444444 0.1875 0.9388888888888889 0.1875 0.9472222222222222 0.3046875 0.9527777777777777 0.3875 0.9444444444444444 0.3703125 0.9444444444444444 0.3546875 0.9333333333333333 0.359375 0.9222222222222223 0.3859375 0.9166666666666666 0.3734375 0.8722222222222222 0.371875 0.8277777777777777 0.346875 0.8166666666666667
91 0.8453125 0.06944444444444445 0.8453125 0.08333333333333333 0.8484375 0.07777777777777778 0.88125 0.14444444444444443 0.9015625 0.16111111111111112 0.9078125 0.17777777777777778 0.896875 0.18611111111111112 0.8828125 0.21666666666666667 0.8828125 0.26944444444444443 0.8765625 0.2916666666666667 0.8625 0.3055555555555556 0.8375 0.35555555555555557 0.8671875 0.3972222222222222 0.8828125 0.40555555555555556 0.9015625 0.4027777777777778 0.9046875 0.36944444444444446 0.89375 0.3333333333333333 0.9015625 0.3194444444444444 0.915625 0.325 0.921875 0.2833333333333333 0.9390625 0.25277777777777777 0.934375 0.21666666666666667 0.9171875 0.18888888888888888 0.9234375 0.18055555555555555 0.9359375 0.18611111111111112 0.9578125 0.15833333333333333 0.98125 0.15555555555555556 0.9984375 0.125 0.9984375 0.10277777777777777 0.98125 0.12777777777777777 0.9578125 0.13333333333333333 0.95 0.14722222222222223 0.940625 0.12777777777777777 0.8921875 0.11944444444444445 0.875 0.07777777777777778 0.846875 0.06944444444444445
41 0.969546875 0.24302777777777776 0.060171875 0.013138888888888891
64 0.48978124999999995 0.4053333333333333 0.0865625 0.007500000000000001
42 0.48978124999999995 0.39219444444444446 0.088671875 0.015000000000000001
68 0.0865625 0.1904722222222222 0.164671875 0.29086111111111107
29 0.14278125 0.2062222222222222 0.015515625 0.03725
30 0.15984375 0.20277777777777778 0.015515625 0.03311111111111111
82 0.08496875000000001 0.15105555555555555 0.01784375 0.0345
83 0.11678124999999999 0.14622222222222223 0.01940625 0.03311111111111111
1 0.05121875 0.061388888888888896 0.018625 0.03172222222222222
49 0.05121875 0.07380555555555555 0.015515625 0.028972222222222222
66 0.060906249999999995 0.08 0.011640625 0.035861111111111114
50 0.070609375 0.08552777777777777 0.015515625 0.03311111111111111