89 0.5078125 0.4111111111111111 0.4984375 0.4111111111111111 0.4984375 0.4305555555555556 0.490625 0.4444444444444444 0.46875 0.45555555555555555 0.4484375 0.49444444444444446 0.48125 0.49444444444444446 0.4765625 0.5388888888888889 0.4890625 0.6055555555555555 0.4953125 0.6 0.4953125 0.5666666666666667 0.521875 0.5638888888888889 0.534375 0.5277777777777778 0.5234375 0.4861111111111111 0.4984375 0.45 0.5015625 0.44166666666666665 0.515625 0.44722222222222224 0.5171875 0.4388888888888889 0.525 0.4388888888888889 0.5265625 0.4305555555555556 0.5171875 0.4111111111111111
45 0.6515625 0.8138888888888889 0.6375 0.8194444444444444 0.6296875 0.8416666666666667 0.63125 0.8777777777777778 0.646875 0.8972222222222223 0.6640625 0.8916666666666667 0.675 0.8666666666666667 0.6734375 0.8333333333333334 0.659375 0.8138888888888889
15 0.3078125 0.04722222222222222 0.25625 0.06111111111111111 0.2234375 0.10277777777777777 0.2125 0.1361111111111111 0.2328125 0.1527777777777778 0.2375 0.175 0.2109375 0.18055555555555555 0.209375 0.19722222222222222 0.2359375 0.19166666666666668 0.2453125 0.20555555555555555 0.2546875 0.20277777777777778 0.2640625 0.18888888888888888 0.253125 0.16944444444444445 0.2625 0.15 0.275 0.16666666666666666 0.2921875 0.16666666666666666 0.3140625 0.20833333333333334 0.334375 0.2111111111111111 0.34375 0.19444444444444445 0.334375 0.1388888888888889 0.3453125 0.13333333333333333 0.359375 0.14444444444444443 0.3671875 0.17222222222222222 0.390625 0.19444444444444445 0.39375 0.16666666666666666 0.38125 0.11944444444444445 0.35625 0.09722222222222222 0.3375 0.09722222222222222 0.325 0.11388888888888889 0.309375 0.04722222222222222
5 0.153125 0.625 0.1453125 0.6444444444444445 0.1265625 0.6388888888888888 0.1140625 0.65 0.1078125 0.6916666666666667 0.0984375 0.7111111111111111 0.090625 0.7138888888888889 0.090625 0.7472222222222222 0.1078125 0.8027777777777778 0.1296875 0.825 0.15625 0.8805555555555555 0.1671875 0.8916666666666667 0.1828125 0.8916666666666667 0.215625 0.8583333333333333 0.21875 0.8277777777777777 0.2546875 0.7527777777777778 0.25625 0.7166666666666667 0.253125 0.7 0.23125 0.6638888888888889 0.215625 0.675 0.203125 0.6472222222222223 0.1765625 0.6333333333333333 0.1640625 0.6388888888888888 0.1546875 0.625
5 0.70625 0.15 0.7 0.16111111111111112 0.684375 0.1638888888888889 0.6828125 0.19166666666666668 0.665625 0.22777777777777777 0.665625 0.26666666666666666 0.6859375 0.3055555555555556 0.715625 0.31666666666666665 0.7296875 0.28888888888888886 0.721875 0.2777777777777778 0.725 0.26666666666666666 0.7421875 0.24722222222222223 0.7703125 0.24722222222222223 0.775 0.2388888888888889 0.7765625 0.20833333333333334 0.771875 0.19444444444444445 0.7609375 0.18888888888888888 0.75625 0.1638888888888889 0.746875 0.15555555555555556 0.709375 0.15
68 0.0875 0.19166666666666668 0.1625 0.29444444444444445
29 0.13359375 0.20550000000000002 0.020890625 0.03713888888888889
66 0.087140625 0.07233333333333333 0.01584375 0.034583333333333334
1 0.094703125 0.06080555555555556 0.0165625 0.029444444444444443
82 0.107671875 0.07552777777777778 0.0165625 0.035861111111111114
67 0.11954687500000001 0.057611111111111106 0.020171875 0.025611111111111112