84 0.7421875 0.7888888888888889 0.7171875 0.8027777777777778 0.709375 0.8444444444444444 0.721875 0.8777777777777778 0.74375 0.8916666666666667 0.765625 0.8666666666666667 0.76875 0.8277777777777777 0.7734375 0.825 0.7671875 0.8055555555555556 0.7515625 0.7888888888888889
5 0.75 0.6972222222222222 0.725 0.7111111111111111 0.7046875 0.7083333333333334 0.703125 0.7638888888888888 0.7125 0.775 0.709375 0.7861111111111111 0.715625 0.7861111111111111 0.7171875 0.7944444444444444 0.7359375 0.7833333333333333 0.753125 0.7861111111111111 0.7765625 0.8027777777777778 0.7796875 0.825 0.7859375 0.825 0.78125 0.8138888888888889 0.7859375 0.8083333333333333 0.78125 0.8055555555555556 0.7859375 0.7916666666666666 0.78125 0.7888888888888889 0.7875 0.7861111111111111 0.778125 0.7666666666666667 0.765625 0.7583333333333333 0.7703125 0.7444444444444445 0.765625 0.7361111111111112 0.7796875 0.7305555555555555 0.7578125 0.6972222222222222
5 0.7078125 0.37222222222222223 0.7015625 0.38055555555555554 0.6890625 0.375 0.6734375 0.4083333333333333 0.6640625 0.4027777777777778 0.6546875 0.4305555555555556 0.6546875 0.5083333333333333 0.665625 0.5444444444444444 0.6671875 0.5972222222222222 0.675 0.6138888888888889 0.6765625 0.7166666666666667 0.690625 0.6861111111111111 0.71875 0.6583333333333333 0.7203125 0.6277777777777778 0.7359375 0.6 0.7578125 0.6 0.7671875 0.6222222222222222 0.8078125 0.6083333333333333 0.8015625 0.5611111111111111 0.7921875 0.5472222222222223 0.79375 0.5305555555555556 0.759375 0.4 0.746875 0.4 0.740625 0.38333333333333336 0.7234375 0.38333333333333336 0.7125 0.37222222222222223
5 0.053125 0.4361111111111111 0.0359375 0.45 0.0234375 0.45 0.015625 0.4583333333333333 0.0171875 0.4666666666666667 0 0.4527777777777778 0 0.6388888888888888 0.021875 0.6222222222222222 0.040625 0.5916666666666667 0.05 0.5916666666666667 0.08125 0.5527777777777778 0.0859375 0.5194444444444445 0.08125 0.45555555555555555 0.0765625 0.44166666666666665 0.0625 0.4361111111111111
89 0.4625 0.4111111111111111 0.453125 0.4222222222222222 0.45 0.44166666666666665 0.4484375 0.5 0.4625 0.5277777777777778 0.46875 0.5888888888888889 0.4859375 0.6 0.4921875 0.5694444444444444 0.5140625 0.5527777777777778 0.5140625 0.5388888888888889 0.5015625 0.5027777777777778 0.5203125 0.46111111111111114 0.5328125 0.4583333333333333 0.509375 0.45 0.5046875 0.4666666666666667 0.490625 0.4361111111111111 0.465625 0.4111111111111111
25 0.49375 0.21944444444444444 0.49375 0.23055555555555557 0.478125 0.25 0.478125 0.2611111111111111 0.484375 0.2611111111111111 0.490625 0.28055555555555556 0.5109375 0.2972222222222222 0.51875 0.28055555555555556 0.51875 0.2638888888888889 0.496875 0.21944444444444444
25 0.4890625 0.09722222222222222 0.4703125 0.11944444444444445 0.4859375 0.16111111111111112 0.496875 0.15833333333333333 0.5046875 0.13055555555555556 0.4921875 0.10277777777777777
91 0.575 0.04722222222222222 0.5671875 0.1 0.5453125 0.1111111111111111 0.5390625 0.1527777777777778 0.5484375 0.17222222222222222 0.5734375 0.18333333333333332 0.6109375 0.17777777777777778 0.6265625 0.1527777777777778 0.625 0.11666666666666667 0.6171875 0.10277777777777777 0.60625 0.1111111111111111 0.6015625 0.10277777777777777 0.5953125 0.05 0.578125 0.04722222222222222
85 0.79921875 0.6166666666666667 0.78125 0.6194444444444445 0.771875 0.6305555555555555 0.771875 0.6583333333333333 0.7625 0.6888888888888889 0.7796875 0.7194444444444444 0.8109375 0.7111111111111111 0.8296875 0.6722222222222223 0.825 0.6388888888888888 0.809375 0.6166666666666667
45 0.6515625 0.8166666666666667 0.640625 0.8194444444444444 0.6296875 0.8527777777777777 0.6328125 0.875 0.6453125 0.8916666666666667 0.659375 0.8916666666666667 0.671875 0.8722222222222222 0.659375 0.8166666666666667
64 0.49784375000000003 0.40399999999999997 0.088921875 0.015611111111111112
42 0.495109375 0.3913055555555556 0.08562499999999999 0.017555555555555557
68 0.08728125 0.19027777777777777 0.163578125 0.27908333333333335
29 0.1535625 0.2221111111111111 0.024296875000000002 0.033944444444444444
49 0.057265625 0.19124999999999998 0.024296875000000002 0.04011111111111111
1 0.039046874999999995 0.09408333333333332 0.013875000000000002 0.03702777777777778
66 0.059 0.08791666666666666 0.01909375 0.03086111111111111
2 0.06896875 0.06477777777777778 0.01821875 0.03086111111111111
82 0.07721875 0.13572222222222222 0.020828125 0.04011111111111111