89 0.309375 0.3055555555555556 0.309375 0.3138888888888889 0.2953125 0.3194444444444444 0.29375 0.3527777777777778 0.3015625 0.35555555555555557 0.3125 0.3333333333333333 0.31875 0.33611111111111114 0.31875 0.3527777777777778 0.28125 0.4027777777777778 0.284375 0.4305555555555556 0.2796875 0.45 0.2984375 0.45 0.321875 0.41388888888888886 0.321875 0.48055555555555557 0.328125 0.48055555555555557 0.334375 0.45555555555555555 0.340625 0.45 0.340625 0.4305555555555556 0.3546875 0.3888888888888889 0.371875 0.39166666666666666 0.3421875 0.34444444444444444 0.3421875 0.33611111111111114 0.321875 0.3277777777777778 0.3171875 0.31666666666666665 0.3203125 0.3055555555555556
5 0.8296875 0.4638888888888889 0.828125 0.48333333333333334 0.821875 0.48055555555555557 0.8171875 0.4888888888888889 0.8109375 0.5305555555555556 0.7875 0.5388888888888889 0.778125 0.5277777777777778 0.746875 0.5694444444444444 0.7375 0.5694444444444444 0.7265625 0.6 0.721875 0.6416666666666667 0.7015625 0.6805555555555556 0.7203125 0.7416666666666667 0.7390625 0.7666666666666667 0.778125 0.7972222222222223 0.7859375 0.8222222222222222 0.803125 0.7861111111111111 0.8265625 0.7888888888888889 0.828125 0.7666666666666667 0.840625 0.7444444444444445 0.8375 0.7194444444444444 0.8421875 0.7138888888888889 0.84375 0.6888888888888889 0.85625 0.6833333333333333 0.8578125 0.6583333333333333 0.8671875 0.6361111111111111 0.85 0.5861111111111111 0.84375 0.5805555555555556 0.8484375 0.5722222222222222 0.84375 0.5694444444444444 0.840625 0.5444444444444444 0.821875 0.5388888888888889 0.8265625 0.5277777777777778 0.81875 0.5083333333333333 0.8265625 0.5 0.8203125 0.49444444444444446 0.8296875 0.48055555555555557
87 0.7484375 0.40555555555555556 0.7203125 0.4361111111111111 0.70625 0.43333333333333335 0.7015625 0.45555555555555555 0.7015625 0.5027777777777778 0.7234375 0.49444444444444446 0.725 0.46944444444444444 0.7359375 0.4666666666666667 0.7609375 0.5 0.7625 0.5333333333333333 0.778125 0.5194444444444445 0.7890625 0.5388888888888889 0.8109375 0.5388888888888889 0.8140625 0.5583333333333333 0.825 0.5472222222222223 0.83125 0.4777777777777778 0.8296875 0.44166666666666665 0.8234375 0.45 0.8171875 0.5 0.809375 0.5111111111111111 0.803125 0.49166666666666664 0.8109375 0.44166666666666665 0.7984375 0.45555555555555555 0.790625 0.425 0.7796875 0.41388888888888886 0.7734375 0.4361111111111111 0.7515625 0.4638888888888889 0.7515625 0.40555555555555556
5 0.9921875 0.17222222222222222 0.98125 0.19722222222222222 0.95625 0.18888888888888888 0.9328125 0.19444444444444445 0.9234375 0.20833333333333334 0.915625 0.20555555555555555 0.90625 0.25277777777777777 0.9109375 0.2777777777777778 0.9078125 0.3138888888888889 0.8921875 0.35 0.8765625 0.35555555555555557 0.8828125 0.38333333333333336 0.878125 0.4083333333333333 0.8640625 0.4305555555555556 0.8640625 0.4861111111111111 0.8765625 0.5194444444444445 0.8953125 0.5166666666666667 0.91875 0.5722222222222222 0.9390625 0.5166666666666667 0.965625 0.5 0.965625 0.4888888888888889 0.9984375 0.4361111111111111 0.9984375 0.17222222222222222
5 0.665625 0.7555555555555555 0.6421875 0.7916666666666666 0.61875 0.7805555555555556 0.625 0.7916666666666666 0.6171875 0.8027777777777778 0.6140625 0.7888888888888889 0.609375 0.7972222222222223 0.6125 0.8083333333333333 0.58125 0.8111111111111111 0.5625 0.8222222222222222 0.55625 0.8361111111111111 0.55625 0.8722222222222222 0.5328125 0.8944444444444445 0.525 0.8916666666666667 0.5234375 0.9055555555555556 0.496875 0.9083333333333333 0.478125 0.9305555555555556 0.4640625 0.925 0.45625 0.9333333333333333 0.465625 0.9472222222222222 0.4796875 0.95 0.7484375 0.9472222222222222 0.7640625 0.9166666666666666 0.7640625 0.8861111111111111 0.728125 0.8916666666666667 0.7203125 0.8833333333333333 0.709375 0.8611111111111112 0.7078125 0.8333333333333334 0.7140625 0.8027777777777778 0.725 0.7888888888888889 0.7109375 0.7944444444444444 0.70625 0.7777777777777778 0.703125 0.7888888888888889 0.69375 0.7777777777777778 0.68125 0.7944444444444444 0.6796875 0.7694444444444445 0.6734375 0.7555555555555555
5 0.1734375 0.09722222222222222 0.16875 0.14166666666666666 0.171875 0.2111111111111111 0.184375 0.20833333333333334 0.25 0.23333333333333334 0.2859375 0.2722222222222222 0.309375 0.26944444444444443 0.3125 0.26666666666666666 0.2984375 0.26666666666666666 0.2953125 0.25555555555555554 0.3109375 0.25 0.3375 0.25 0.346875 0.2611111111111111 0.334375 0.26666666666666666 0.371875 0.2722222222222222 0.378125 0.2611111111111111 0.378125 0.24722222222222223 0.359375 0.2222222222222222 0.359375 0.2 0.340625 0.17777777777777778 0.303125 0.1527777777777778 0.29375 0.13333333333333333 0.2625 0.13333333333333333 0.246875 0.12777777777777777 0.2359375 0.1111111111111111 0.228125 0.11666666666666667 0.2140625 0.10277777777777777 0.2046875 0.10555555555555556 0.2015625 0.09722222222222222 0.175 0.09722222222222222
64 0.32734375 0.2986111111111111 0.0890625 0.013888888888888888
42 0.3265625 0.2861111111111111 0.08125 0.016666666666666666
25 0.7515625 0.35 0.7421875 0.3638888888888889 0.753125 0.375 0.753125 0.3861111111111111 0.7671875 0.38055555555555554 0.7671875 0.35833333333333334 0.753125 0.3527777777777778
41 0.79296875 0.3347222222222222 0.0890625 0.019444444444444445
24 0.49375 0.6888888888888889 0.48125 0.7111111111111111 0.4671875 0.6944444444444444 0.446875 0.6972222222222222 0.4453125 0.7194444444444444 0.43125 0.7416666666666667 0.4234375 0.7444444444444445 0.4109375 0.7333333333333333 0.403125 0.7444444444444445 0.4015625 0.7638888888888888 0.4421875 0.8277777777777777 0.4578125 0.8166666666666667 0.4765625 0.8166666666666667 0.484375 0.7888888888888889 0.4828125 0.7694444444444445 0.475 0.7583333333333333 0.478125 0.7472222222222222 0.4875 0.75 0.4953125 0.7777777777777778 0.5 0.7777777777777778 0.5 0.7361111111111112 0.4890625 0.7222222222222222 0.4890625 0.7083333333333334 0.496875 0.7027777777777777 0.4984375 0.6888888888888889
24 0.553125 0.6805555555555556 0.55 0.7055555555555556 0.5421875 0.7194444444444444 0.5359375 0.7194444444444444 0.5265625 0.7 0.5078125 0.7111111111111111 0.5015625 0.7361111111111112 0.503125 0.775 0.521875 0.7805555555555556 0.528125 0.7555555555555555 0.5640625 0.7027777777777777 0.5578125 0.6805555555555556
25 0.6671875 0.5083333333333333 0.6546875 0.5222222222222223 0.65625 0.5361111111111111 0.665625 0.5472222222222223 0.6734375 0.5472222222222223 0.6875 0.5277777777777778 0.6796875 0.5083333333333333
24 0.66875 0.45 0.646875 0.48333333333333334 0.659375 0.5083333333333333 0.684375 0.49444444444444446 0.678125 0.4527777777777778 0.6703125 0.45
25 0.815625 0.20277777777777778 0.790625 0.25277777777777777 0.778125 0.25277777777777777 0.7796875 0.26944444444444443 0.7984375 0.29444444444444445 0.825 0.2972222222222222 0.83125 0.28888888888888886 0.8328125 0.25833333333333336 0.840625 0.2388888888888889 0.8390625 0.2222222222222222 0.8453125 0.21944444444444444 0.8453125 0.2111111111111111 0.828125 0.21666666666666667 0.8203125 0.20277777777777778
25 0.7625 0.2861111111111111 0.75 0.325 0.7671875 0.32222222222222224 0.7703125 0.2916666666666667 0.765625 0.2861111111111111
84 0.746875 0.7861111111111111 0.725 0.7888888888888889 0.7109375 0.8166666666666667 0.7109375 0.8638888888888889 0.73125 0.8916666666666667 0.753125 0.8861111111111111 0.7671875 0.8583333333333333 0.765625 0.8055555555555556 0.7546875 0.7861111111111111
45 0.653125 0.8138888888888889 0.6375 0.8222222222222222 0.6296875 0.8416666666666667 0.63125 0.8777777777777778 0.6453125 0.8944444444444445 0.665625 0.8888888888888888 0.675 0.8638888888888889 0.671875 0.8305555555555556 0.6546875 0.8138888888888889
68 0.085703125 0.19116666666666665 0.16290625 0.2876944444444444
1 0.02715625 0.09747222222222224 0.022359375 0.02838888888888889
82 0.079859375 0.27255555555555555 0.023421875 0.037861111111111116
49 0.081984375 0.25175 0.01703125 0.018916666666666665
66 0.074 0.19591666666666668 0.01596875 0.03597222222222222
67 0.0905 0.20630555555555555 0.01703125 0.03027777777777778
29 0.13468750000000002 0.29244444444444445 0.01809375 0.03216666666666667
22 0.155046875 0.3119722222222222 0.014421875 0.029916666666666664
30 0.15171874999999999 0.30380555555555555 0.01809375 0.03597222222222222
35 0.017421875 0.06197222222222222 0.0204375 0.029916666666666664