89 0.47890625 0.4980833333333333 0.094375 0.16958333333333334
85 0.793109375 0.6769166666666666 0.070421875 0.1228611111111111
45 0.653234375 0.8528611111111111 0.042312499999999996 0.07891666666666666
84 0.7440781249999999 0.8524999999999999 0.0679375 0.12494444444444444
68 0.08256250000000001 0.18794444444444444 0.165109375 0.28525
64 0.49545312499999994 0.4028333333333334 0.08642187500000001 0.01025
42 0.49545312499999994 0.39005555555555554 0.08642187500000001 0.015361111111111112
75 0.309375 0.058333333333333334 0.3046875 0.07222222222222222 0.3078125 0.09166666666666666 0.296875 0.08055555555555556 0.290625 0.08333333333333333 0.28125 0.11666666666666667 0.265625 0.14166666666666666 0.2453125 0.19722222222222222 0.240625 0.2777777777777778 0.2234375 0.3055555555555556 0.23125 0.3388888888888889 0.2234375 0.3527777777777778 0.225 0.3638888888888889 0.21875 0.37777777777777777 0.221875 0.3888888888888889 0.246875 0.41944444444444445 0.2703125 0.4083333333333333 0.278125 0.41944444444444445 0.2828125 0.40555555555555556 0.290625 0.40555555555555556 0.3125 0.4111111111111111 0.321875 0.425 0.3484375 0.425 0.3515625 0.4222222222222222 0.3453125 0.4222222222222222 0.34375 0.4111111111111111 0.3828125 0.4111111111111111 0.3828125 0.3972222222222222 0.4078125 0.3861111111111111 0.43125 0.3888888888888889 0.4265625 0.4027777777777778 0.4359375 0.41388888888888886 0.4359375 0.39166666666666666 0.4421875 0.3861111111111111 0.4359375 0.375 0.41875 0.38333333333333336 0.4171875 0.36666666666666664 0.43125 0.35833333333333334 0.44375 0.3638888888888889 0.4578125 0.33611111111111114 0.4578125 0.29444444444444445 0.4453125 0.2777777777777778 0.44375 0.24166666666666667 0.4265625 0.23055555555555557 0.4125 0.16666666666666666 0.3796875 0.11388888888888889 0.3625 0.1 0.34375 0.09722222222222222 0.34375 0.14444444444444443 0.3359375 0.14444444444444443 0.3265625 0.125 0.3265625 0.1 0.3109375 0.058333333333333334
82 0.007203125 0.3268888888888889 0.01440625 0.042666666666666665
29 0.028328125 0.3183611111111111 0.016328125 0.029027777777777777
49 0.09025 0.15022222222222223 0.015359375 0.030722222222222224
66 0.108984375 0.14766666666666667 0.02015625 0.035833333333333335
67 0.1141875 0.12258333333333334 0.018234375 0.03241666666666666
1 0.10579687499999998 0.08497222222222223 0.017515625 0.03241666666666666