85 0.79375 0.6138888888888889 0.775 0.6222222222222222 0.7609375 0.6555555555555556 0.765625 0.7027777777777777 0.78125 0.7222222222222222 0.79375 0.725 0.809375 0.7111111111111111 0.81875 0.7166666666666667 0.821875 0.7055555555555556 0.8171875 0.7 0.8296875 0.675 0.825 0.6361111111111111 0.80625 0.6138888888888889
84 0.74140625 0.7861111111111111 0.725 0.7888888888888889 0.7125 0.8083333333333333 0.7078125 0.8472222222222222 0.7171875 0.8805555555555555 0.7421875 0.8944444444444445 0.759375 0.8805555555555555 0.76875 0.85 0.7671875 0.8166666666666667 0.7515625 0.7861111111111111
45 0.65234375 0.8166666666666667 0.634375 0.825 0.6296875 0.8444444444444444 0.63125 0.875 0.64375 0.8944444444444445 0.659375 0.8944444444444445 0.6734375 0.8722222222222222 0.675 0.8444444444444444 0.6625 0.8166666666666667
24 0.4234375 0.6972222222222222 0.415625 0.7055555555555556 0.409375 0.7333333333333333 0.3953125 0.7277777777777777 0.375 0.7444444444444445 0.371875 0.7611111111111111 0.3796875 0.7583333333333333 0.384375 0.7666666666666667 0.3765625 0.7972222222222223 0.3640625 0.8055555555555556 0.3625 0.8166666666666667 0.3796875 0.8527777777777777 0.4046875 0.8638888888888889 0.4421875 0.8527777777777777 0.4421875 0.8277777777777777 0.4359375 0.8166666666666667 0.4484375 0.7861111111111111 0.4484375 0.7666666666666667 0.4375 0.7416666666666667 0.4234375 0.7361111111111112 0.4265625 0.7027777777777777
24 0.3171875 0.7472222222222222 0.30625 0.7555555555555555 0.2984375 0.8055555555555556 0.3 0.825 0.309375 0.8388888888888889 0.3171875 0.8166666666666667 0.3328125 0.8222222222222222 0.3453125 0.7833333333333333 0.3328125 0.7805555555555556 0.3296875 0.7555555555555555 0.3234375 0.7472222222222222
91 0.3953125 0.3277777777777778 0.3875 0.33611111111111114 0.3875 0.37222222222222223 0.4046875 0.4083333333333333 0.4015625 0.43333333333333335 0.4203125 0.4305555555555556 0.4171875 0.4527777777777778 0.428125 0.46111111111111114 0.4140625 0.48055555555555557 0.4296875 0.575 0.415625 0.5972222222222222 0.4078125 0.5916666666666667 0.403125 0.6111111111111112 0.409375 0.6166666666666667 0.4109375 0.6611111111111111 0.4390625 0.7055555555555556 0.4625 0.7055555555555556 0.4921875 0.6611111111111111 0.4984375 0.6166666666666667 0.496875 0.6027777777777777 0.4796875 0.5833333333333334 0.4796875 0.5166666666666667 0.484375 0.4888888888888889 0.475 0.4666666666666667 0.50625 0.44166666666666665 0.5484375 0.45555555555555555 0.553125 0.44722222222222224 0.515625 0.4083333333333333 0.475 0.4222222222222222 0.446875 0.4083333333333333 0.4390625 0.41944444444444445 0.434375 0.4083333333333333 0.4359375 0.375 0.44375 0.37222222222222223 0.4234375 0.36944444444444446 0.4078125 0.3527777777777778 0.403125 0.33055555555555555 0.396875 0.33055555555555555
89 0.546875 0.41944444444444445 0.5421875 0.43333333333333335 0.55 0.4444444444444444 0.5484375 0.4527777777777778 0.525 0.45 0.5171875 0.4638888888888889 0.4859375 0.4638888888888889 0.48125 0.5166666666666667 0.4953125 0.5861111111111111 0.5015625 0.5694444444444444 0.509375 0.5805555555555556 0.5234375 0.5777777777777777 0.5328125 0.5388888888888889 0.5578125 0.5194444444444445 0.546875 0.5083333333333333 0.5234375 0.5083333333333333 0.5625 0.4527777777777778 0.5625 0.4388888888888889 0.5515625 0.41944444444444445
64 0.49653125 0.40341666666666665 0.0904375 0.010527777777777778
42 0.4953125 0.3902777777777778 0.09375 0.019444444444444445
68 0.085359375 0.19233333333333333 0.162265625 0.28547222222222224
1 0.013093750000000001 0.12922222222222224 0.0228125 0.036055555555555556
66 0.08832812500000001 0.17805555555555555 0.01775 0.03755555555555556
49 0.10903125 0.18555555555555556 0.01859375 0.03155555555555555
29 0.16015625 0.25166666666666665 0.01775 0.03755555555555556
82 0.089171875 0.09241666666666667 0.021124999999999998 0.034555555555555555
83 0.08875 0.06836111111111111 0.01859375 0.03155555555555555