89 0.5 0.4083333333333333 0.4890625 0.41388888888888886 0.4890625 0.4444444444444444 0.484375 0.4527777777777778 0.4515625 0.4527777777777778 0.453125 0.4638888888888889 0.44375 0.48333333333333334 0.44375 0.49166666666666664 0.46875 0.4888888888888889 0.4734375 0.49722222222222223 0.4703125 0.5277777777777778 0.4828125 0.5638888888888889 0.5015625 0.5666666666666667 0.5046875 0.5472222222222223 0.5 0.525 0.509375 0.5027777777777778 0.5140625 0.5111111111111111 0.5125 0.5527777777777778 0.5203125 0.5527777777777778 0.5265625 0.5416666666666666 0.53125 0.5166666666666667 0.528125 0.4666666666666667 0.4953125 0.4527777777777778 0.5109375 0.4305555555555556 0.5109375 0.41388888888888886 0.5046875 0.4083333333333333
89 0.671875 0.5916666666666667 0.65 0.6222222222222222 0.6421875 0.6527777777777778 0.6265625 0.6222222222222222 0.6140625 0.6416666666666667 0.603125 0.6416666666666667 0.6015625 0.6722222222222223 0.5890625 0.6833333333333333 0.5828125 0.7333333333333333 0.5921875 0.7305555555555555 0.6015625 0.7527777777777778 0.6 0.7972222222222223 0.609375 0.8138888888888889 0.6109375 0.8472222222222222 0.6203125 0.8694444444444445 0.61875 0.8777777777777778 0.621875 0.8805555555555555 0.625 0.8416666666666667 0.6359375 0.8194444444444444 0.6421875 0.8111111111111111 0.659375 0.8111111111111111 0.6796875 0.8444444444444444 0.6796875 0.8666666666666667 0.671875 0.8833333333333333 0.6859375 0.9 0.7 0.8583333333333333 0.71875 0.7527777777777778 0.73125 0.7194444444444444 0.7484375 0.7 0.7546875 0.6638888888888889 0.7453125 0.6444444444444445 0.7203125 0.6444444444444445 0.709375 0.6083333333333333 0.6875 0.6222222222222222 0.6796875 0.5916666666666667
89 0.875 0.2 0.8671875 0.20277777777777778 0.85625 0.22777777777777777 0.821875 0.24722222222222223 0.809375 0.3 0.815625 0.34444444444444444 0.8 0.3611111111111111 0.7859375 0.3972222222222222 0.7671875 0.4111111111111111 0.771875 0.43333333333333335 0.76875 0.45 0.7484375 0.48333333333333334 0.75 0.55 0.7625 0.575 0.775 0.5777777777777777 0.7875 0.6083333333333333 0.8109375 0.6083333333333333 0.821875 0.5833333333333334 0.8484375 0.5694444444444444 0.8578125 0.5416666666666666 0.878125 0.5194444444444445 0.9046875 0.4666666666666667 0.934375 0.38055555555555554 0.95 0.35555555555555557 0.94375 0.31666666666666665 0.9375 0.30833333333333335 0.9328125 0.25 0.9109375 0.21388888888888888 0.8875 0.21666666666666667 0.8765625 0.2
89 0.175 0.19444444444444445 0.16875 0.21388888888888888 0.1734375 0.2611111111111111 0.1671875 0.275 0.1640625 0.33055555555555555 0.1875 0.3888888888888889 0.2328125 0.4027777777777778 0.259375 0.36666666666666664 0.2625 0.2916666666666667 0.2484375 0.275 0.246875 0.24444444444444444 0.240625 0.23333333333333334 0.2171875 0.21944444444444444 0.2046875 0.2 0.1828125 0.19444444444444445
84 0.7390625 0.7861111111111111 0.721875 0.7916666666666666 0.709375 0.8305555555555556 0.7140625 0.8694444444444445 0.7359375 0.8916666666666667 0.759375 0.8777777777777778 0.7703125 0.85 0.7640625 0.8027777777777778 0.7484375 0.7861111111111111
45 0.6453125 0.8138888888888889 0.634375 0.825 0.628125 0.8638888888888889 0.6296875 0.875 0.646875 0.8972222222222223 0.6625 0.8916666666666667 0.675 0.8666666666666667 0.6734375 0.8333333333333334 0.659375 0.8138888888888889
64 0.49453125 0.4053888888888889 0.09009375 0.013333333333333332
42 0.49453125 0.39194444444444443 0.0890625 0.015000000000000001
68 0.086015625 0.1885 0.16203125000000002 0.28694444444444445
1 0.012 0.12738888888888888 0.021249999999999998 0.032916666666666664
83 0.010624999999999999 0.09691666666666666 0.021249999999999998 0.030472222222222223
82 0.040109375 0.1286111111111111 0.018515625 0.032916666666666664
49 0.05828124999999999 0.18894444444444444 0.020578125 0.034138888888888885
66 0.076796875 0.15969444444444444 0.017828125 0.03169444444444444
67 0.08742187500000001 0.1413888888888889 0.022625 0.036583333333333336
29 0.144671875 0.29744444444444446 0.0219375 0.036583333333333336
22 0.15865625 0.3119722222222222 0.014421875 0.03847222222222222
35 0.015625 0.06197222222222222 0.016828125 0.029916666666666664