25 0.6 0.5972222222222222 0.5953125 0.6 0.6015625 0.6277777777777778 0.596875 0.6361111111111111 0.5875 0.6388888888888888 0.584375 0.6222222222222222 0.575 0.6277777777777778 0.575 0.6555555555555556 0.584375 0.6861111111111111 0.58125 0.7277777777777777 0.5984375 0.7444444444444445 0.6046875 0.7666666666666667 0.640625 0.7611111111111111 0.640625 0.7444444444444445 0.6515625 0.7222222222222222 0.653125 0.7027777777777777 0.6359375 0.7222222222222222 0.634375 0.6833333333333333 0.609375 0.6305555555555555 0.6125 0.5972222222222222
91 0.6317708333333333 0.04722222222222222 0.6140625 0.04722222222222222 0.6109375 0.058333333333333334 0.63125 0.06944444444444445 0.65625 0.11388888888888889 0.6875 0.1361111111111111 0.6953125 0.15 0.6921875 0.17222222222222222 0.684375 0.16111111111111112 0.671875 0.18611111111111112 0.65625 0.18611111111111112 0.65625 0.20277777777777778 0.675 0.25 0.675 0.2972222222222222 0.6671875 0.3277777777777778 0.659375 0.33611111111111114 0.6796875 0.37222222222222223 0.6953125 0.375 0.7140625 0.35 0.721875 0.2611111111111111 0.7390625 0.19722222222222222 0.7359375 0.18888888888888888 0.71875 0.2222222222222222 0.7125 0.18055555555555555 0.7140625 0.15833333333333333 0.728125 0.13333333333333333 0.7546875 0.11388888888888889 0.7640625 0.08611111111111111 0.7875 0.05277777777777778 0.7578125 0.05277777777777778 0.7390625 0.09444444444444444 0.725 0.1 0.71875 0.09444444444444444 0.715625 0.075 0.7 0.07222222222222222 0.7 0.09722222222222222 0.6875 0.1111111111111111 0.684375 0.1 0.6671875 0.09166666666666666 0.640625 0.04722222222222222
45 0.653125 0.8166666666666667 0.6375 0.8222222222222222 0.63125 0.8388888888888889 0.63125 0.8694444444444445 0.6453125 0.8916666666666667 0.6609375 0.8916666666666667 0.6734375 0.8666666666666667 0.6703125 0.825 0.6625 0.8166666666666667
84 0.7463541666666667 0.7861111111111111 0.721875 0.7916666666666666 0.709375 0.8222222222222222 0.7109375 0.8638888888888889 0.73125 0.8916666666666667 0.7546875 0.8833333333333333 0.76875 0.85 0.765625 0.7972222222222223 0.7546875 0.7861111111111111
85 0.7921875 0.6138888888888889 0.7703125 0.6277777777777778 0.759375 0.6611111111111111 0.7625 0.6944444444444444 0.76875 0.7138888888888889 0.7796875 0.725 0.8 0.725 0.809375 0.7138888888888889 0.8171875 0.7194444444444444 0.8234375 0.6583333333333333 0.8171875 0.625 0.80625 0.6138888888888889
5 0.8203125 0.7638888888888888 0.8078125 0.7861111111111111 0.78125 0.7916666666666666 0.7765625 0.8111111111111111 0.7796875 0.8722222222222222 0.765625 0.9333333333333333 0.7546875 0.9388888888888889 0.7546875 0.9472222222222222 0.86875 0.9444444444444444 0.8734375 0.9305555555555556 0.86875 0.9111111111111111 0.8203125 0.8416666666666667 0.8328125 0.7944444444444444 0.8296875 0.7638888888888888
40 0.63046875 0.8111111111111111 0.0828125 0.022222222222222223
68 0.0859375 0.18888888888888888 0.159375 0.28888888888888886
22 0.155046875 0.31516666666666665 0.019234375 0.04061111111111111
66 0.15517187500000001 0.2842777777777778 0.0206875 0.029111111111111112
29 0.046125 0.32105555555555554 0.02328125 0.03219444444444444
1 0.025859375 0.08427777777777777 0.0206875 0.03372222222222222
49 0.033187499999999995 0.09883333333333333 0.011203125 0.029111111111111112
82 0.038796874999999995 0.11263888888888889 0.015515625 0.026055555555555557
50 0.046125 0.10038888888888889 0.02328125 0.03219444444444444
35 0.017421875 0.06302777777777778 0.02284375 0.036333333333333336