89 0.4859375 0.44166666666666665 0.471875 0.45 0.4609375 0.4861111111111111 0.45 0.48055555555555557 0.446875 0.5194444444444445 0.45 0.5388888888888889 0.4578125 0.5416666666666666 0.453125 0.5388888888888889 0.45625 0.5194444444444445 0.4703125 0.49722222222222223 0.471875 0.5305555555555556 0.490625 0.575 0.4921875 0.5944444444444444 0.5 0.5972222222222222 0.503125 0.5361111111111111 0.525 0.5277777777777778 0.528125 0.5083333333333333 0.5171875 0.4777777777777778 0.5171875 0.45555555555555555 0.503125 0.4583333333333333 0.4875 0.4444444444444444
5 0.996875 0.20833333333333334 0.9890625 0.22777777777777777 0.9875 0.25 0.9703125 0.2916666666666667 0.965625 0.28055555555555556 0.95 0.2833333333333333 0.9546875 0.30277777777777776 0.959375 0.3 0.9578125 0.3333333333333333 0.9359375 0.38333333333333336 0.925 0.38333333333333336 0.9296875 0.41388888888888886 0.915625 0.44722222222222224 0.9109375 0.4777777777777778 0.9125 0.5222222222222223 0.921875 0.5361111111111111 0.9234375 0.55 0.9421875 0.5638888888888889 0.9703125 0.6055555555555555 0.9875 0.5583333333333333 0.9984375 0.5444444444444444 0.9984375 0.20833333333333334
5 0.8421875 0.5666666666666667 0.8265625 0.6083333333333333 0.8125 0.5944444444444444 0.8015625 0.6055555555555555 0.8015625 0.6166666666666667 0.80625 0.6138888888888889 0.809375 0.625 0.815625 0.6222222222222222 0.825 0.6361111111111111 0.83125 0.6611111111111111 0.809375 0.7166666666666667 0.790625 0.7361111111111112 0.78125 0.7333333333333333 0.778125 0.7194444444444444 0.7546875 0.7194444444444444 0.7625 0.7472222222222222 0.7953125 0.7472222222222222 0.7984375 0.7388888888888889 0.81875 0.7555555555555555 0.809375 0.7805555555555556 0.7828125 0.7805555555555556 0.809375 0.8083333333333333 0.8125 0.825 0.8265625 0.8111111111111111 0.8296875 0.7638888888888888 0.8453125 0.7694444444444445 0.8515625 0.7305555555555555 0.8734375 0.7277777777777777 0.9 0.7055555555555556 0.9046875 0.7111111111111111 0.8984375 0.7027777777777777 0.9015625 0.6805555555555556 0.915625 0.6805555555555556 0.9171875 0.6916666666666667 0.94375 0.6277777777777778 0.9390625 0.5944444444444444 0.94375 0.5888888888888889 0.9390625 0.5805555555555556 0.9375 0.6 0.9265625 0.6083333333333333 0.921875 0.5833333333333334 0.9078125 0.5777777777777777 0.9125 0.5916666666666667 0.90625 0.5944444444444444 0.9046875 0.6138888888888889 0.8953125 0.6277777777777778 0.8859375 0.6277777777777778 0.86875 0.6222222222222222 0.8515625 0.5888888888888889 0.8515625 0.5722222222222222 0.8453125 0.5666666666666667
5 0.7 0.8361111111111111 0.690625 0.8666666666666667 0.6703125 0.8916666666666667 0.6703125 0.9166666666666666 0.6609375 0.9277777777777778 0.65 0.9277777777777778 0.65 0.95 0.74375 0.9527777777777777 0.7796875 0.9444444444444444 0.7734375 0.9361111111111111 0.7796875 0.9083333333333333 0.771875 0.8888888888888888 0.759375 0.8777777777777778 0.74375 0.8916666666666667 0.7234375 0.8888888888888888 0.7015625 0.8361111111111111
5 0.203125 0.11944444444444445 0.19375 0.1388888888888889 0.1703125 0.14444444444444443 0.16875 0.2222222222222222 0.2296875 0.23333333333333334 0.2984375 0.2638888888888889 0.3265625 0.31666666666666665 0.340625 0.35833333333333334 0.3875 0.375 0.4125 0.3388888888888889 0.4109375 0.26944444444444443 0.3921875 0.24166666666666667 0.3890625 0.21388888888888888 0.3375 0.175 0.325 0.1527777777777778 0.290625 0.1527777777777778 0.265625 0.1361111111111111 0.259375 0.14166666666666666 0.24375 0.12222222222222222 0.2125 0.11944444444444445
85 0.796875 0.6166666666666667 0.775 0.6222222222222222 0.7609375 0.6527777777777778 0.765625 0.7027777777777777 0.7828125 0.7222222222222222 0.8046875 0.7166666666666667 0.8203125 0.6777777777777778 0.8296875 0.6694444444444444 0.8234375 0.6361111111111111 0.8078125 0.6166666666666667
86 0.890625 0.5222222222222223 0.8703125 0.5277777777777778 0.8546875 0.5694444444444444 0.8578125 0.6027777777777777 0.8703125 0.625 0.88125 0.6305555555555555 0.896875 0.625 0.9171875 0.5805555555555556 0.9234375 0.5805555555555556 0.915625 0.5388888888888889 0.8984375 0.5222222222222223
64 0.49620312499999997 0.40399999999999997 0.08562499999999999 0.007805555555555556
42 0.49565625 0.3893611111111111 0.088921875 0.017555555555555557
68 0.08562499999999999 0.18736111111111112 0.16246875 0.28494444444444444
82 0.00603125 0.3298333333333333 0.0120625 0.027333333333333334
29 0.14028125 0.2986388888888889 0.020859375 0.029277777777777774
66 0.08453125 0.21369444444444446 0.0175625 0.029277777777777774
67 0.100453125 0.20005555555555554 0.01865625 0.03708333333333333
50 0.1339375 0.2078611111111111 0.02415625 0.03708333333333333
49 0.057078125 0.1502777777777778 0.019765625000000002 0.031222222222222224
1 0.058812500000000004 0.09047222222222222 0.02253125 0.03263888888888889
35 0.013828125 0.06197222222222222 0.02284375 0.042722222222222224
83 0.057984375 0.058583333333333334 0.017515625 0.02816666666666667
45 0.6453125 0.8138888888888889 0.634375 0.825 0.6296875 0.8666666666666667 0.63125 0.8777777777777778 0.646875 0.8972222222222223 0.665625 0.8888888888888888 0.675 0.8638888888888889 0.66875 0.825 0.6546875 0.8138888888888889
22 0.15925 0.31516666666666665 0.015625 0.027777777777777776