89 0.4864583333333333 0.4111111111111111 0.4671875 0.41388888888888886 0.4671875 0.43333333333333335 0.4875 0.4361111111111111 0.4875 0.44722222222222224 0.465625 0.46111111111111114 0.43125 0.5361111111111111 0.453125 0.5361111111111111 0.4734375 0.49722222222222223 0.48125 0.525 0.4546875 0.5444444444444444 0.4546875 0.5583333333333333 0.4890625 0.5472222222222223 0.5 0.5694444444444444 0.5 0.5805555555555556 0.5109375 0.5805555555555556 0.51875 0.575 0.5125 0.5555555555555556 0.521875 0.5 0.509375 0.45 0.4890625 0.4388888888888889 0.4953125 0.4111111111111111
90 0.87734375 0.2777777777777778 0.8515625 0.2777777777777778 0.853125 0.29444444444444445 0.8421875 0.30833333333333335 0.821875 0.3 0.821875 0.31666666666666665 0.834375 0.3277777777777778 0.8515625 0.3611111111111111 0.8765625 0.43333333333333335 0.8328125 0.4444444444444444 0.825 0.4777777777777778 0.821875 0.5444444444444444 0.7984375 0.575 0.790625 0.575 0.7953125 0.5833333333333334 0.7859375 0.5888888888888889 0.7953125 0.5944444444444444 0.7953125 0.6083333333333333 0.8078125 0.6083333333333333 0.8296875 0.6444444444444445 0.84375 0.6555555555555556 0.8578125 0.6527777777777778 0.871875 0.6333333333333333 0.859375 0.6166666666666667 0.8546875 0.5888888888888889 0.85625 0.5555555555555556 0.86875 0.5305555555555556 0.896875 0.5305555555555556 0.90625 0.5472222222222223 0.90625 0.5611111111111111 0.9140625 0.5666666666666667 0.9265625 0.5472222222222223 0.93125 0.49722222222222223 0.925 0.48333333333333334 0.925 0.4444444444444444 0.940625 0.4111111111111111 0.95 0.4083333333333333 0.921875 0.37222222222222223 0.9234375 0.3333333333333333 0.91875 0.3138888888888889 0.9140625 0.3138888888888889 0.9078125 0.3333333333333333 0.9015625 0.3333333333333333 0.8796875 0.29444444444444445 0.94375 0.2916666666666667 0.9453125 0.28055555555555556 0.8859375 0.2777777777777778
5 0.18125 0.6166666666666667 0.1703125 0.6472222222222223 0.15 0.6361111111111111 0.1453125 0.6722222222222223 0.121875 0.6555555555555556 0.1046875 0.6833333333333333 0.0921875 0.6833333333333333 0.09375 0.7222222222222222 0.0828125 0.7361111111111112 0.0875 0.8 0.075 0.8138888888888889 0.0890625 0.8638888888888889 0.10625 0.8777777777777778 0.1140625 0.8611111111111112 0.1453125 0.8583333333333333 0.1640625 0.8138888888888889 0.2140625 0.8111111111111111 0.2203125 0.7916666666666666 0.2296875 0.8 0.234375 0.8222222222222222 0.2390625 0.8194444444444444 0.2484375 0.7611111111111111 0.246875 0.7194444444444444 0.2359375 0.6805555555555556 0.21875 0.6611111111111111 0.215625 0.6416666666666667 0.196875 0.6388888888888888 0.1859375 0.6166666666666667
5 0.2796875 0.6194444444444445 0.2671875 0.6444444444444445 0.24375 0.625 0.234375 0.6333333333333333 0.2484375 0.6583333333333333 0.2515625 0.6833333333333333 0.265625 0.7138888888888889 0.2609375 0.7944444444444444 0.2484375 0.8583333333333333 0.275 0.8583333333333333 0.3015625 0.8388888888888889 0.334375 0.8583333333333333 0.4015625 0.8555555555555555 0.415625 0.8444444444444444 0.4109375 0.8305555555555556 0.428125 0.7722222222222223 0.41875 0.7472222222222222 0.4265625 0.7083333333333334 0.421875 0.6805555555555556 0.375 0.6388888888888888 0.340625 0.6361111111111111 0.321875 0.6222222222222222 0.2921875 0.6333333333333333 0.2828125 0.6194444444444445
5 0.51671875 0.04722222222222222 0.4390625 0.05277777777777778 0.446875 0.10833333333333334 0.4578125 0.14166666666666666 0.465625 0.15 0.5171875 0.16111111111111112 0.5125 0.17222222222222222 0.50625 0.1638888888888889 0.4953125 0.17222222222222222 0.4890625 0.1638888888888889 0.475 0.1638888888888889 0.4734375 0.17222222222222222 0.525 0.17222222222222222 0.5171875 0.16111111111111112 0.5453125 0.1527777777777778 0.559375 0.13055555555555556 0.565625 0.10833333333333334 0.5671875 0.058333333333333334 0.5578125 0.05 0.525 0.04722222222222222
85 0.79296875 0.6166666666666667 0.775 0.625 0.7609375 0.6555555555555556 0.765625 0.7027777777777777 0.78125 0.7222222222222222 0.8 0.7222222222222222 0.8171875 0.6944444444444444 0.8203125 0.6527777777777778 0.8015625 0.6166666666666667
84 0.740625 0.7833333333333333 0.7171875 0.7972222222222223 0.709375 0.8222222222222222 0.709375 0.8583333333333333 0.7203125 0.8833333333333333 0.753125 0.9 0.7703125 0.8694444444444445 0.7734375 0.85 0.765625 0.7972222222222223 0.74375 0.7833333333333333
45 0.64375 0.8138888888888889 0.6328125 0.8277777777777777 0.628125 0.8638888888888889 0.6375 0.8888888888888888 0.65 0.8972222222222223 0.665625 0.8888888888888888 0.675 0.8638888888888889 0.671875 0.8305555555555556 0.6578125 0.8138888888888889
64 0.49574999999999997 0.402 0.088625 0.011777777777777778
42 0.49574999999999997 0.38775 0.083703125 0.012583333333333334
68 0.0868125 0.19080555555555556 0.159671875 0.28541666666666665
29 0.112125 0.3148888888888889 0.016578125 0.037222222222222226
66 0.10165625 0.23655555555555555 0.018328125 0.035666666666666666
82 0.012656249999999999 0.14891666666666667 0.018328125 0.034138888888888885
1 0.005734375 0.09722222222222222 0.01146875 0.027222222222222224
2 0.018171875 0.09136111111111112 0.019578125 0.028583333333333332
35 0.016828125 0.06516666666666666 0.019234375 0.03205555555555555
83 0.0318125 0.07147222222222223 0.021671875 0.036055555555555556
22 0.157453125 0.31625 0.021640625 0.034194444444444444