5 0.7625 0.7638888888888888 0.759375 0.7777777777777778 0.765625 0.7805555555555556 0.7640625 0.7888888888888889 0.746875 0.7833333333333333 0.76875 0.8305555555555556 0.76875 0.85 0.7625 0.8472222222222222 0.759375 0.8666666666666667 0.7515625 0.8666666666666667 0.753125 0.8611111111111112 0.746875 0.8555555555555555 0.7125 0.8611111111111112 0.7078125 0.8416666666666667 0.7109375 0.825 0.7171875 0.8333333333333334 0.7171875 0.8111111111111111 0.7109375 0.8138888888888889 0.7046875 0.8388888888888889 0.7 0.8222222222222222 0.696875 0.8305555555555556 0.6828125 0.825 0.6796875 0.8333333333333334 0.6875 0.8444444444444444 0.6859375 0.8722222222222222 0.671875 0.8916666666666667 0.671875 0.9194444444444444 0.65 0.9416666666666667 0.69375 0.95 0.790625 0.95 0.825 0.9416666666666667 0.81875 0.9333333333333333 0.83125 0.925 0.834375 0.9 0.8140625 0.8666666666666667 0.815625 0.8444444444444444 0.8109375 0.8388888888888889 0.8109375 0.8194444444444444 0.8015625 0.7833333333333333 0.790625 0.7888888888888889 0.7765625 0.8138888888888889 0.7703125 0.7972222222222223 0.778125 0.7833333333333333 0.7671875 0.7777777777777778 0.765625 0.7694444444444445
84 0.740625 0.7861111111111111 0.7203125 0.7944444444444444 0.7078125 0.8333333333333334 0.715625 0.875 0.734375 0.8916666666666667 0.759375 0.8777777777777778 0.76875 0.85 0.7671875 0.8166666666666667 0.7609375 0.7972222222222223 0.75 0.7861111111111111
85 0.7984375 0.6138888888888889 0.775 0.6222222222222222 0.7609375 0.6527777777777778 0.7609375 0.6861111111111111 0.7734375 0.7166666666666667 0.803125 0.7194444444444444 0.8234375 0.675 0.8296875 0.675 0.8234375 0.6333333333333333 0.80625 0.6138888888888889
5 0.9546875 0.2972222222222222 0.9453125 0.30833333333333335 0.94375 0.32222222222222224 0.8953125 0.3527777777777778 0.8859375 0.4083333333333333 0.8890625 0.4388888888888889 0.8828125 0.45555555555555555 0.896875 0.46111111111111114 0.890625 0.46944444444444444 0.89375 0.4777777777777778 0.878125 0.49722222222222223 0.875 0.5194444444444445 0.9109375 0.5305555555555556 0.9203125 0.5472222222222223 0.925 0.5777777777777777 0.9015625 0.625 0.8765625 0.6388888888888888 0.8546875 0.6027777777777777 0.84375 0.6055555555555555 0.8328125 0.6472222222222223 0.834375 0.6916666666666667 0.8421875 0.7194444444444444 0.8515625 0.7277777777777777 0.865625 0.7277777777777777 0.871875 0.725 0.871875 0.7166666666666667 0.8953125 0.7083333333333334 0.9140625 0.7472222222222222 0.946875 0.7305555555555555 0.9984375 0.6138888888888889 0.9984375 0.325 0.9859375 0.34444444444444444 0.9703125 0.3472222222222222 0.965625 0.3416666666666667 0.9671875 0.3111111111111111 0.9578125 0.2972222222222222
86 0.8953125 0.525 0.86875 0.5305555555555556 0.8546875 0.5638888888888889 0.859375 0.6083333333333333 0.875 0.6277777777777778 0.896875 0.625 0.90625 0.6138888888888889 0.9171875 0.5805555555555556 0.9234375 0.5805555555555556 0.91875 0.5472222222222223 0.903125 0.525
5 0.1953125 0.26944444444444443 0.1671875 0.28055555555555556 0.1625 0.2916666666666667 0.165625 0.3194444444444444 0.1578125 0.3277777777777778 0.03125 0.3333333333333333 0.0203125 0.33611111111111114 0.015625 0.3472222222222222 0.0828125 0.35833333333333334 0.1578125 0.3972222222222222 0.2015625 0.4722222222222222 0.2109375 0.5111111111111111 0.265625 0.5277777777777778 0.29375 0.4861111111111111 0.296875 0.4027777777777778 0.2765625 0.36944444444444446 0.278125 0.3472222222222222 0.271875 0.33611111111111114 0.246875 0.3194444444444444 0.2328125 0.2972222222222222 0.2171875 0.29444444444444445 0.203125 0.26944444444444443
89 0.4734375 0.4083333333333333 0.465625 0.41388888888888886 0.4640625 0.43333333333333335 0.484375 0.4361111111111111 0.484375 0.45 0.4609375 0.4861111111111111 0.44375 0.5 0.4421875 0.5055555555555555 0.4484375 0.5083333333333333 0.4390625 0.5277777777777778 0.4546875 0.5361111111111111 0.475 0.5027777777777778 0.478125 0.5194444444444445 0.4609375 0.5583333333333333 0.490625 0.5416666666666666 0.5046875 0.5611111111111111 0.5015625 0.575 0.5140625 0.575 0.51875 0.5694444444444444 0.5125 0.5416666666666666 0.5203125 0.49166666666666664 0.5125 0.4444444444444444 0.509375 0.4361111111111111 0.49375 0.4444444444444444 0.490625 0.425 0.4953125 0.4111111111111111 0.475 0.4083333333333333
25 0.721875 0.45555555555555555 0.6984375 0.5111111111111111 0.703125 0.5194444444444445 0.7 0.5388888888888889 0.7078125 0.5472222222222223 0.7078125 0.5611111111111111 0.725 0.55 0.7234375 0.48055555555555557 0.73125 0.46944444444444444 0.728125 0.45555555555555555
25 0.7875 0.34444444444444444 0.78125 0.36666666666666664 0.7546875 0.4083333333333333 0.74375 0.4 0.7453125 0.42777777777777776 0.7609375 0.45555555555555555 0.7890625 0.4638888888888889 0.8015625 0.45 0.803125 0.41944444444444445 0.821875 0.35833333333333334 0.809375 0.35 0.796875 0.36944444444444446 0.79375 0.34444444444444444
25 0.5734375 0.6111111111111112 0.571875 0.6305555555555555 0.5859375 0.6583333333333333 0.5765625 0.6722222222222223 0.575 0.7138888888888889 0.5671875 0.7194444444444444 0.578125 0.7388888888888889 0.5984375 0.7555555555555555 0.60625 0.7333333333333333 0.603125 0.7111111111111111 0.609375 0.6861111111111111 0.6078125 0.6555555555555556 0.59375 0.6472222222222223 0.575 0.6111111111111112
24 0.4453125 0.8805555555555555 0.4375 0.8861111111111111 0.4375 0.9138888888888889 0.4328125 0.9222222222222223 0.415625 0.925 0.4296875 0.95 0.4484375 0.95 0.45625 0.9416666666666667 0.459375 0.8916666666666667 0.4546875 0.8805555555555555
45 0.6453125 0.8138888888888889 0.634375 0.825 0.6296875 0.8666666666666667 0.6328125 0.8805555555555555 0.65 0.8972222222222223 0.6640625 0.8916666666666667 0.675 0.8694444444444445 0.671875 0.8305555555555556 0.6578125 0.8138888888888889
64 0.496578125 0.405 0.08703125 0.01213888888888889
42 0.496875 0.3888888888888889 0.0875 0.022222222222222223
68 0.086171875 0.18961111111111112 0.163828125 0.2821388888888889
29 0.14164062500000002 0.2881944444444444 0.018765625 0.03336111111111111
82 0.05759375 0.24269444444444446 0.019625 0.027305555555555555
66 0.0785 0.17519444444444446 0.00853125 0.03186111111111111
83 0.07764062499999999 0.14030555555555554 0.020484375 0.03488888888888889
30 0.08703125 0.18505555555555556 0.018765625 0.030333333333333334
49 0.0904375 0.1661111111111111 0.0170625 0.03186111111111111
67 0.1105 0.14333333333333334 0.019625 0.03488888888888889
35 0.016828125 0.060888888888888895 0.016828125 0.03205555555555555
1 0.029015625 0.07811111111111112 0.02559375 0.03186111111111111
22 0.158046875 0.31516666666666665 0.02284375 0.036333333333333336