102 0.88853125 0.5814166666666667 0.06821875 0.11619444444444443
5 0.92246875 0.5174722222222222 0.15253125 0.3936388888888889
85 0.79340625 0.6697222222222222 0.068921875 0.1078611111111111
5 0.150515625 0.6699722222222222 0.30103125 0.5585277777777777
91 0.731390625 0.09663888888888889 0.06221875 0.09361111111111112
68 0.082390625 0.18875 0.164765625 0.2856944444444444
89 0.49046874999999995 0.5092222222222222 0.0869375 0.16541666666666666
26 0.3578125 0.2111111111111111 0.1125 0.14444444444444443
29 0.14642187499999998 0.22744444444444442 0.01990625 0.033694444444444444
66 0.086234375 0.1903888888888889 0.02275 0.033694444444444444
49 0.08149999999999999 0.10025 0.0170625 0.032
82 0.106625 0.11202777777777777 0.0236875 0.025277777777777777
1 0.092875 0.08930555555555555 0.0170625 0.04044444444444444