102 0.88890625 0.5826388888888889 0.06940625 0.12150000000000001
25 0.43203125 0.48194444444444445 0.0640625 0.10277777777777777
64 0.49296875 0.4 0.0859375 0.005555555555555556
42 0.49078125000000006 0.38880555555555557 0.081921875 0.014499999999999999
25 0.29140625 0.5416666666666666 0.0421875 0.08888888888888889
25 0.31015625 0.44583333333333336 0.0796875 0.13055555555555556
8 0.3109375 0.35138888888888886 0.075 0.16944444444444445
64 0.3015625 0.2152777777777778 0.090625 0.013888888888888888
41 0.297890625 0.2033611111111111 0.0861875 0.013777777777777778
89 0.494625 0.5100277777777779 0.06693750000000001 0.169
52 0.29821875000000003 0.09 0.0456875 0.09658333333333334
68 0.083359375 0.18441666666666667 0.166703125 0.2985555555555556
30 0.154984375 0.20741666666666667 0.020671875 0.03827777777777778
67 0.16015625 0.17602777777777778 0.022390625 0.03061111111111111
66 0.122265625 0.15613888888888888 0.020671875 0.03061111111111111
83 0.1545625 0.14388888888888887 0.016359375000000002 0.03061111111111111
29 0.1623125 0.15997222222222224 0.014640624999999999 0.02297222222222222
2 0.15196875 0.124 0.02153125 0.027555555555555555
82 0.11667187500000001 0.10180555555555555 0.026687499999999996 0.035194444444444445
49 0.1115 0.07577777777777778 0.02153125 0.02297222222222222
1 0.10375000000000001 0.06505555555555556 0.019796875 0.03827777777777778
50 0.12184375 0.05738888888888889 0.02153125 0.026027777777777775