11 0.633234375 0.6989166666666667 0.13115625 0.2181111111111111
85 0.7937031250000001 0.6782222222222222 0.06928125 0.1265
45 0.65325 0.8526944444444445 0.041171875000000004 0.07861111111111112
86 0.8883749999999999 0.5823333333333333 0.06990625 0.12263888888888888
84 0.745828125 0.8516388888888888 0.06728125 0.12213888888888888
40 0.6522187500000001 0.5668333333333333 0.08621875 0.015944444444444445
64 0.40853124999999996 0.5929444444444445 0.087234375 0.009444444444444445
40 0.40982812500000004 0.5786666666666667 0.08428125 0.014833333333333334
64 0.518640625 0.49175 0.084046875 0.007555555555555556
40 0.51765625 0.4790833333333333 0.083984375 0.01338888888888889
68 0.080125 0.19494444444444448 0.16025 0.2816666666666667
13 0.507828125 0.6084444444444445 0.10406249999999999 0.22008333333333335
76 0.8587187500000001 0.2742777777777778 0.266046875 0.4012777777777778
42 0.49273437500000006 0.38972222222222225 0.085875 0.013861111111111112
64 0.6524687499999999 0.5804166666666666 0.086265625 0.010722222222222222
92 0.29459375 0.13241666666666668 0.073265625 0.08374999999999999
64 0.495796875 0.4023888888888889 0.08675000000000001 0.010277777777777778
49 0.0718125 0.21277777777777776 0.02659375 0.04727777777777778
60 0.117265625 0.12930555555555553 0.017 0.050749999999999997
66 0.12709375 0.09955555555555556 0.015578125000000002 0.027694444444444445
29 0.131234375 0.08569444444444445 0.01996875 0.03636111111111111
1 0.140484375 0.10041666666666667 0.014124999999999999 0.027694444444444445
92 0.5205 0.8798055555555556 0.11434375000000001 0.15880555555555556