90 0.23359375 0.5055555555555555 0.221875 0.5083333333333333 0.2234375 0.5388888888888889 0.2328125 0.55 0.2359375 0.5694444444444444 0.2296875 0.6083333333333333 0.2234375 0.6166666666666667 0.2109375 0.6111111111111112 0.203125 0.6305555555555555 0.184375 0.6416666666666667 0.1609375 0.6444444444444445 0.1390625 0.7111111111111111 0.1390625 0.725 0.16875 0.6861111111111111 0.175 0.6638888888888889 0.184375 0.6694444444444444 0.1921875 0.6555555555555556 0.2 0.6722222222222223 0.19375 0.6861111111111111 0.1921875 0.7194444444444444 0.20625 0.7444444444444445 0.2109375 0.7666666666666667 0.209375 0.7916666666666666 0.196875 0.825 0.2046875 0.8305555555555556 0.2046875 0.8472222222222222 0.2171875 0.8666666666666667 0.24375 0.8777777777777778 0.28125 0.8694444444444445 0.2875 0.8611111111111112 0.284375 0.8527777777777777 0.3015625 0.8472222222222222 0.3109375 0.8 0.2875 0.6305555555555555 0.2890625 0.6222222222222222 0.309375 0.6222222222222222 0.284375 0.6027777777777777 0.2609375 0.5694444444444444 0.25 0.5416666666666666 0.24375 0.5055555555555555
89 0.48125 0.4083333333333333 0.4734375 0.4111111111111111 0.4703125 0.44166666666666665 0.4640625 0.44722222222222224 0.4640625 0.48055555555555557 0.4453125 0.48055555555555557 0.446875 0.5 0.434375 0.5333333333333333 0.4359375 0.5666666666666667 0.446875 0.5888888888888889 0.4453125 0.5972222222222222 0.4671875 0.6111111111111112 0.5046875 0.6138888888888889 0.5375 0.5888888888888889 0.5390625 0.5611111111111111 0.54375 0.5583333333333333 0.534375 0.5416666666666666 0.5375 0.48055555555555557 0.5359375 0.4722222222222222 0.5328125 0.4777777777777778 0.5171875 0.4638888888888889 0.5171875 0.4388888888888889 0.509375 0.4111111111111111 0.484375 0.4083333333333333
87 0.55625 0.39444444444444443 0.540625 0.40555555555555556 0.5328125 0.4222222222222222 0.5390625 0.4888888888888889 0.5484375 0.5138888888888888 0.5609375 0.4777777777777778 0.559375 0.39444444444444443
5 0.93125 0.5888888888888889 0.915625 0.625 0.9046875 0.6277777777777778 0.8953125 0.6472222222222223 0.8671875 0.6555555555555556 0.8609375 0.6861111111111111 0.8375 0.7 0.825 0.7277777777777777 0.8015625 0.7416666666666667 0.7984375 0.7472222222222222 0.81875 0.7527777777777778 0.8171875 0.7666666666666667 0.8078125 0.7805555555555556 0.7984375 0.775 0.7671875 0.7833333333333333 0.7703125 0.7944444444444444 0.78125 0.7972222222222223 0.78125 0.8416666666666667 0.771875 0.8777777777777778 0.7625 0.8972222222222223 0.7546875 0.9 0.7625 0.9055555555555556 0.7578125 0.9444444444444444 0.9421875 0.95 0.9546875 0.9416666666666667 0.9984375 0.8361111111111111 0.9984375 0.6277777777777778 0.990625 0.6166666666666667 0.9703125 0.6166666666666667 0.965625 0.6027777777777777 0.9328125 0.5916666666666667
24 0.8078125 0.4222222222222222 0.79375 0.4305555555555556 0.7859375 0.45 0.796875 0.4666666666666667 0.7921875 0.46944444444444444 0.7984375 0.46944444444444444 0.8109375 0.45 0.8078125 0.4388888888888889 0.8140625 0.43333333333333335 0.8125 0.4222222222222222
24 0.778125 0.4666666666666667 0.75625 0.4861111111111111 0.7515625 0.5333333333333333 0.7875 0.5722222222222222 0.796875 0.5722222222222222 0.80625 0.5555555555555556 0.8078125 0.5277777777777778 0.8015625 0.5194444444444445 0.80625 0.5166666666666667 0.8171875 0.5333333333333333 0.8234375 0.5305555555555556 0.8234375 0.5194444444444445 0.809375 0.49444444444444446 0.8140625 0.48333333333333334 0.79375 0.48055555555555557 0.7796875 0.4666666666666667
25 0.8875 0.26666666666666666 0.8703125 0.28888888888888886 0.85625 0.33611111111111114 0.8609375 0.3472222222222222 0.8734375 0.35 0.8875 0.33055555555555555 0.8859375 0.3055555555555556 0.8953125 0.28888888888888886 0.8875 0.2777777777777778 0.8890625 0.26944444444444443
25 0.9265625 0.21388888888888888 0.9234375 0.23055555555555557 0.8984375 0.26944444444444443 0.8984375 0.3 0.903125 0.3138888888888889 0.934375 0.3138888888888889 0.9203125 0.3055555555555556 0.9265625 0.2972222222222222 0.9390625 0.3055555555555556 0.9390625 0.2777777777777778 0.9484375 0.25277777777777777 0.934375 0.23333333333333334 0.93125 0.21388888888888888
64 0.49456249999999996 0.40202777777777776 0.088921875 0.007805555555555556
42 0.4953125 0.3875 0.0875 0.013888888888888888
68 0.08671875 0.18930555555555556 0.16028125 0.28494444444444444
1 0.01921875 0.08880555555555555 0.020859375 0.04097222222222222
66 0.091671875 0.2556666666666667 0.014265625 0.027333333333333334
67 0.08946875 0.22930555555555554 0.012078125 0.021472222222222222
83 0.10209375000000001 0.21566666666666667 0.019765625000000002 0.03708333333333333
49 0.113625 0.282 0.016468749999999997 0.033166666666666664
29 0.12898437499999998 0.3044444444444444 0.020859375 0.031222222222222224
35 0.015203125000000001 0.06333333333333334 0.019 0.03883333333333334
22 0.15565625 0.3108888888888889 0.015625 0.027777777777777776