85 0.793859375 0.66775 0.068765625 0.10994444444444444
90 0.636640625 0.2195277777777778 0.06784375000000001 0.23758333333333334
86 0.8881718749999999 0.5807777777777778 0.06725 0.11813888888888889
84 0.746109375 0.8519722222222221 0.06887499999999999 0.12308333333333334
64 0.49412500000000004 0.40427777777777774 0.088234375 0.009972222222222223
42 0.491890625 0.3894722222222222 0.086203125 0.013805555555555555
5 0.280703125 0.10058333333333333 0.08735937499999999 0.10497222222222222
89 0.48426562500000003 0.4953333333333333 0.089140625 0.17302777777777778
90 0.2006875 0.767 0.19464062499999998 0.37616666666666665
68 0.08065625 0.1948888888888889 0.161296875 0.28111111111111114
1 0.10709375000000002 0.1368888888888889 0.018453125 0.03422222222222222
29 0.045328125000000004 0.26166666666666666 0.024859375 0.03563888888888889
49 0.12393749999999999 0.17041666666666666 0.020046875 0.027083333333333334
66 0.115109375 0.15044444444444444 0.015234375 0.029944444444444444
82 0.131546875 0.13833333333333334 0.020859375 0.03422222222222222
67 0.13515625 0.08127777777777778 0.018453125 0.022805555555555558