5 0.6984375 0.13333333333333333 0.6828125 0.14166666666666666 0.684375 0.14722222222222223 0.6328125 0.1638888888888889 0.590625 0.22777777777777777 0.5734375 0.23055555555555557 0.56875 0.24166666666666667 0.540625 0.25555555555555554 0.5078125 0.2916666666666667 0.4984375 0.3111111111111111 0.4859375 0.3055555555555556 0.478125 0.33055555555555555 0.4796875 0.31666666666666665 0.471875 0.30833333333333335 0.4546875 0.30277777777777776 0.440625 0.31666666666666665 0.434375 0.2972222222222222 0.4265625 0.30833333333333335 0.4078125 0.3138888888888889 0.4 0.33611111111111114 0.428125 0.3638888888888889 0.446875 0.3638888888888889 0.453125 0.37777777777777777 0.45 0.38333333333333336 0.4546875 0.4111111111111111 0.45 0.41388888888888886 0.4546875 0.425 0.4390625 0.4388888888888889 0.440625 0.4583333333333333 0.4765625 0.4666666666666667 0.4734375 0.4777777777777778 0.48125 0.49722222222222223 0.4875 0.49444444444444446 0.5 0.5111111111111111 0.5125 0.5138888888888888 0.5578125 0.48333333333333334 0.575 0.45 0.5921875 0.4361111111111111 0.5953125 0.41944444444444445 0.6390625 0.38055555555555554 0.6625 0.3333333333333333 0.6859375 0.30277777777777776 0.715625 0.3111111111111111 0.7484375 0.3416666666666667 0.7953125 0.33611111111111114 0.8109375 0.325 0.8078125 0.26944444444444443 0.79375 0.24444444444444444 0.790625 0.25277777777777777 0.7859375 0.24444444444444444 0.7859375 0.22777777777777777 0.7765625 0.2 0.759375 0.19444444444444445 0.7390625 0.16666666666666666 0.7265625 0.17222222222222222 0.709375 0.13333333333333333
5 0.9578125 0.5666666666666667 0.95 0.5805555555555556 0.9359375 0.5722222222222222 0.921875 0.5861111111111111 0.9109375 0.6111111111111112 0.89375 0.6305555555555555 0.878125 0.6333333333333333 0.85625 0.6083333333333333 0.8421875 0.6027777777777777 0.8265625 0.6805555555555556 0.825 0.7277777777777777 0.834375 0.7305555555555555 0.840625 0.7472222222222222 0.8484375 0.7472222222222222 0.8453125 0.7361111111111112 0.85 0.7305555555555555 0.871875 0.7305555555555555 0.8828125 0.7166666666666667 0.896875 0.7166666666666667 0.9390625 0.7916666666666666 0.95625 0.8027777777777778 0.9703125 0.8 0.978125 0.7833333333333333 0.9796875 0.75 0.9984375 0.725 0.9984375 0.6416666666666667 0.990625 0.625 0.9796875 0.625 0.971875 0.6111111111111112 0.9703125 0.5916666666666667 0.959375 0.5694444444444444
13 0.35625 0.5861111111111111 0.3453125 0.5944444444444444 0.3390625 0.6194444444444445 0.3328125 0.6166666666666667 0.321875 0.6277777777777778 0.3171875 0.65 0.3203125 0.7 0.2984375 0.7694444444444445 0.2984375 0.7833333333333333 0.3109375 0.7916666666666666 0.325 0.7888888888888889 0.3171875 0.7694444444444445 0.334375 0.7277777777777777 0.34375 0.7666666666666667 0.359375 0.7944444444444444 0.3640625 0.8305555555555556 0.371875 0.8333333333333334 0.3875 0.7916666666666666 0.3765625 0.7416666666666667 0.36875 0.7277777777777777 0.36875 0.6722222222222223 0.38125 0.6638888888888889 0.3875 0.6888888888888889 0.4109375 0.6861111111111111 0.3984375 0.6555555555555556 0.3765625 0.6444444444444445 0.3703125 0.6194444444444445 0.353125 0.6222222222222222 0.365625 0.6 0.365625 0.5888888888888889 0.359375 0.5861111111111111
37 0.4171875 0.5583333333333333 0.4078125 0.5944444444444444 0.415625 0.6166666666666667 0.4140625 0.6305555555555555 0.4203125 0.6388888888888888 0.4265625 0.6777777777777778 0.4453125 0.6861111111111111 0.4515625 0.6972222222222222 0.446875 0.6916666666666667 0.4515625 0.6694444444444444 0.4421875 0.6194444444444445 0.45 0.5944444444444444 0.4453125 0.5972222222222222 0.434375 0.5666666666666667 0.421875 0.5583333333333333
19 0.240625 0.14444444444444443 0.2359375 0.1527777777777778 0.2375 0.18333333333333332 0.2234375 0.17777777777777778 0.21875 0.19166666666666668 0.2234375 0.20277777777777778 0.2203125 0.21388888888888888 0.234375 0.25 0.2546875 0.2722222222222222 0.2625 0.25555555555555554 0.284375 0.24166666666666667 0.271875 0.19722222222222222 0.2640625 0.19444444444444445 0.2546875 0.175 0.2484375 0.14444444444444443
41 0.244328125 0.12483333333333332 0.086765625 0.014194444444444445
64 0.343078125 0.5794722222222223 0.08790624999999999 0.010138888888888888
40 0.34421875 0.5673055555555555 0.08562499999999999 0.014194444444444445
40 0.432140625 0.5104722222222222 0.08334375000000001 0.018277777777777778
68 0.08562499999999999 0.18875 0.16668750000000002 0.2882222222222222
29 0.12787500000000002 0.273 0.018265625 0.0345
66 0.086203125 0.25269444444444444 0.01940625 0.030444444444444448
49 0.0901875 0.22427777777777777 0.020546875 0.02233333333333333
67 0.08259375 0.19991666666666666 0.01959375 0.029833333333333333
35 0.015625 0.060888888888888895 0.019234375 0.03205555555555555
1 0.05695312500000001 0.06999999999999999 0.0225 0.04
45 0.6515625 0.8166666666666667 0.6375 0.8222222222222222 0.6296875 0.85 0.6328125 0.8777777777777778 0.65 0.8944444444444445 0.6640625 0.8888888888888888 0.6734375 0.8722222222222222 0.671875 0.8333333333333334 0.659375 0.8166666666666667
22 0.157453125 0.3119722222222222 0.019234375 0.034194444444444444