45 0.6511875 0.8530277777777777 0.0393125 0.07947222222222222
25 0.662890625 0.33355555555555555 0.04159375 0.09947222222222223
84 0.7381562500000001 0.8396388888888888 0.05846875 0.10480555555555554
42 0.49271875 0.39525 0.08832812500000001 0.014194444444444445
91 0.8846718750000001 0.14047222222222222 0.071921875 0.18655555555555556
13 0.2799375 0.9230833333333334 0.054453125000000005 0.06002777777777778
25 0.555640625 0.4942222222222222 0.048234375 0.09961111111111111
68 0.08296875000000001 0.1881388888888889 0.1653125 0.28425
89 0.47562499999999996 0.5236388888888889 0.074453125 0.1663888888888889
64 0.49040625000000004 0.40591666666666665 0.086640625 0.009694444444444445
19 0.704453125 0.13816666666666666 0.042140625 0.10380555555555555
41 0.6966875 0.06841666666666667 0.089109375 0.021611111111111112
29 0.102703125 0.15816666666666665 0.02025 0.036000000000000004
30 0.112109375 0.13372222222222221 0.023140625 0.03344444444444444
1 0.10379687500000001 0.10608333333333332 0.018078125 0.034722222222222224
2 0.11571875000000001 0.06944444444444445 0.017359375 0.036000000000000004
49 0.040140625 0.3098888888888889 0.025312499999999998 0.036000000000000004
94 0.052437500000000005 0.12794444444444444 0.022421875 0.03986111111111111