24 0.341484375 0.8844722222222223 0.089546875 0.11738888888888889
45 0.653609375 0.8522222222222222 0.0429375 0.08138888888888889
24 0.448046875 0.7691388888888888 0.059609375 0.09175
24 0.547390625 0.6141666666666666 0.038609375 0.09908333333333334
84 0.7381562500000001 0.8446388888888888 0.0693125 0.12033333333333333
91 0.909171875 0.21041666666666667 0.08734375 0.2252222222222222
13 0.6171875 0.44583333333333336 0.096875 0.18055555555555555
64 0.612796875 0.3328055555555556 0.09134375 0.0125
40 0.610375 0.32230555555555557 0.0845625 0.0155
19 0.7125 0.19444444444444445 0.06875 0.13333333333333333
41 0.7286406249999999 0.09547222222222221 0.08299999999999999 0.01311111111111111
64 0.25946875 0.7575 0.09134375 0.008916666666666666
42 0.25953125 0.7436666666666667 0.0875 0.013972222222222223
68 0.082234375 0.18802777777777777 0.164484375 0.28355555555555556
64 0.156078125 0.789611111111111 0.087328125 0.016055555555555556
40 0.15628124999999998 0.777 0.084359375 0.01347222222222222
89 0.272375 0.8670277777777777 0.11259375 0.18594444444444444
97 0.1609375 0.8083333333333333 0.15625 0.9138888888888889 0.1625 0.9444444444444444 0.21875 0.95 0.2109375 0.9138888888888889 0.1890625 0.8722222222222222 0.1890625 0.8583333333333333 0.1828125 0.8472222222222222 0.184375 0.8222222222222222 0.1765625 0.8361111111111111 0.1625 0.8111111111111111
52 0.79140625 0.16111111111111112 0.0703125 0.11666666666666667
66 0.09276562499999999 0.16433333333333333 0.018421874999999997 0.036250000000000004
29 0.10132812499999999 0.15613888888888888 0.01315625 0.02688888888888889
82 0.10493749999999999 0.14797222222222223 0.016453125 0.024555555555555556
67 0.10889062499999999 0.12983333333333333 0.0111875 0.025722222222222223
2 0.117109375 0.12691666666666665 0.01315625 0.03861111111111111
1 0.034875 0.07311111111111111 0.019734375000000002 0.03391666666666667
94 0.053953125000000005 0.12983333333333333 0.022375 0.02808333333333333
92 0.5328125 0.8875 0.103125 0.1527777777777778