102 0.8890625 0.5816388888888888 0.06928125 0.12102777777777778
85 0.793390625 0.6760277777777778 0.069453125 0.12144444444444444
89 0.47734375 0.5236111111111111 0.0953125 0.18055555555555555
91 0.49749999999999994 0.30141666666666667 0.13665624999999998 0.25372222222222224
64 0.49598437500000003 0.4057777777777778 0.089078125 0.012583333333333334
42 0.494859375 0.3898611111111111 0.08828125 0.01347222222222222
87 0.809375 0.32222222222222224 0.7953125 0.34444444444444444 0.7859375 0.39166666666666666 0.790625 0.425 0.8046875 0.4583333333333333 0.828125 0.4666666666666667 0.8296875 0.45 0.840625 0.43333333333333335 0.85625 0.4305555555555556 0.8546875 0.46111111111111114 0.840625 0.475 0.85 0.5138888888888888 0.8546875 0.5166666666666667 0.8640625 0.5083333333333333 0.8625 0.48055555555555557 0.8703125 0.475 0.871875 0.4583333333333333 0.8796875 0.4583333333333333 0.89375 0.4777777777777778 0.91875 0.475 0.9171875 0.45555555555555555 0.9359375 0.41388888888888886 0.9296875 0.4111111111111111 0.9328125 0.41388888888888886 0.91875 0.4361111111111111 0.8890625 0.425 0.878125 0.39444444444444443 0.890625 0.36944444444444446 0.8859375 0.3611111111111111 0.8515625 0.36944444444444446 0.84375 0.35833333333333334 0.81875 0.375 0.803125 0.375 0.8 0.3638888888888889 0.809375 0.3388888888888889 0.8296875 0.35555555555555557 0.8125 0.32222222222222224
41 0.89875 0.30819444444444444 0.08940624999999999 0.015416666666666665
68 0.082984375 0.18944444444444444 0.16596875 0.2874722222222222
64 0.451953125 0.33199999999999996 0.09009375 0.012583333333333334
40 0.45229687500000004 0.31822222222222224 0.0839375 0.014027777777777778
24 0.360171875 0.4861666666666667 0.08509375 0.12161111111111111
64 0.444875 0.2663333333333333 0.09009375 0.010805555555555556
40 0.44523437499999996 0.2551111111111111 0.082625 0.011916666666666667
24 0.3148125 0.5243611111111112 0.038578125000000005 0.0758611111111111
49 0.01521875 0.32475 0.018109375 0.030694444444444448
13 0.445890625 0.45616666666666666 0.071875 0.10977777777777778
45 0.653390625 0.8556666666666667 0.04959375 0.08816666666666666
66 0.12587500000000001 0.09222222222222223 0.017140625 0.030472222222222223
30 0.122296875 0.06563888888888889 0.019125 0.03280555555555556
82 0.12032812500000001 0.057444444444444444 0.0204375 0.02344444444444444
30 0.13779687499999999 0.06269444444444444 0.015828125000000002 0.02694444444444444
60 0.071859375 0.21741666666666665 0.018453125 0.041027777777777774