5 0.5953125 0.35833333333333334 0.590625 0.375 0.58125 0.37777777777777777 0.5609375 0.4083333333333333 0.546875 0.3972222222222222 0.540625 0.4111111111111111 0.5328125 0.4111111111111111 0.51875 0.44722222222222224 0.50625 0.4444444444444444 0.496875 0.4583333333333333 0.4890625 0.44722222222222224 0.484375 0.4527777777777778 0.48125 0.5 0.4671875 0.5166666666666667 0.4578125 0.5055555555555555 0.4421875 0.5055555555555555 0.434375 0.5166666666666667 0.4234375 0.5083333333333333 0.415625 0.6305555555555555 0.4265625 0.6361111111111111 0.4390625 0.6277777777777778 0.446875 0.6527777777777778 0.4484375 0.6305555555555555 0.465625 0.6472222222222223 0.55 0.6305555555555555 0.596875 0.5722222222222222 0.6125 0.5694444444444444 0.63125 0.5527777777777778 0.653125 0.5111111111111111 0.65625 0.48055555555555557 0.671875 0.4361111111111111 0.653125 0.36944444444444446 0.6 0.35833333333333334
89 0.490625 0.5375 0.0875 0.19166666666666668
13 0.2359375 0.25833333333333336 0.2328125 0.2722222222222222 0.2390625 0.32222222222222224 0.253125 0.3527777777777778 0.24375 0.4361111111111111 0.2640625 0.4388888888888889 0.2640625 0.36944444444444446 0.2703125 0.3611111111111111 0.2828125 0.3861111111111111 0.28125 0.40555555555555556 0.2921875 0.43333333333333335 0.296875 0.4166666666666667 0.2921875 0.34444444444444444 0.30625 0.3527777777777778 0.278125 0.2833333333333333 0.246875 0.28055555555555556 0.2390625 0.25833333333333336
37 0.28984375 0.25 0.0640625 0.13333333333333333
14 0.33125 0.3055555555555556 0.3328125 0.325 0.3546875 0.37777777777777777 0.34375 0.41388888888888886 0.325 0.4083333333333333 0.321875 0.4222222222222222 0.3484375 0.4638888888888889 0.3359375 0.46944444444444444 0.3375 0.49166666666666664 0.3453125 0.4888888888888889 0.3390625 0.48055555555555557 0.3421875 0.475 0.353125 0.4722222222222222 0.35 0.46111111111111114 0.3546875 0.4527777777777778 0.3625 0.46111111111111114 0.3625 0.49722222222222223 0.3484375 0.5 0.3640625 0.5111111111111111 0.3453125 0.5166666666666667 0.3390625 0.5361111111111111 0.371875 0.5916666666666667 0.384375 0.6027777777777777 0.4109375 0.6083333333333333 0.4421875 0.6805555555555556 0.44375 0.6472222222222223 0.4390625 0.625 0.44375 0.6222222222222222 0.44375 0.5916666666666667 0.4359375 0.5805555555555556 0.4359375 0.5333333333333333 0.4234375 0.5305555555555556 0.421875 0.5166666666666667 0.4515625 0.5083333333333333 0.4546875 0.49722222222222223 0.4625 0.5138888888888888 0.478125 0.5027777777777778 0.484375 0.44166666666666665 0.478125 0.40555555555555556 0.4375 0.4111111111111111 0.4265625 0.3972222222222222 0.425 0.38333333333333336 0.434375 0.3638888888888889 0.45625 0.36944444444444446 0.45 0.34444444444444444 0.440625 0.35 0.43125 0.3055555555555556 0.4109375 0.3138888888888889 0.396875 0.3055555555555556 0.334375 0.3055555555555556
45 0.646875 0.8138888888888889 0.63125 0.8361111111111111 0.6296875 0.8694444444444445 0.6390625 0.8888888888888888 0.6578125 0.8944444444444445 0.6734375 0.8722222222222222 0.675 0.8444444444444444 0.6671875 0.8222222222222222 0.6546875 0.8138888888888889
64 0.49603125 0.3973888888888889 0.08515625 0.01136111111111111
42 0.49709375 0.38508333333333333 0.08515625 0.01325
64 0.2591875 0.2308611111111111 0.08621875 0.007555555555555556
40 0.2613125 0.22044444444444444 0.09048437499999999 0.017027777777777777
78 0.2359375 0.1388888888888889 0.2328125 0.15833333333333333 0.2421875 0.16666666666666666 0.303125 0.1527777777777778 0.3015625 0.14444444444444443 0.25 0.1388888888888889
40 0.27675 0.12016666666666666 0.08303125 0.017027777777777777
68 0.084765625 0.18738888888888888 0.16284375 0.2875
82 0.074 0.27799999999999997 0.014249999999999999 0.02972222222222222
49 0.074625 0.2603888888888889 0.019203124999999998 0.018722222222222223
29 0.08453125 0.28680555555555554 0.019203124999999998 0.02752777777777778
66 0.070640625 0.17133333333333334 0.020015625000000002 0.035583333333333335
1 0.017453125 0.12202777777777778 0.020015625000000002 0.034583333333333334
35 0.01503125 0.06302777777777778 0.0204375 0.04061111111111111
22 0.15625 0.3130277777777778 0.019234375 0.03205555555555555