5 0.6296875 0.25 0.60625 0.31756756756756754 0.55625 0.3277027027027027 0.540625 0.3885135135135135 0.5265625 0.39864864864864863 0.484375 0.39864864864864863 0.528125 0.40202702702702703 0.540625 0.39864864864864863 0.54375 0.3885135135135135 0.5453125 0.41216216216216217 0.540625 0.4189189189189189 0.465625 0.4189189189189189 0.4265625 0.4831081081081081 0.40625 0.4831081081081081 0.403125 0.5067567567567568 0.4 0.4864864864864865 0.3765625 0.4797297297297297 0.371875 0.46283783783783783 0.3484375 0.46621621621621623 0.328125 0.48986486486486486 0.328125 0.543918918918919 0.340625 0.5608108108108109 0.3484375 0.5878378378378378 0.3703125 0.5912162162162162 0.3765625 0.6452702702702703 0.4046875 0.706081081081081 0.40625 0.7297297297297297 0.41875 0.7466216216216216 0.421875 0.7635135135135135 0.4375 0.7635135135135135 0.4953125 0.668918918918919 0.521875 0.652027027027027 0.5203125 0.6418918918918919 0.5296875 0.6385135135135135 0.5421875 0.5945945945945946 0.559375 0.5912162162162162 0.5625 0.5472972972972973 0.56875 0.527027027027027 0.578125 0.5371621621621622 0.5859375 0.527027027027027 0.5859375 0.49324324324324326 0.58125 0.4797297297297297 0.5640625 0.47297297297297297 0.5609375 0.4391891891891892 0.571875 0.4222972972972973 0.5828125 0.4222972972972973 0.59375 0.44594594594594594 0.5953125 0.43243243243243246 0.5984375 0.44256756756756754 0.6109375 0.4222972972972973 0.6375 0.44256756756756754 0.6421875 0.43243243243243246 0.6625 0.43243243243243246 0.66875 0.4527027027027027 0.6625 0.46959459459459457 0.6703125 0.47297297297297297 0.6703125 0.48986486486486486 0.6921875 0.5168918918918919 0.7328125 0.4966216216216216 0.740625 0.46959459459459457 0.74375 0.42905405405405406 0.7328125 0.40202702702702703 0.7234375 0.40202702702702703 0.725 0.38175675675675674 0.715625 0.34797297297297297 0.696875 0.32432432432432434 0.6921875 0.30405405405405406 0.6859375 0.30067567567567566 0.6828125 0.27702702702702703 0.6640625 0.28040540540540543 0.653125 0.2533783783783784 0.6390625 0.25
97 0.50390625 0.5532094594594594 0.065109375 0.18300675675675676
65 0.572265625 0.4152702702702703 0.048171874999999996 0.08165540540540542
37 0.6 0.4864864864864865 0.6046875 0.5506756756756757 0.6125 0.5844594594594594 0.596875 0.6216216216216216 0.5984375 0.6385135135135135 0.6109375 0.6452702702702703 0.6390625 0.6891891891891891 0.6578125 0.6891891891891891 0.6640625 0.6756756756756757 0.6609375 0.6587837837837838 0.6265625 0.5743243243243243 0.61875 0.5337837837837838 0.6078125 0.5236486486486487 0.603125 0.4864864864864865
63 0.9546875 0.6891891891891891 0.940625 0.7094594594594594 0.90625 0.7263513513513513 0.8890625 0.75 0.8765625 0.7364864864864865 0.884375 0.7567567567567568 0.88125 0.7702702702702703 0.8671875 0.7635135135135135 0.85625 0.7331081081081081 0.8421875 0.75 0.8203125 0.7364864864864865 0.796875 0.7432432432432432 0.825 0.7804054054054054 0.84375 0.777027027027027 0.859375 0.7972972972972973 0.8609375 0.8141891891891891 0.85 0.8141891891891891 0.8625 0.8581081081081081 0.8734375 0.875 0.8765625 0.918918918918919 0.8875 0.9256756756756757 0.890625 0.9054054054054054 0.903125 0.8986486486486487 0.9359375 0.8344594594594594 0.9578125 0.6959459459459459
85 0.7640625 0.625 0.740625 0.6486486486486487 0.7359375 0.6891891891891891 0.740625 0.7331081081081081 0.76875 0.7668918918918919 0.7890625 0.7466216216216216 0.8 0.7027027027027027 0.79375 0.6486486486486487 0.7765625 0.625
40 0.62934375 0.442972972972973 0.07954687499999999 0.015912162162162163
64 0.5708593750000001 0.31074324324324326 0.07485937499999999 0.011554054054054054
40 0.5715312499999999 0.2948310810810811 0.07620312500000001 0.01733108108108108
64 0.506359375 0.41047297297297297 0.076875 0.008682432432432432
42 0.5076875000000001 0.396722972972973 0.07954687499999999 0.015912162162162163
68 0.11534375 0.15966216216216217 0.14575 0.310945945945946
66 0.11796875 0.18179054054054056 0.010875 0.03179054054054054
67 0.116375 0.14307432432432432 0.017906250000000002 0.03733108108108108
49 0.12884374999999998 0.18800675675675677 0.015984375000000002 0.022128378378378378
82 0.12371875000000002 0.17351351351351352 0.013421875 0.02625
1 0.16528125 0.2585135135135135 0.017265625 0.038716216216216216
29 0.040921875 0.3041554054054054 0.020453125 0.041486486486486486