5 0.690625 0.5709459459459459 0.6734375 0.597972972972973 0.6734375 0.6148648648648649 0.684375 0.625 0.684375 0.652027027027027 0.7 0.6554054054054054 0.7140625 0.6858108108108109 0.728125 0.6655405405405406 0.73125 0.6858108108108109 0.7328125 0.6486486486486487 0.728125 0.6148648648648649 0.7171875 0.6114864864864865 0.7296875 0.6013513513513513 0.7203125 0.5912162162162162 0.715625 0.6081081081081081 0.703125 0.6114864864864865 0.6921875 0.5709459459459459
5 0.91875 0.34121621621621623 0.8453125 0.3547297297297297 0.8296875 0.3885135135135135 0.8265625 0.43243243243243246 0.8140625 0.46621621621621623 0.809375 0.4560810810810811 0.7984375 0.46283783783783783 0.7828125 0.5 0.775 0.4966216216216216 0.734375 0.5912162162162162 0.7390625 0.6418918918918919 0.7515625 0.6216216216216216 0.7796875 0.6216216216216216 0.7890625 0.6351351351351351 0.79375 0.6824324324324325 0.7890625 0.722972972972973 0.7953125 0.7263513513513513 0.7890625 0.7364864864864865 0.7953125 0.7466216216216216 0.790625 0.7702702702702703 0.80625 0.777027027027027 0.8125 0.7432432432432432 0.825 0.7195945945945946 0.840625 0.7297297297297297 0.8328125 0.7027027027027027 0.8265625 0.6993243243243243 0.8234375 0.6756756756756757 0.8296875 0.6621621621621622 0.8453125 0.668918918918919 0.865625 0.6554054054054054 0.8703125 0.6283783783783784 0.8796875 0.6182432432432432 0.9 0.5574324324324325 0.91875 0.527027027027027 0.9265625 0.543918918918919 0.9671875 0.5472972972972973 0.9703125 0.5844594594594594 0.99375 0.5912162162162162 0.9984375 0.581081081081081 0.9984375 0.40878378378378377 0.9859375 0.4391891891891892 0.9859375 0.40202702702702703 0.9734375 0.40878378378378377 0.9734375 0.3918918918918919 0.959375 0.3885135135135135 0.9578125 0.3581081081081081 0.9390625 0.3614864864864865 0.9359375 0.34797297297297297 0.9203125 0.34121621621621623
5 0.3232638888888889 0 0.1875 0 0.1859375 0.05405405405405406 0.1890625 0.07432432432432433 0.2046875 0.060810810810810814 0.2125 0.07094594594594594 0.2171875 0.09797297297297297 0.25625 0.12837837837837837 0.2890625 0.08445945945945946 0.334375 0.05067567567567568 0.33125 0
97 0.496875 0.4594594594594595 0.4921875 0.4864864864864865 0.4953125 0.5202702702702703 0.4859375 0.5608108108108109 0.4734375 0.5777027027027027 0.4765625 0.6013513513513513 0.4953125 0.6047297297297297 0.4984375 0.5743243243243243 0.5125 0.5371621621621622 0.5109375 0.4864864864864865 0.4984375 0.4594594594594595
84 0.715625 0.8277027027027027 0.696875 0.831081081081081 0.6875 0.8682432432432432 0.6921875 0.9087837837837838 0.7125 0.9391891891891891 0.7328125 0.9290540540540541 0.740625 0.8851351351351351 0.7375 0.8513513513513513 0.7234375 0.8277027027027027
85 0.7703125 0.625 0.75625 0.6283783783783784 0.7390625 0.6554054054054054 0.7390625 0.706081081081081 0.75 0.7364864864864865 0.76875 0.7398648648648649 0.7875 0.7094594594594594 0.7875 0.6418918918918919 0.775 0.625
24 0.5625 0.11486486486486487 0.5453125 0.1554054054054054 0.546875 0.17567567567567569 0.5375 0.19594594594594594 0.540625 0.2195945945945946 0.5640625 0.21621621621621623 0.5796875 0.17229729729729729 0.575 0.15878378378378377 0.5796875 0.15202702702702703 0.58125 0.125 0.5640625 0.11486486486486487
24 0.6015625 0.12162162162162163 0.5859375 0.14864864864864866 0.584375 0.17567567567567569 0.60625 0.17567567567567569 0.6125 0.16554054054054054 0.6140625 0.1554054054054054 0.6046875 0.14527027027027026 0.603125 0.12162162162162163
24 0.67578125 0 0.665625 0.006756756756756757 0.6625 0.05405405405405406 0.6671875 0.06756756756756757 0.6875 0.0472972972972973 0.684375 0
90 0.01875 0.44932432432432434 0.0171875 0.46283783783783783 0.025 0.46283783783783783 0.028125 0.4831081081081081 0.04375 0.5101351351351351 0.040625 0.5337837837837838 0.0453125 0.543918918918919 0.0328125 0.5472972972972973 0.0140625 0.5 0.009375 0.5236486486486487 0 0.527027027027027 0 0.8108108108108109 0.0296875 0.8209459459459459 0.0328125 0.8006756756756757 0.08125 0.7702702702702703 0.0796875 0.7601351351351351 0.0921875 0.7398648648648649 0.0984375 0.6891891891891891 0.09375 0.6858108108108109 0.0921875 0.6621621621621622 0.0515625 0.4864864864864865 0.0203125 0.44932432432432434
68 0.113328125 0.15722972972972973 0.14675 0.31445945945945947
1 0.150671875 0.29462837837837835 0.01440625 0.033986486486486486
82 0.126109375 0.2719594594594595 0.017687500000000002 0.03682432432432432
49 0.113328125 0.22027027027027027 0.01703125 0.035405405405405405
66 0.111375 0.1756418918918919 0.01834375 0.03682432432432432
29 0.07075000000000001 0.053817567567567566 0.01571875 0.03682432432432432
30 0.059609375 0.035405405405405405 0.01440625 0.033986486486486486
45 0.63125 0.8445945945945946 0.61875 0.8648648648648649 0.615625 0.8986486486486487 0.621875 0.9256756756756757 0.6453125 0.9358108108108109 0.6546875 0.9222972972972973 0.659375 0.8783783783783784 0.65625 0.8614864864864865 0.64375 0.8445945945945946