97 0.49375 0.46621621621621623 0.49375 0.5236486486486487 0.484375 0.5912162162162162 0.5 0.6114864864864865 0.521875 0.6148648648648649 0.528125 0.5844594594594594 0.5109375 0.5304054054054054 0.5125 0.4966216216216216 0.50625 0.46959459459459457 0.4953125 0.46959459459459457
25 0.7265625 0.3108108108108108 0.7 0.36824324324324326 0.6859375 0.36824324324324326 0.7 0.4222972972972973 0.7078125 0.43243243243243246 0.7390625 0.4391891891891892 0.753125 0.4189189189189189 0.7484375 0.3716216216216216 0.753125 0.34797297297297297 0.7453125 0.3344594594594595 0.74375 0.3141891891891892 0.7296875 0.31756756756756754
24 0.6015625 0.5912162162162162 0.5828125 0.6013513513513513 0.584375 0.6114864864864865 0.5984375 0.6081081081081081 0.6015625 0.625 0.5875 0.6317567567567568 0.578125 0.652027027027027 0.5765625 0.6790540540540541 0.58125 0.6925675675675675 0.60625 0.7128378378378378 0.6171875 0.7364864864864865 0.625 0.7364864864864865 0.6375 0.7027027027027027 0.6375 0.6790540540540541 0.6265625 0.6655405405405406 0.6265625 0.652027027027027 0.6359375 0.6418918918918919 0.653125 0.6858108108108109 0.65625 0.668918918918919 0.6484375 0.6317567567567568 0.640625 0.6317567567567568 0.6328125 0.6081081081081081 0.6203125 0.6081081081081081 0.6125 0.5912162162162162
86 0.8578125 0.5236486486486487 0.8359375 0.5304054054054054 0.821875 0.5743243243243243 0.825 0.6182432432432432 0.853125 0.6655405405405406 0.871875 0.652027027027027 0.884375 0.6114864864864865 0.8828125 0.5641891891891891 0.8640625 0.5236486486486487
84 0.725 0.8108108108108109 0.7015625 0.8209459459459459 0.6890625 0.8547297297297297 0.6921875 0.9121621621621622 0.7109375 0.9391891891891891 0.7390625 0.918918918918919 0.7453125 0.875 0.7515625 0.8716216216216216 0.740625 0.8277027027027027 0.7265625 0.8141891891891891
5 0.471484375 0.05405405405405406 0.4109375 0.060810810810810814 0.39375 0.07432432432432433 0.3796875 0.11824324324324324 0.353125 0.11824324324324324 0.346875 0.13851351351351351 0.30625 0.1891891891891892 0.2828125 0.17567567567567569 0.2703125 0.1858108108108108 0.259375 0.1858108108108108 0.253125 0.17229729729729729 0.2359375 0.17905405405405406 0.2203125 0.16216216216216217 0.2125 0.17905405405405406 0.2171875 0.19594594594594594 0.2125 0.20270270270270271 0.2171875 0.21621621621621623 0.2140625 0.22972972972972974 0.2046875 0.23986486486486486 0.2015625 0.2195945945945946 0.1890625 0.19932432432432431 0.1875 0.23986486486486486 0.2 0.27364864864864863 0.209375 0.2702702702702703 0.2171875 0.2905405405405405 0.2171875 0.31756756756756754 0.228125 0.3277027027027027 0.2484375 0.3716216216216216 0.2859375 0.39864864864864863 0.3828125 0.28716216216216217 0.3890625 0.2668918918918919 0.3796875 0.25 0.3765625 0.21621621621621623 0.378125 0.19594594594594594 0.3875 0.17905405405405406 0.4359375 0.17567567567567569 0.440625 0.1554054054054054 0.4578125 0.15202702702702703 0.4734375 0.16216216216216217 0.4796875 0.1554054054054054 0.4765625 0.13175675675675674 0.48125 0.125 0.4953125 0.13513513513513514 0.5203125 0.12837837837837837 0.53125 0.15202702702702703 0.546875 0.14864864864864866 0.5109375 0.06418918918918919 0.4796875 0.05405405405405406
64 0.509109375 0.40820945945945947 0.080734375 0.016891891891891893
42 0.505859375 0.3969594594594595 0.076828125 0.016891891891891893
68 0.11328125 0.16047297297297297 0.1484375 0.32094594594594594
66 0.10978125000000001 0.1602027027027027 0.016468749999999997 0.035608108108108105
49 0.092453125 0.13527027027027028 0.015296874999999998 0.03908783783783784
82 0.09871875 0.11422297297297299 0.012515624999999999 0.03307432432432432
29 0.09628125 0.08192567567567567 0.018765625 0.03456081081081081
50 0.10635937499999999 0.06837837837837837 0.015296874999999998 0.037567567567567565
30 0.108109375 0.023310810810810812 0.018765625 0.037567567567567565
1 0.1720625 0.19841216216216215 0.02015625 0.03608108108108108
91 0.984375 0 0.9703125 0.0033783783783783786 0.9609375 0.08108108108108109 0.9640625 0.09797297297297297 0.95 0.11824324324324324 0.9484375 0.14527027027027026 0.934375 0.14864864864864866 0.928125 0.13175675675675674 0.9234375 0.13851351351351351 0.9375 0.1891891891891892 0.9515625 0.20608108108108109 0.984375 0.20945945945945946 0.99375 0.19256756756756757 0.9890625 0.125 0.9984375 0.09121621621621621 0.9953125 0