65 0.46940625 0.6235810810810811 0.076828125 0.17172297297297295
69 0.7546875 0.19594594594594594 0.7171875 0.21283783783783783 0.71875 0.25675675675675674 0.709375 0.30405405405405406 0.7234375 0.30743243243243246 0.728125 0.28378378378378377 0.75 0.3344594594594595 0.765625 0.28716216216216217 0.7734375 0.2939189189189189 0.7734375 0.3141891891891892 0.778125 0.32094594594594594 0.7953125 0.3108108108108108 0.7890625 0.27702702702702703 0.79375 0.24324324324324326 0.7796875 0.23310810810810811 0.7640625 0.19594594594594594 0.75625 0.19932432432432431
97 0.24375 0.3277027027027027 0.2390625 0.3716216216216216 0.2484375 0.43243243243243246 0.2625 0.46283783783783783 0.2828125 0.44932432432432434 0.2859375 0.42567567567567566 0.26875 0.40878378378378377 0.2484375 0.3277027027027027
10 0.684765625 0.6526351351351352 0.08596875000000001 0.2618918918918919
5 0.4234375 0.4155405405405405 0.4109375 0.4222972972972973 0.4078125 0.4358108108108108 0.3953125 0.43243243243243246 0.38125 0.4594594594594595 0.371875 0.4527027027027027 0.3640625 0.46283783783783783 0.3578125 0.4391891891891892 0.34375 0.4391891891891892 0.328125 0.4831081081081081 0.3140625 0.47297297297297297 0.3109375 0.4527027027027027 0.2953125 0.47635135135135137 0.296875 0.48986486486486486 0.303125 0.4831081081081081 0.309375 0.4966216216216216 0.3109375 0.5135135135135135 0.3203125 0.5101351351351351 0.315625 0.4966216216216216 0.3234375 0.49324324324324326 0.3328125 0.5641891891891891 0.3296875 0.5743243243243243 0.3359375 0.581081081081081 0.33125 0.5945945945945946 0.3578125 0.6790540540540541 0.3765625 0.7195945945945946 0.39375 0.7162162162162162 0.43125 0.6655405405405406 0.446875 0.6081081081081081 0.446875 0.5945945945945946 0.4359375 0.5878378378378378 0.4375 0.5777027027027027 0.4640625 0.5472972972972973 0.4515625 0.527027027027027 0.4515625 0.5 0.4328125 0.4966216216216216 0.4234375 0.5101351351351351 0.40625 0.5 0.4046875 0.47297297297297297 0.409375 0.4560810810810811 0.4265625 0.4527027027027027 0.4359375 0.46621621621621623 0.4359375 0.4222972972972973 0.428125 0.4155405405405405
5 0.6015625 0.23310810810810811 0.571875 0.24324324324324326 0.559375 0.2635135135135135 0.5515625 0.25675675675675674 0.540625 0.2702702702702703 0.5328125 0.2668918918918919 0.4984375 0.33783783783783783 0.496875 0.3547297297297297 0.4828125 0.375 0.4765625 0.44256756756756754 0.5109375 0.44932432432432434 0.5109375 0.49324324324324326 0.4828125 0.5 0.48125 0.543918918918919 0.471875 0.5472972972972973 0.4734375 0.5574324324324325 0.484375 0.5608108108108109 0.4859375 0.5743243243243243 0.4984375 0.5743243243243243 0.5296875 0.5236486486486487 0.528125 0.42567567567567566 0.5390625 0.40540540540540543 0.5546875 0.4189189189189189 0.5828125 0.3918918918918919 0.5953125 0.3952702702702703 0.6375 0.3716216216216216 0.6453125 0.35135135135135137 0.6546875 0.3614864864864865 0.6578125 0.38513513513513514 0.6765625 0.375 0.678125 0.34459459459459457 0.66875 0.33783783783783783 0.66875 0.3108108108108108 0.653125 0.2905405405405405 0.65 0.2668918918918919 0.625 0.2668918918918919 0.6078125 0.23310810810810811
5 0.778125 0.8277027027027027 0.7515625 0.8817567567567568 0.7421875 0.918918918918919 0.7234375 0.9391891891891891 0.6953125 0.9358108108108109 0.6875 0.9594594594594594 0.68125 0.956081081081081 0.6828125 0.9966216216216216 0.871875 0.9932432432432432 0.875 0.956081081081081 0.859375 0.9290540540540541 0.85625 0.9087837837837838 0.840625 0.8986486486486487 0.8328125 0.9121621621621622 0.8140625 0.9155405405405406 0.796875 0.8885135135135135 0.7828125 0.8918918918918919 0.7796875 0.831081081081081
64 0.46985937499999997 0.4920945945945946 0.08204687499999999 0.01266891891891892
40 0.470828125 0.4783783783783784 0.07814062499999999 0.023243243243243242
41 0.44201562499999997 0.2629391891891892 0.08303125 0.01902027027027027
41 0.68525 0.5734121621621622 0.081078125 0.023243243243243242
5 0.8340909090909092 0 0.753125 0 0.71875 0.07094594594594594 0.7171875 0.10472972972972973 0.7296875 0.12162162162162163 0.73125 0.14527027027027026 0.8078125 0.14189189189189189 0.83125 0.11486486486486487 0.84375 0.08108108108108109 0.8421875 0
41 0.76778125 0.13199324324324324 0.07618749999999999 0.014797297297297297
42 0.24176562499999998 0.2618918918918919 0.079125 0.016891891891891893
64 0.24275000000000002 0.2766891891891892 0.081078125 0.016891891891891893