5 0.2890625 0.3108108108108108 0.2546875 0.34459459459459457 0.2515625 0.3581081081081081 0.240625 0.35135135135135137 0.225 0.3716216216216216 0.2125 0.4222972972972973 0.2171875 0.47297297297297297 0.2234375 0.4797297297297297 0.234375 0.46621621621621623 0.2703125 0.46283783783783783 0.33125 0.4864864864864865 0.4015625 0.5472972972972973 0.428125 0.6081081081081081 0.4453125 0.6283783783783784 0.45 0.652027027027027 0.4625 0.652027027027027 0.46875 0.668918918918919 0.48125 0.6722972972972973 0.4796875 0.6655405405405406 0.490625 0.652027027027027 0.5015625 0.6587837837837838 0.5234375 0.6182432432432432 0.515625 0.6216216216216216 0.5171875 0.6047297297297297 0.525 0.5945945945945946 0.5203125 0.527027027027027 0.496875 0.5033783783783784 0.49375 0.46283783783783783 0.484375 0.4527027027027027 0.4890625 0.44932432432432434 0.446875 0.42567567567567566 0.4265625 0.36486486486486486 0.3515625 0.34121621621621623 0.3328125 0.31756756756756754 0.309375 0.3277027027027027 0.29375 0.3108108108108108
97 0.50715625 0.5419594594594594 0.061203125000000004 0.17172297297297295
63 0.921875 0.40878378378378377 0.903125 0.42905405405405406 0.8734375 0.43243243243243246 0.8734375 0.46959459459459457 0.8625 0.5 0.8609375 0.5168918918918919 0.8734375 0.5337837837837838 0.884375 0.5743243243243243 0.884375 0.597972972972973 0.8765625 0.6047297297297297 0.8765625 0.6182432432432432 0.8859375 0.6385135135135135 0.878125 0.6858108108108109 0.878125 0.7027027027027027 0.884375 0.7094594594594594 0.896875 0.7128378378378378 0.890625 0.7027027027027027 0.8890625 0.6824324324324325 0.91875 0.6452702702702703 0.9265625 0.625 0.9140625 0.6182432432432432 0.896875 0.581081081081081 0.9171875 0.5101351351351351 0.9296875 0.5033783783783784 0.9234375 0.47297297297297297 0.934375 0.4222972972972973 0.925 0.40878378378378377
56 0.9212187500000001 0.44483108108108105 0.040359374999999996 0.11260135135135134
86 0.8484375 0.5202702702702703 0.83125 0.5371621621621622 0.81875 0.5777027027027027 0.825 0.6452702702702703 0.85625 0.6418918918918919 0.8734375 0.6114864864864865 0.8765625 0.5675675675675675 0.85625 0.5202702702702703
24 0.9265625 0.6351351351351351 0.896875 0.6655405405405406 0.8875 0.6858108108108109 0.9 0.722972972972973 0.9109375 0.7297297297297297 0.9078125 0.7364864864864865 0.940625 0.7297297297297297 0.946875 0.706081081081081 0.9390625 0.6824324324324325 0.94375 0.668918918918919 0.95625 0.7027027027027027 0.9609375 0.7027027027027027 0.9578125 0.668918918918919 0.9515625 0.668918918918919 0.94375 0.6418918918918919 0.93125 0.6351351351351351
24 0.95 0.543918918918919 0.93125 0.5675675675675675 0.9140625 0.5743243243243243 0.9140625 0.5912162162162162 0.9296875 0.6216216216216216 0.9421875 0.625 0.9609375 0.6114864864864865 0.9578125 0.5844594594594594 0.9640625 0.5574324324324325 0.953125 0.543918918918919
84 0.7203125 0.8108108108108109 0.6953125 0.8277027027027027 0.6875 0.8648648648648649 0.6953125 0.9222972972972973 0.715625 0.9459459459459459 0.740625 0.918918918918919 0.753125 0.8716216216216216 0.746875 0.8378378378378378 0.7265625 0.8108108108108109
45 0.63125 0.847972972972973 0.61875 0.8716216216216216 0.6171875 0.9054054054054054 0.6296875 0.9324324324324325 0.6453125 0.9324324324324325 0.6546875 0.9155405405405406 0.6578125 0.8817567567567568 0.6546875 0.8648648648648649 0.6421875 0.847972972972973
17 0.459375 0.05067567567567568 0.428125 0.09121621621621621 0.4234375 0.10135135135135136 0.428125 0.11824324324324324 0.446875 0.10810810810810811 0.4609375 0.125 0.48125 0.07094594594594594 0.490625 0.06418918918918919 0.484375 0.05067567567567568 0.475 0.060810810810810814 0.4640625 0.05067567567567568
91 0.9885416666666667 0 0.96875 0 0.96875 0.02702702702702703 0.9609375 0.030405405405405407 0.95625 0.07432432432432433 0.9375 0.09797297297297297 0.953125 0.13851351351351351 0.9828125 0.15202702702702703 0.9984375 0.125 0.9984375 0
64 0.50790625 0.41422297297297295 0.07865625000000001 0.012804054054054053
42 0.50790625 0.3968581081081081 0.07865625000000001 0.014628378378378378
68 0.1141875 0.15635135135135136 0.145484375 0.31273648648648644
66 0.156890625 0.25969594594594597 0.017765625 0.03658783783783784
82 0.17381249999999998 0.25878378378378375 0.014374999999999999 0.03841216216216216
49 0.15775 0.2139527027027027 0.016078125 0.040236486486486485
29 0.070203125 0.051216216216216214 0.018609375 0.04388513513513514