97 0.49765625 0.5305555555555556 0.0828125 0.15555555555555556
68 0.087734375 0.1559722222222222 0.175484375 0.3119722222222222
22 0.0108125 0.024583333333333332 0.021625 0.04913888888888889
5 0.102765625 0.38783333333333336 0.193515625 0.1388888888888889
1 0.128359375 0.295 0.023640625000000002 0.03152777777777778
82 0.141875 0.2905 0.020265625000000002 0.04052777777777778
35 0.168265625 0.29486111111111113 0.02403125 0.034194444444444444
86 0.92246875 0.5865277777777778 0.078125 0.13033333333333333
91 0.7830468749999999 0.23930555555555558 0.11659375000000001 0.3589722222222222
66 0.097109375 0.1411111111111111 0.023640625000000002 0.03902777777777778
49 0.06925 0.11483333333333334 0.025328125 0.03752777777777778
94 0.051937500000000004 0.09008333333333333 0.024484375 0.03302777777777778
29 0.03209375 0.03752777777777778 0.027015624999999998 0.03602777777777778
30 0.040531250000000005 0.0165 0.020265625000000002 0.03302777777777778