85 0.829296875 0.6916111111111111 0.078921875 0.1386111111111111
45 0.66759375 0.8896944444444445 0.049125 0.09022222222222222
5 0.912625 0.49572222222222223 0.11285937500000001 0.2239722222222222
5 0.42623437500000005 0.11802777777777779 0.23156249999999998 0.1676388888888889
84 0.7678125 0.883638888888889 0.075328125 0.13797222222222222
81 0.73265625 0.1973611111111111 0.064453125 0.2266388888888889
41 0.7475625 0.014388888888888889 0.09334375 0.013555555555555555
97 0.334265625 0.9221111111111111 0.077171875 0.15577777777777777
5 0.016671875 0.9451666666666666 0.0333125 0.10252777777777777
40 0.278296875 0.02761111111111111 0.048390625 0.011055555555555556
64 0.3421875 0.7944444444444444 0.1 0.016666666666666666
42 0.341234375 0.7779444444444444 0.096453125 0.013972222222222223
68 0.089515625 0.15661111111111112 0.179046875 0.31322222222222224
66 0.089671875 0.09238888888888888 0.01834375 0.03261111111111111
83 0.11209374999999999 0.08966666666666667 0.024453125 0.03805555555555555
29 0.08429687500000001 0.05430555555555556 0.017109375 0.036194444444444446
30 0.1018125 0.052861111111111116 0.01628125 0.030416666666666665
67 0.11809375 0.05430555555555556 0.019546875 0.033305555555555554
1 0.06515625 0.025333333333333333 0.0244375 0.03908333333333333
79 0.9296875 0.08613888888888889 0.09040625 0.013027777777777779
40 0.9309062499999999 0.07238888888888889 0.08959375 0.017361111111111112
38 0.897921875 0.23672222222222222 0.052937500000000005 0.08833333333333333