15 0.5421875 0.12777777777777777 0.5015625 0.1527777777777778 0.4953125 0.15 0.4953125 0.1388888888888889 0.4109375 0.1361111111111111 0.403125 0.16666666666666666 0.3875 0.16666666666666666 0.346875 0.26666666666666666 0.3609375 0.2861111111111111 0.3828125 0.26666666666666666 0.4125 0.26944444444444443 0.403125 0.2916666666666667 0.3671875 0.2972222222222222 0.378125 0.3055555555555556 0.415625 0.29444444444444445 0.434375 0.30277777777777776 0.45 0.28888888888888886 0.4625 0.29444444444444445 0.4859375 0.275 0.49375 0.25277777777777777 0.515625 0.25 0.5140625 0.21666666666666667 0.5328125 0.21388888888888888 0.5328125 0.18888888888888888 0.5125 0.19166666666666668 0.5046875 0.18055555555555555 0.5046875 0.16944444444444445 0.5203125 0.16944444444444445 0.5671875 0.19722222222222222 0.5984375 0.18611111111111112 0.5828125 0.15 0.5609375 0.14444444444444443 0.5515625 0.12777777777777777
38 0.3984375 0.22361111111111112 0.065625 0.14722222222222223
85 0.82578125 0.625 0.803125 0.6333333333333333 0.7859375 0.675 0.7890625 0.7305555555555555 0.8078125 0.7611111111111111 0.815625 0.7638888888888888 0.8453125 0.7555555555555555 0.8640625 0.7138888888888889 0.8640625 0.6722222222222223 0.85625 0.6472222222222223 0.834375 0.625
5 0.3484375 0.8444444444444444 0.334375 0.8694444444444445 0.3140625 0.8638888888888889 0.2984375 0.8805555555555555 0.303125 0.9194444444444444 0.2953125 0.9305555555555556 0.284375 0.9305555555555556 0.2875 0.9388888888888889 0.2796875 0.9666666666666667 0.275 0.9638888888888889 0.2734375 0.9972222222222222 0.478125 0.9972222222222222 0.475 0.95 0.4625 0.9388888888888889 0.4421875 0.8972222222222223 0.4265625 0.9083333333333333 0.41875 0.8888888888888888 0.403125 0.875 0.384375 0.8722222222222222 0.3796875 0.8583333333333333 0.35625 0.875 0.353125 0.8444444444444444
5 0.95 0.23333333333333334 0.93125 0.25 0.9234375 0.28055555555555556 0.9015625 0.3194444444444444 0.903125 0.34444444444444444 0.8953125 0.36944444444444446 0.9140625 0.4083333333333333 0.95 0.43333333333333335 0.9890625 0.4361111111111111 0.9984375 0.4222222222222222 0.9984375 0.24444444444444444 0.9609375 0.23333333333333334
5 0.2421875 0.10833333333333334 0.228125 0.11944444444444445 0.2109375 0.11388888888888889 0.2078125 0.12222222222222222 0.2015625 0.1111111111111111 0.19375 0.1111111111111111 0.1796875 0.13055555555555556 0.1765625 0.25277777777777777 0.1734375 0.2777777777777778 0.165625 0.2833333333333333 0.165625 0.30277777777777776 0.184375 0.30277777777777776 0.1890625 0.2777777777777778 0.2015625 0.2722222222222222 0.246875 0.19444444444444445 0.25625 0.16944444444444445 0.2578125 0.1361111111111111 0.2546875 0.11944444444444445 0.24375 0.10833333333333334
79 0.39665625000000004 0.09911111111111111 0.09384375 0.009972222222222223
40 0.39825 0.08672222222222221 0.097546875 0.015361111111111112
64 0.509765625 0.41355555555555557 0.0970625 0.011416666666666667
42 0.50896875 0.3992777777777778 0.09384375 0.01711111111111111
68 0.08903124999999999 0.1597222222222222 0.178078125 0.3108888888888889
1 0.062171875 0.29233333333333333 0.02165625 0.03991666666666666
66 0.13315625 0.16969444444444445 0.017640625 0.022805555555555558
49 0.127140625 0.14830555555555555 0.020046875 0.03708333333333333
29 0.13515625 0.12833333333333335 0.024859375 0.03422222222222222
30 0.14559375000000002 0.049916666666666665 0.02165625 0.03708333333333333