97 0.4921875 0.4638888888888889 0.478125 0.4861111111111111 0.4828125 0.5 0.478125 0.5166666666666667 0.48125 0.5472222222222223 0.4734375 0.5805555555555556 0.4765625 0.6277777777777778 0.4984375 0.6222222222222222 0.5078125 0.5916666666666667 0.50625 0.5444444444444444 0.5171875 0.5166666666666667 0.5296875 0.5027777777777778 0.525 0.4888888888888889 0.5140625 0.5 0.5078125 0.49722222222222223 0.496875 0.4638888888888889
5 0.665625 0.7555555555555555 0.6515625 0.7666666666666667 0.64375 0.7861111111111111 0.621875 0.7722222222222223 0.6109375 0.7944444444444444 0.60625 0.8277777777777777 0.5671875 0.8277777777777777 0.5546875 0.8444444444444444 0.540625 0.8416666666666667 0.5359375 0.9055555555555556 0.5234375 0.9333333333333333 0.5234375 0.95 0.5296875 0.9527777777777777 0.5296875 0.9638888888888889 0.5203125 0.9777777777777777 0.521875 0.9944444444444445 0.7765625 0.9972222222222222 0.7765625 0.9861111111111112 0.7875 0.9722222222222222 0.7859375 0.9305555555555556 0.7828125 0.925 0.778125 0.9333333333333333 0.759375 0.9333333333333333 0.7375 0.9138888888888889 0.7296875 0.8805555555555555 0.7328125 0.8222222222222222 0.7234375 0.8111111111111111 0.7125 0.8222222222222222 0.703125 0.8 0.7078125 0.7916666666666666 0.69375 0.7722222222222223 0.68125 0.7722222222222223 0.671875 0.7555555555555555
5 0.58359375 0.15555555555555556 0.5640625 0.16666666666666666 0.5453125 0.15833333333333333 0.528125 0.18611111111111112 0.51875 0.175 0.5078125 0.24166666666666667 0.5203125 0.2638888888888889 0.53125 0.31666666666666665 0.55 0.3527777777777778 0.5671875 0.3527777777777778 0.590625 0.36666666666666664 0.634375 0.3333333333333333 0.6515625 0.2916666666666667 0.659375 0.24722222222222223 0.646875 0.24444444444444444 0.6484375 0.21944444444444444 0.64375 0.20555555555555555 0.63125 0.2 0.6265625 0.16666666666666666 0.60625 0.16944444444444445 0.59375 0.15555555555555556
5 0.275 0.4111111111111111 0.2703125 0.4222222222222222 0.2546875 0.4166666666666667 0.2484375 0.42777777777777776 0.234375 0.42777777777777776 0.2265625 0.44166666666666665 0.203125 0.4388888888888889 0.19375 0.42777777777777776 0.1859375 0.44722222222222224 0.18125 0.5027777777777778 0.1578125 0.48055555555555557 0.15625 0.5027777777777778 0.1328125 0.5333333333333333 0.140625 0.5472222222222223 0.140625 0.575 0.1796875 0.5833333333333334 0.2046875 0.6388888888888888 0.2203125 0.6583333333333333 0.26875 0.6555555555555556 0.303125 0.6388888888888888 0.33125 0.5694444444444444 0.325 0.5388888888888889 0.33125 0.5111111111111111 0.3234375 0.48333333333333334 0.3140625 0.48055555555555557 0.296875 0.43333333333333335 0.278125 0.4111111111111111
85 0.82578125 0.625 0.8015625 0.6361111111111111 0.7875 0.6694444444444444 0.79375 0.7388888888888889 0.8125 0.7638888888888888 0.834375 0.7638888888888888 0.8484375 0.7527777777777778 0.8640625 0.7166666666666667 0.865625 0.6805555555555556 0.8609375 0.6611111111111111 0.853125 0.6416666666666667 0.8359375 0.625
84 0.775 0.8111111111111111 0.7453125 0.8194444444444444 0.734375 0.8388888888888889 0.7296875 0.8694444444444445 0.734375 0.9027777777777778 0.7515625 0.9277777777777778 0.7671875 0.9305555555555556 0.784375 0.9194444444444444 0.796875 0.8833333333333333 0.80625 0.875 0.8015625 0.8444444444444444 0.7765625 0.8138888888888889
45 0.6640625 0.8444444444444444 0.65 0.8583333333333333 0.6421875 0.8805555555555555 0.6421875 0.9 0.6546875 0.9305555555555556 0.675 0.9361111111111111 0.690625 0.9111111111111111 0.6921875 0.875 0.6828125 0.8527777777777777 0.6703125 0.8444444444444444
68 0.090625 0.15694444444444444 0.18125 0.3138888888888889
49 0.046046875 0.16241666666666665 0.02484375 0.03638888888888889
66 0.074921875 0.11305555555555556 0.02265625 0.04158333333333333
1 0.10159375 0.19816666666666669 0.021921875 0.024694444444444446
82 0.100859375 0.17152777777777778 0.023390625 0.03897222222222222
2 0.1575 0.16697222222222222 0.01534375 0.035083333333333334
83 0.163359375 0.1806111111111111 0.018265625 0.031194444444444445
29 0.074546875 0.031194444444444445 0.021921875 0.04158333333333333
30 0.095375 0.02077777777777778 0.0168125 0.04158333333333333