45 0.668078125 0.8908333333333333 0.04971875 0.08808333333333333
102 0.9300625 0.5913611111111111 0.07609375 0.13855555555555557
5 0.467078125 0.6376111111111111 0.15267187499999998 0.283
64 0.14742187499999998 0.8182777777777778 0.09884375 0.01338888888888889
40 0.1466875 0.8077500000000001 0.096828125 0.016083333333333335
64 0.50928125 0.4125 0.09717187499999999 0.011916666666666667
42 0.50853125 0.39822222222222226 0.09323437500000001 0.013500000000000002
85 0.8272031249999999 0.6946666666666667 0.072140625 0.13452777777777777
84 0.766703125 0.8773333333333333 0.071546875 0.11658333333333333
68 0.087828125 0.15611111111111112 0.175640625 0.31222222222222223
29 0.09171875 0.041694444444444444 0.019265625 0.04466666666666666
82 0.13234375 0.12658333333333333 0.01340625 0.02086111111111111
1 0.14156249999999998 0.13624999999999998 0.01675 0.028305555555555553
66 0.146171875 0.11019444444444446 0.0209375 0.029777777777777778
49 0.0783125 0.25166666666666665 0.01759375 0.03872222222222222
50 0.145328125 0.06477777777777778 0.0209375 0.03127777777777778
91 0.95475 0.08805555555555555 0.0905 0.17613888888888887
65 0.18928125 0.92675 0.09768750000000001 0.1383888888888889