81 0.26796875 0.49722222222222223 0.1109375 0.2777777777777778
38 0.303125 0.3277777777777778 0.0875 0.16111111111111112
97 0.4953125 0.4777777777777778 0.4734375 0.5388888888888889 0.471875 0.5583333333333333 0.48125 0.6055555555555555 0.496875 0.5888888888888889 0.5046875 0.5944444444444444 0.5171875 0.575 0.5171875 0.5055555555555555 0.503125 0.4777777777777778
42 0.51046875 0.3961944444444444 0.09221875 0.01952777777777778
64 0.306828125 0.21272222222222223 0.095515625 0.015611111111111112
40 0.307375 0.20005555555555554 0.096609375 0.017555555555555557
64 0.247703125 0.2986388888888889 0.099375 0.006583333333333333
40 0.24975 0.28494444444444444 0.09331249999999999 0.01952777777777778
80 0.21803124999999998 0.3283055555555556 0.094921875 0.010555555555555556
41 0.218453125 0.31224999999999997 0.09440625 0.01952777777777778
5 0.603125 0.3611111111111111 0.5921875 0.37222222222222223 0.5640625 0.37222222222222223 0.5625 0.4027777777777778 0.546875 0.4361111111111111 0.5328125 0.44722222222222224 0.5296875 0.4638888888888889 0.5484375 0.5472222222222223 0.571875 0.5944444444444444 0.621875 0.6166666666666667 0.6375 0.6083333333333333 0.65 0.5805555555555556 0.6609375 0.5805555555555556 0.6734375 0.5638888888888889 0.6953125 0.5027777777777778 0.69375 0.48055555555555557 0.6984375 0.4666666666666667 0.68125 0.425 0.6625 0.41944444444444445 0.6578125 0.39166666666666666 0.65 0.3972222222222222 0.6453125 0.38333333333333336 0.625 0.3861111111111111 0.60625 0.36666666666666664
5 0.2265625 0.7083333333333334 0.2203125 0.7111111111111111 0.225 0.7194444444444444 0.2203125 0.7277777777777777 0.2015625 0.7194444444444444 0.178125 0.7444444444444445 0.16875 0.7361111111111112 0.1609375 0.7583333333333333 0.15 0.7444444444444445 0.1375 0.8138888888888889 0.109375 0.7944444444444444 0.109375 0.8166666666666667 0.09375 0.8444444444444444 0.090625 0.8638888888888889 0.0765625 0.8722222222222222 0.0859375 0.8888888888888888 0.0859375 0.9138888888888889 0.0796875 0.9222222222222223 0.1125 0.9583333333333334 0.1453125 0.9583333333333334 0.146875 0.95 0.1546875 0.95 0.153125 0.9333333333333333 0.1484375 0.9305555555555556 0.1578125 0.9222222222222223 0.165625 0.9305555555555556 0.16875 0.9527777777777777 0.18125 0.9388888888888889 0.1859375 0.95 0.1921875 0.9444444444444444 0.1765625 0.9305555555555556 0.19375 0.9333333333333333 0.1953125 0.8916666666666667 0.209375 0.8944444444444445 0.215625 0.8805555555555555 0.2171875 0.8972222222222223 0.2125 0.9083333333333333 0.23125 0.9416666666666667 0.2265625 0.9555555555555556 0.2359375 0.9694444444444444 0.228125 0.975 0.221875 0.9527777777777777 0.2078125 0.9444444444444444 0.1984375 0.9444444444444444 0.19375 0.9611111111111111 0.1828125 0.9694444444444444 0.1921875 0.9666666666666667 0.1921875 0.9777777777777777 0.20625 0.9972222222222222 0.2796875 0.9944444444444445 0.2875 0.9666666666666667 0.2875 0.9388888888888889 0.3140625 0.8972222222222223 0.3046875 0.875 0.3140625 0.8166666666666667 0.309375 0.7916666666666666 0.2921875 0.7916666666666666 0.2828125 0.7555555555555555 0.2765625 0.7527777777777778 0.2734375 0.7638888888888888 0.2546875 0.7111111111111111 0.2390625 0.7166666666666667 0.2296875 0.7083333333333334
86 0.9265625 0.5194444444444445 0.9015625 0.5388888888888889 0.890625 0.5805555555555556 0.896875 0.6305555555555555 0.9140625 0.65 0.9421875 0.6444444444444445 0.9515625 0.6333333333333333 0.9671875 0.5888888888888889 0.9578125 0.5416666666666666 0.9296875 0.5194444444444445
45 0.66875 0.8444444444444444 0.653125 0.8527777777777777 0.6421875 0.8777777777777778 0.64375 0.9111111111111111 0.659375 0.9361111111111111 0.6828125 0.9305555555555556 0.69375 0.9 0.6890625 0.8638888888888889 0.6703125 0.8472222222222222
68 0.08865625 0.15613888888888888 0.177296875 0.31227777777777777
82 0.14784375 0.24488888888888888 0.012 0.033944444444444444
1 0.160109375 0.25505555555555554 0.018 0.03102777777777778
2 0.161203125 0.22791666666666666 0.01909375 0.03102777777777778
30 0.06218749999999999 0.09794444444444445 0.017453125 0.03297222222222222
49 0.067640625 0.08291666666666667 0.019640625000000002 0.02425
66 0.07856250000000001 0.10280555555555555 0.010906250000000001 0.03102777777777778