97 0.4984375 0.46283783783783783 0.4890625 0.5 0.490625 0.5337837837837838 0.4765625 0.5675675675675675 0.48125 0.5844594594594594 0.5 0.6047297297297297 0.5171875 0.6047297297297297 0.5234375 0.581081081081081 0.5109375 0.527027027027027 0.5125 0.4864864864864865 0.5046875 0.46283783783783783
5 0.73125 0.6081081081081081 0.7265625 0.6182432432432432 0.7125 0.6148648648648649 0.696875 0.6351351351351351 0.684375 0.6148648648648649 0.671875 0.6114864864864865 0.6578125 0.6655405405405406 0.64375 0.6621621621621622 0.63125 0.706081081081081 0.61875 0.722972972972973 0.625 0.7601351351351351 0.621875 0.8074324324324325 0.634375 0.8040540540540541 0.64375 0.8378378378378378 0.653125 0.8412162162162162 0.6609375 0.8614864864864865 0.66875 0.8581081081081081 0.671875 0.8716216216216216 0.7109375 0.8108108108108109 0.74375 0.8108108108108109 0.7515625 0.8412162162162162 0.75625 0.8378378378378378 0.775 0.8074324324324325 0.771875 0.7972972972972973 0.7515625 0.793918918918919 0.75625 0.7702702702702703 0.7640625 0.777027027027027 0.7765625 0.7668918918918919 0.7828125 0.793918918918919 0.7796875 0.8074324324324325 0.7875 0.8074324324324325 0.7859375 0.793918918918919 0.79375 0.7736486486486487 0.7828125 0.7331081081081081 0.7703125 0.7466216216216216 0.7421875 0.7331081081081081 0.7375 0.6655405405405406 0.74375 0.6351351351351351 0.7328125 0.6081081081081081
5 0.6265625 0.20270270270270271 0.625 0.24324324324324326 0.60625 0.2702702702702703 0.3890625 0.2668918918918919 0.3671875 0.2939189189189189 0.34375 0.30743243243243246 0.340625 0.32094594594594594 0.334375 0.30405405405405406 0.3203125 0.30743243243243246 0.3140625 0.2972972972972973 0.275 0.3108108108108108 0.271875 0.34797297297297297 0.2734375 0.3614864864864865 0.2828125 0.36486486486486486 0.284375 0.375 0.30625 0.3716216216216216 0.3140625 0.38513513513513514 0.3140625 0.40540540540540543 0.3203125 0.4155405405405405 0.3140625 0.42567567567567566 0.3390625 0.48986486486486486 0.34375 0.5202702702702703 0.3609375 0.543918918918919 0.3921875 0.5202702702702703 0.428125 0.4560810810810811 0.434375 0.4560810810810811 0.4390625 0.4391891891891892 0.5 0.3918918918918919 0.534375 0.32094594594594594 0.5484375 0.3277027027027027 0.571875 0.31756756756756754 0.6046875 0.34797297297297297 0.6421875 0.34121621621621623 0.653125 0.30743243243243246 0.6546875 0.27364864864864863 0.6390625 0.24662162162162163 0.6375 0.21621621621621623 0.628125 0.20270270270270271
84 0.725 0.8108108108108109 0.70625 0.8175675675675675 0.6890625 0.8547297297297297 0.69375 0.9155405405405406 0.715625 0.9391891891891891 0.7296875 0.9324324324324325 0.753125 0.8716216216216216 0.746875 0.8378378378378378 0.728125 0.8108108108108109
85 0.7671875 0.625 0.7453125 0.6385135135135135 0.7375 0.668918918918919 0.7421875 0.7263513513513513 0.75625 0.7432432432432432 0.79375 0.7364864864864865 0.7984375 0.6756756756756757 0.79375 0.652027027027027 0.778125 0.625
45 0.63125 0.8445945945945946 0.61875 0.8682432432432432 0.6171875 0.9054054054054054 0.6328125 0.9358108108108109 0.64375 0.9358108108108109 0.6578125 0.9087837837837838 0.6578125 0.8716216216216216 0.64375 0.8445945945945946
68 0.114578125 0.15905405405405404 0.145828125 0.3181418918918919
1 0.13768750000000002 0.2681081081081081 0.019328124999999998 0.04527027027027027
82 0.14935937500000002 0.262027027027027 0.015296874999999998 0.040033783783783784
83 0.16909375 0.2829054054054054 0.014499999999999999 0.03307432432432432
2 0.175125 0.26287162162162164 0.0136875 0.01739864864864865
49 0.081328125 0.04266891891891892 0.01771875 0.036554054054054055
29 0.070046875 0.020878378378378377 0.012890625 0.03135135135135135
66 0.12601562500000002 0.19324324324324324 0.018515625 0.04179054054054054