85 0.8291666666666666 0.625 0.8046875 0.6305555555555555 0.7859375 0.6722222222222223 0.7890625 0.7333333333333333 0.80625 0.7611111111111111 0.8171875 0.7666666666666667 0.846875 0.7555555555555555 0.8640625 0.7166666666666667 0.865625 0.6805555555555556 0.8578125 0.65 0.8375 0.625
97 0.5 0.4638888888888889 0.49375 0.4722222222222222 0.490625 0.5 0.475 0.49722222222222223 0.4765625 0.5083333333333333 0.4890625 0.5083333333333333 0.49375 0.5194444444444445 0.49375 0.5388888888888889 0.48125 0.5861111111111111 0.496875 0.5944444444444444 0.5015625 0.5861111111111111 0.5046875 0.5972222222222222 0.5125 0.6 0.528125 0.5777777777777777 0.534375 0.5555555555555556 0.5140625 0.5305555555555556 0.5109375 0.5166666666666667 0.5171875 0.5055555555555555 0.5171875 0.4861111111111111 0.5046875 0.4638888888888889
5 0.2625 0.7916666666666666 0.259375 0.8027777777777778 0.2515625 0.8 0.240625 0.8138888888888889 0.2328125 0.8611111111111112 0.2109375 0.8388888888888889 0.19375 0.8527777777777777 0.196875 0.8833333333333333 0.190625 0.9194444444444444 0.1796875 0.9138888888888889 0.1640625 0.9333333333333333 0.1671875 0.9583333333333334 0.153125 0.9861111111111112 0.1578125 0.9972222222222222 0.3484375 0.9944444444444445 0.3515625 0.9527777777777777 0.3625 0.9444444444444444 0.3640625 0.9055555555555556 0.3609375 0.8777777777777778 0.3390625 0.8555555555555555 0.340625 0.8277777777777777 0.3328125 0.8138888888888889 0.3140625 0.8027777777777778 0.3 0.8361111111111111 0.278125 0.7944444444444444 0.2671875 0.8083333333333333 0.265625 0.7916666666666666
5 0.1953125 0.06388888888888888 0.1890625 0.06944444444444445 0.1875 0.09444444444444444 0.1765625 0.11666666666666667 0.175 0.25833333333333336 0.184375 0.275 0.215625 0.2611111111111111 0.21875 0.24166666666666667 0.228125 0.2361111111111111 0.24375 0.19166666666666668 0.24375 0.15 0.234375 0.10277777777777777 0.2015625 0.06388888888888888
64 0.512046875 0.41405555555555557 0.097046875 0.00811111111111111
42 0.509765625 0.39577777777777773 0.09476562499999999 0.020305555555555556
68 0.088484375 0.15627777777777777 0.17696875 0.3125833333333333
1 0.007421875 0.3146111111111111 0.01484375 0.03247222222222222
66 0.158703125 0.13497222222222224 0.022828124999999998 0.030444444444444448
49 0.14978125 0.09944444444444443 0.016234375000000002 0.03208333333333334
30 0.165578125 0.09625 0.018953125 0.03208333333333334