5 0.778125 0.3918918918918919 0.7640625 0.40540540540540543 0.7546875 0.39864864864864863 0.7296875 0.42905405405405406 0.715625 0.4222972972972973 0.70625 0.4391891891891892 0.696875 0.4391891891891892 0.6828125 0.46621621621621623 0.6609375 0.5506756756756757 0.6296875 0.5641891891891891 0.61875 0.5945945945945946 0.603125 0.6013513513513513 0.5921875 0.6351351351351351 0.5703125 0.6554054054054054 0.5546875 0.7162162162162162 0.546875 0.6959459459459459 0.540625 0.6959459459459459 0.5328125 0.7297297297297297 0.5234375 0.7263513513513513 0.5203125 0.6925675675675675 0.509375 0.6790540540540541 0.496875 0.6824324324324325 0.4921875 0.7128378378378378 0.4953125 0.7195945945945946 0.490625 0.7297297297297297 0.4953125 0.7331081081081081 0.5 0.7736486486486487 0.4921875 0.7837837837837838 0.49375 0.7972972972972973 0.50625 0.7972972972972973 0.515625 0.8344594594594594 0.5296875 0.8412162162162162 0.528125 0.8074324324324325 0.5328125 0.8006756756756757 0.5171875 0.8006756756756757 0.540625 0.7804054054054054 0.5453125 0.7905405405405406 0.5390625 0.8581081081081081 0.5328125 0.8648648648648649 0.5421875 0.875 0.5328125 0.918918918918919 0.540625 0.918918918918919 0.546875 0.9358108108108109 0.5421875 0.8783783783783784 0.546875 0.8581081081081081 0.575 0.8378378378378378 0.559375 0.8175675675675675 0.559375 0.777027027027027 0.5640625 0.7635135135135135 0.5828125 0.7668918918918919 0.5890625 0.7804054054054054 0.590625 0.8074324324324325 0.58125 0.8378378378378378 0.5921875 0.8445945945945946 0.6 0.8986486486486487 0.6078125 0.8885135135135135 0.6015625 0.875 0.6109375 0.8648648648648649 0.6140625 0.8851351351351351 0.615625 0.8614864864864865 0.6265625 0.8412162162162162 0.653125 0.8412162162162162 0.65625 0.8243243243243243 0.703125 0.7702702702702703 0.7140625 0.7297297297297297 0.721875 0.7195945945945946 0.73125 0.6621621621621622 0.7515625 0.6114864864864865 0.7671875 0.6047297297297297 0.775 0.6216216216216216 0.7921875 0.6216216216216216 0.7953125 0.6351351351351351 0.815625 0.6452702702702703 0.8140625 0.652027027027027 0.821875 0.6587837837837838 0.83125 0.652027027027027 0.8328125 0.6418918918918919 0.8203125 0.6418918918918919 0.815625 0.6216216216216216 0.8203125 0.6013513513513513 0.81875 0.5777027027027027 0.8359375 0.527027027027027 0.8375 0.5 0.825 0.49324324324324326 0.825 0.46621621621621623 0.8171875 0.42905405405405406 0.8015625 0.4391891891891892 0.778125 0.3952702702702703
45 0.634375 0.8445945945945946 0.6203125 0.8614864864864865 0.6171875 0.8952702702702703 0.6203125 0.918918918918919 0.63125 0.9358108108108109 0.646875 0.9358108108108109 0.659375 0.902027027027027 0.65625 0.8581081081081081 0.64375 0.8445945945945946
97 0.5 0.46283783783783783 0.4875 0.5 0.4828125 0.5405405405405406 0.4859375 0.581081081081081 0.4984375 0.6114864864864865 0.50625 0.6114864864864865 0.5140625 0.5777027027027027 0.5109375 0.5337837837837838 0.515625 0.527027027027027 0.5046875 0.46283783783783783
64 0.507796875 0.4128716216216216 0.07784375 0.010506756756756757
42 0.507796875 0.3984121621621622 0.07906250000000001 0.01841216216216216
68 0.11417187499999999 0.16239864864864864 0.146625 0.30922297297297296
82 0.165734375 0.24449324324324326 0.016203125 0.03905405405405406
1 0.17134375 0.26135135135135135 0.016203125 0.029628378378378378
97 0.1193125 0.17108108108108108 0.018062500000000002 0.03773648648648649
49 0.1015625 0.1502027027027027 0.013703125 0.03097972972972973
67 0.13146875 0.1266216216216216 0.014953125000000001 0.04040540540540541
29 0.059187500000000004 0.037060810810810814 0.018687500000000003 0.033682432432432435
30 0.07134375 0.015506756756756756 0.013078125 0.028277027027027023