85 0.828953125 0.6916944444444444 0.077828125 0.14025
5 0.781484375 0.34205555555555556 0.38610937500000003 0.3120277777777778
45 0.66859375 0.8910277777777778 0.048859375 0.08525
84 0.7677031249999999 0.8839166666666666 0.07540625 0.13775
64 0.7861875 0.36002777777777784 0.095546875 0.022166666666666668
42 0.787640625 0.34525 0.096046875 0.01563888888888889
63 0.6518125 0.7487777777777778 0.176828125 0.30852777777777773
102 0.930015625 0.5885833333333333 0.07715625000000001 0.1366666666666667
5 0.255078125 0.024444444444444446 0.09084375 0.048583333333333326
40 0.9071562500000001 0.2076111111111111 0.09634374999999999 0.014222222222222223
52 0.46171875 0.2763888888888889 0.0796875 0.15833333333333333
64 0.47462499999999996 0.1726388888888889 0.09762499999999999 0.024
40 0.4735625 0.16044444444444445 0.10032812499999999 0.014805555555555556
97 0.763140625 0.4950277777777778 0.046656249999999996 0.15436111111111112
53 0.293390625 0.10338888888888889 0.09243749999999999 0.14769444444444446
68 0.088796875 0.15694444444444444 0.17759375 0.3138888888888889
50 0.015578125000000002 0.03877777777777778 0.018687500000000003 0.03322222222222222
66 0.036375000000000005 0.06780555555555555 0.0230625 0.022083333333333333
1 0.027500000000000004 0.050472222222222224 0.019515625 0.034694444444444444
29 0.0416875 0.05202777777777778 0.017734375 0.02838888888888889
30 0.08028125 0.09383333333333334 0.02040625 0.03941666666666666
49 0.08870312500000001 0.09383333333333334 0.01596875 0.02997222222222222
83 0.09890625 0.08122222222222222 0.022171875 0.03311111111111111
16 0.596953125 0.7781944444444444 0.0780625 0.1592777777777778
66 0.143703125 0.04336111111111111 0.021281249999999998 0.03941666666666666