97 0.5046875 0.4666666666666667 0.496875 0.46944444444444444 0.4890625 0.5 0.4796875 0.48055555555555557 0.46875 0.4888888888888889 0.46875 0.49722222222222223 0.49375 0.5194444444444445 0.4921875 0.5666666666666667 0.484375 0.5972222222222222 0.490625 0.6111111111111112 0.5140625 0.6083333333333333 0.5375 0.5833333333333334 0.5328125 0.5611111111111111 0.5125 0.5222222222222223 0.515625 0.49166666666666664 0.5078125 0.4666666666666667
88 0.5046875 0.21944444444444444 0.5078125 0.23333333333333334 0.49375 0.2611111111111111 0.496875 0.26944444444444443 0.515625 0.2638888888888889 0.521875 0.2833333333333333 0.5078125 0.3194444444444444 0.5109375 0.3388888888888889 0.50625 0.35 0.521875 0.3472222222222222 0.5328125 0.3194444444444444 0.5453125 0.35833333333333334 0.5484375 0.34444444444444444 0.5421875 0.3055555555555556 0.5566355439464555 0.3090725212049726 0.5589230872777423 0.33618414587207546 0.5802734917030858 0.3822739078061504 0.6046739539034786 0.37956274533944 0.6084865261222898 0.35109553943898203 0.5695982894904141 0.2928055464047109 0.5593086391743647 0.30183566565251274 0.5538044663437313 0.2897923473222379 0.559375 0.2777777777777778 0.55625 0.25555555555555554 0.5484375 0.24166666666666667 0.5203125 0.23333333333333334 0.50625 0.21944444444444444
81 0.8671875 0 0.859375 0 0.8546875 0.019444444444444445 0.853125 0.044444444444444446 0.8578125 0.04722222222222222 0.8515625 0.06388888888888888 0.853125 0.075 0.8625 0.075 0.871875 0.09444444444444444 0.8796875 0.09722222222222222 0.8796875 0.04722222222222222 0.9078125 0.08333333333333333 0.921875 0.11944444444444445 0.9265625 0.12222222222222222 0.94375 0.09444444444444444 0.940625 0.08611111111111111 0.928125 0.08333333333333333 0.903125 0.03611111111111111 0.8796875 0.016666666666666666 0.875 0
25 0.715625 0.225 0.7109375 0.25 0.6921875 0.26666666666666666 0.684375 0.2916666666666667 0.678125 0.28888888888888886 0.675 0.26666666666666666 0.66875 0.26944444444444443 0.665625 0.3138888888888889 0.675 0.3194444444444444 0.6765625 0.34444444444444444 0.7234375 0.3527777777777778 0.740625 0.3333333333333333 0.7390625 0.3055555555555556 0.746875 0.2777777777777778 0.7359375 0.28055555555555556 0.728125 0.2611111111111111 0.728125 0.2388888888888889 0.7203125 0.24166666666666667 0.715625 0.23333333333333334
25 0.65 0.25555555555555554 0.640625 0.26666666666666666 0.6296875 0.25833333333333336 0.640625 0.2861111111111111 0.6421875 0.325 0.65625 0.3194444444444444 0.66875 0.3 0.6671875 0.2833333333333333 0.6609375 0.2833333333333333 0.6515625 0.25555555555555554
5 0.8109375 0.5722222222222222 0.7828125 0.5861111111111111 0.778125 0.5972222222222222 0.7671875 0.5805555555555556 0.74375 0.5833333333333334 0.734375 0.5916666666666667 0.7234375 0.6222222222222222 0.7140625 0.625 0.6953125 0.6527777777777778 0.6765625 0.6472222222222223 0.6515625 0.6583333333333333 0.621875 0.6861111111111111 0.6109375 0.6861111111111111 0.596875 0.7333333333333333 0.590625 0.7388888888888889 0.5921875 0.75 0.58125 0.7611111111111111 0.6046875 0.7722222222222223 0.6078125 0.8166666666666667 0.6 0.8277777777777777 0.578125 0.8277777777777777 0.56875 0.8111111111111111 0.56875 0.7972222222222223 0.575 0.7888888888888889 0.56875 0.7888888888888889 0.571875 0.7777777777777778 0.5671875 0.7722222222222223 0.5671875 0.8277777777777777 0.5390625 0.8388888888888889 0.546875 0.8444444444444444 0.5328125 0.8555555555555555 0.546875 0.8611111111111112 0.54375 0.8694444444444445 0.5359375 0.8611111111111112 0.5453125 0.875 0.546875 0.8916666666666667 0.54375 0.9027777777777778 0.540625 0.8944444444444445 0.540625 0.9027777777777778 0.546875 0.9166666666666666 0.5359375 0.9194444444444444 0.5265625 0.9388888888888889 0.515625 0.9444444444444444 0.534375 0.95 0.5296875 0.9472222222222222 0.5375 0.9416666666666667 0.534375 0.9361111111111111 0.5390625 0.9277777777777778 0.5484375 0.9277777777777778 0.5453125 0.9333333333333333 0.553125 0.9388888888888889 0.55 0.9805555555555555 0.55625 0.9972222222222222 0.5640625 0.9861111111111112 0.56875 0.9972222222222222 0.646875 0.9972222222222222 0.659375 0.9805555555555555 0.659375 0.9694444444444444 0.6703125 0.95 0.6671875 0.9388888888888889 0.653125 0.9361111111111111 0.640625 0.9083333333333333 0.640625 0.8722222222222222 0.65 0.8527777777777777 0.665625 0.8416666666666667 0.675 0.8444444444444444 0.690625 0.8611111111111112 0.7 0.8888888888888888 0.70625 0.8666666666666667 0.740625 0.8277777777777777 0.7484375 0.8277777777777777 0.74375 0.8388888888888889 0.7484375 0.8416666666666667 0.759375 0.8305555555555556 0.765625 0.8472222222222222 0.7625 0.8527777777777777 0.76875 0.8416666666666667 0.7765625 0.8444444444444444 0.778125 0.8833333333333333 0.784375 0.8944444444444445 0.7796875 0.9083333333333333 0.7828125 0.9166666666666666 0.790625 0.8777777777777778 0.7859375 0.8611111111111112 0.7875 0.8416666666666667 0.778125 0.8305555555555556 0.771875 0.8388888888888889 0.771875 0.8305555555555556 0.7640625 0.8277777777777777 0.7640625 0.8138888888888889 0.853125 0.8138888888888889 0.8640625 0.8305555555555556 0.8671875 0.7861111111111111 0.8765625 0.7944444444444444 0.8953125 0.7861111111111111 0.884375 0.7666666666666667 0.884375 0.7555555555555555 0.9203125 0.7527777777777778 0.928125 0.75 0.93125 0.7388888888888889 0.9375 0.7527777777777778 0.94375 0.7527777777777778 0.9421875 0.7611111111111111 0.9546875 0.7861111111111111 0.9609375 0.7888888888888889 0.9546875 0.8027777777777778 0.959375 0.7944444444444444 0.9671875 0.8 0.9671875 0.8333333333333334 0.9625 0.8416666666666667 0.9546875 0.8333333333333334 0.9515625 0.8555555555555555 0.9390625 0.8638888888888889 0.953125 0.8805555555555555 0.965625 0.8722222222222222 0.96875 0.9027777777777778 0.9734375 0.9111111111111111 0.98125 0.9027777777777778 0.9796875 0.8944444444444445 0.9984375 0.8555555555555555 0.9984375 0.7388888888888889 0.9921875 0.7305555555555555 0.9921875 0.7138888888888889 0.9828125 0.7055555555555556 0.9875 0.7 0.971875 0.6583333333333333 0.9796875 0.6472222222222223 0.990625 0.6527777777777778 0.984375 0.6444444444444445 0.9859375 0.6361111111111111 0.9703125 0.6333333333333333 0.9421875 0.6666666666666666 0.9265625 0.6694444444444444 0.9125 0.6416666666666667 0.896875 0.6305555555555555 0.8890625 0.5944444444444444 0.8671875 0.5888888888888889 0.853125 0.575 0.8359375 0.5805555555555556 0.821875 0.5722222222222222
5 0.28739583333333335 0 0.1765625 0 0.178125 0.1111111111111111 0.1859375 0.12222222222222222 0.2234375 0.13055555555555556 0.275 0.125 0.3046875 0.10833333333333334 0.31875 0.06388888888888888 0.303125 0.05 0.2953125 0
90 0.8481770833333334 0 0.8078125 0 0.80625 0.019444444444444445 0.796875 0.027777777777777776 0.8109375 0.03333333333333333 0.80625 0.06666666666666667 0.7984375 0.07222222222222222 0.790625 0.058333333333333334 0.775 0.06666666666666667 0.7671875 0.11388888888888889 0.778125 0.14444444444444443 0.815625 0.17222222222222222 0.8390625 0.17222222222222222 0.8609375 0.1527777777777778 0.8640625 0.13333333333333333 0.85625 0.12222222222222222 0.846875 0.08333333333333333 0.8484375 0.04722222222222222 0.840625 0.044444444444444446 0.8421875 0.030555555555555555 0.8515625 0.027777777777777776 0.85625 0
26 0.021875 0.7305555555555555 0.0140625 0.7416666666666667 0.015625 0.8166666666666667 0.0296875 0.8333333333333334 0.0328125 0.8583333333333333 0.0453125 0.8805555555555555 0.0375 0.8388888888888889 0.0546875 0.7916666666666666 0.0484375 0.7472222222222222 0.034375 0.7305555555555555
26 0.0046875 0.7472222222222222 0.0046875 0.7583333333333333 0 0.7611111111111111 0 0.8305555555555556 0.00625 0.8277777777777777 0.009375 0.7472222222222222
45 0.665625 0.8444444444444444 0.6546875 0.85 0.6421875 0.8777777777777778 0.6421875 0.9083333333333333 0.6609375 0.9361111111111111 0.6796875 0.9305555555555556 0.6921875 0.9 0.690625 0.8666666666666667 0.6703125 0.8444444444444444
68 0.09025 0.15705555555555556 0.175421875 0.3141388888888889
64 0.5379375 0.1828888888888889 0.0958125 0.011166666666666665
40 0.5379375 0.16683333333333333 0.09423437500000001 0.01813888888888889
64 0.50928125 0.41325 0.09817187499999999 0.013972222222222223
42 0.508890625 0.3993055555555556 0.0958125 0.01675
82 0.038093749999999996 0.26805555555555555 0.02278125 0.036305555555555556
1 0.09659375 0.20452777777777775 0.020421875 0.03769444444444445
49 0.10759375 0.21569444444444447 0.015703125000000002 0.03211111111111111
94 0.1209375 0.2219722222222222 0.020421875 0.030722222222222224
66 0.109546875 0.11936111111111111 0.02278125 0.0405
66 0.079703125 0.04677777777777778 0.025921875 0.03211111111111111
29 0.08089062500000001 0.02372222222222222 0.020421875 0.02791666666666667
30 0.09817187499999999 0.01675 0.021984375 0.0335