102 0.9305937500000001 0.5923333333333334 0.07590625 0.1398611111111111
85 0.8295312499999999 0.6915277777777777 0.077390625 0.1391111111111111
45 0.6680625 0.8906111111111111 0.049921875 0.09033333333333335
5 0.597046875 0.0985 0.13909375 0.16055555555555553
5 0.276328125 0.3045277777777778 0.2111875 0.2575
64 0.51015625 0.4152777777777778 0.0953125 0.019444444444444445
42 0.50809375 0.3981944444444444 0.09384375 0.014
68 0.08603125 0.15838888888888888 0.172078125 0.31325
97 0.506859375 0.5455277777777777 0.036765625 0.17
60 0.033890625 0.26172222222222224 0.0211875 0.04894444444444445
82 0.11862500000000001 0.25419444444444445 0.024 0.043944444444444446
49 0.07273437499999999 0.15188888888888888 0.018359375 0.03263888888888889
1 0.08190625 0.14311111111111113 0.018359375 0.04519444444444444
66 0.124984375 0.16444444444444445 0.019765625000000002 0.03513888888888889
30 0.08684375 0.03641666666666667 0.0211875 0.03263888888888889
67 0.0935625 0.014444444444444446 0.0190625 0.02886111111111111