97 0.5015625 0.4583333333333333 0.4875 0.48055555555555557 0.4890625 0.5305555555555556 0.4765625 0.5555555555555556 0.478125 0.5694444444444444 0.496875 0.6 0.509375 0.575 0.515625 0.5861111111111111 0.5234375 0.5805555555555556 0.5125 0.5527777777777778 0.5171875 0.4888888888888889 0.509375 0.46111111111111114 0.503125 0.46111111111111114
24 0.59375 0.4722222222222222 0.5796875 0.49444444444444446 0.575 0.5305555555555556 0.575 0.5527777777777778 0.5828125 0.5666666666666667 0.5890625 0.5666666666666667 0.6015625 0.5472222222222223 0.596875 0.5416666666666666 0.6046875 0.525 0.609375 0.5305555555555556 0.6046875 0.55 0.6140625 0.5472222222222223 0.61875 0.48055555555555557 0.6140625 0.4722222222222222 0.5953125 0.4722222222222222
24 0.6109375 0.3972222222222222 0.60625 0.4222222222222222 0.5984375 0.43333333333333335 0.5921875 0.425 0.590625 0.4083333333333333 0.5734375 0.41388888888888886 0.565625 0.4444444444444444 0.5671875 0.4861111111111111 0.578125 0.4888888888888889 0.6171875 0.42777777777777776 0.621875 0.4111111111111111 0.6140625 0.3972222222222222
24 0.571875 0.34444444444444444 0.571875 0.3611111111111111 0.559375 0.4 0.565625 0.4166666666666667 0.5921875 0.4027777777777778 0.621875 0.36944444444444446 0.6140625 0.3527777777777778 0.60625 0.35555555555555557 0.603125 0.37777777777777777 0.59375 0.3888888888888889 0.5859375 0.34444444444444444
25 0.6578125 0.25277777777777777 0.640625 0.30277777777777776 0.61875 0.30833333333333335 0.6171875 0.3194444444444444 0.640625 0.3055555555555556 0.6453125 0.325 0.6625 0.33611111111111114 0.665625 0.2972222222222222 0.659375 0.25555555555555554
25 0.703125 0.2861111111111111 0.6890625 0.31666666666666665 0.684375 0.31666666666666665 0.675 0.2916666666666667 0.665625 0.30277777777777776 0.6890625 0.33055555555555555 0.6890625 0.35555555555555557 0.6953125 0.375 0.715625 0.37222222222222223 0.7140625 0.35 0.7078125 0.3388888888888889 0.7140625 0.2861111111111111
25 0.7453125 0.24166666666666667 0.725 0.2777777777777778 0.7109375 0.2861111111111111 0.721875 0.2916666666666667 0.7328125 0.32222222222222224 0.7421875 0.3277777777777778 0.75 0.30833333333333335 0.7484375 0.24166666666666667
45 0.6625 0.8472222222222222 0.6546875 0.8527777777777777 0.6421875 0.8833333333333333 0.64375 0.9111111111111111 0.6609375 0.9361111111111111 0.68125 0.9305555555555556 0.6921875 0.9055555555555556 0.6921875 0.8777777777777778 0.68125 0.8527777777777777 0.671875 0.8472222222222222
68 0.08835937499999999 0.15708333333333332 0.17671874999999998 0.31416666666666665
64 0.51059375 0.4154722222222222 0.098546875 0.009305555555555556
42 0.50971875 0.39844444444444443 0.095046875 0.018611111111111113
2 0.141203125 0.3007222222222222 0.0215 0.03822222222222222
29 0.013984374999999999 0.2937222222222222 0.022218750000000002 0.036944444444444446
82 0.03046875 0.29880555555555555 0.019359375 0.036944444444444446
66 0.08171874999999999 0.16691666666666669 0.017203125 0.03313888888888889
94 0.050890625 0.09430555555555556 0.0229375 0.035666666666666666
49 0.086015625 0.08347222222222223 0.018640625 0.0395
5 0.5125 0.04722222222222222 0.5015625 0.06388888888888888 0.4890625 0.05555555555555555 0.4921875 0.075 0.4765625 0.08055555555555556 0.4859375 0.08333333333333333 0.4921875 0.1 0.503125 0.10277777777777777 0.5015625 0.11388888888888889 0.49375 0.1111111111111111 0.503125 0.11666666666666667 0.496875 0.12777777777777777 0.509375 0.13055555555555556 0.5359375 0.10555555555555556 0.5359375 0.06944444444444445 0.5328125 0.075 0.528125 0.05555555555555555 0.5140625 0.05
5 0.3 0.05277777777777778 0.2890625 0.05555555555555555 0.28125 0.075 0.221875 0.075 0.2046875 0.10833333333333334 0.18125 0.09444444444444444 0.18125 0.20833333333333334 0.1921875 0.21666666666666667 0.19375 0.2 0.2 0.19722222222222222 0.2078125 0.21944444444444444 0.20625 0.23055555555555557 0.2484375 0.25833333333333336 0.325 0.18333333333333332 0.334375 0.18611111111111112 0.4125 0.125 0.4359375 0.08888888888888889 0.4390625 0.06666666666666667 0.3125 0.06111111111111111 0.3015625 0.05277777777777778
5 0.996875 0.7333333333333333 0.9921875 0.7388888888888889 0.9859375 0.7805555555555556 0.9703125 0.7833333333333333 0.978125 0.8083333333333333 0.9875 0.8138888888888889 0.9796875 0.825 0.9796875 0.8388888888888889 0.9578125 0.875 0.95625 0.8916666666666667 0.96875 0.9138888888888889 0.9671875 0.9361111111111111 0.9546875 0.9333333333333333 0.9390625 0.9027777777777778 0.9265625 0.8972222222222223 0.915625 0.9027777777777778 0.9 0.9305555555555556 0.884375 0.9277777777777778 0.8640625 0.8916666666666667 0.85 0.8833333333333333 0.8609375 0.8444444444444444 0.85 0.8027777777777778 0.8359375 0.8111111111111111 0.8296875 0.825 0.825 0.8138888888888889 0.8203125 0.8166666666666667 0.8140625 0.8305555555555556 0.80625 0.8944444444444445 0.8203125 0.9194444444444444 0.8296875 0.9194444444444444 0.8328125 0.9416666666666667 0.8375 0.9416666666666667 0.8328125 0.9305555555555556 0.840625 0.9055555555555556 0.8640625 0.9333333333333333 0.8671875 0.9638888888888889 0.8484375 0.9972222222222222 0.9984375 0.9972222222222222 0.9984375 0.7333333333333333