63 0.4296875 0.40555555555555556 0.4203125 0.4083333333333333 0.409375 0.42777777777777776 0.3953125 0.41944444444444445 0.3671875 0.4305555555555556 0.353125 0.4166666666666667 0.353125 0.4361111111111111 0.3640625 0.4666666666666667 0.3609375 0.5194444444444445 0.36875 0.5555555555555556 0.378125 0.5611111111111111 0.390625 0.5472222222222223 0.3875 0.5194444444444445 0.3921875 0.5111111111111111 0.4171875 0.5722222222222222 0.41875 0.6277777777777778 0.4 0.6638888888888889 0.4125 0.7 0.4203125 0.7027777777777777 0.421875 0.6638888888888889 0.4484375 0.6333333333333333 0.45625 0.6111111111111112 0.4625 0.6194444444444445 0.4921875 0.6222222222222222 0.5171875 0.6055555555555555 0.559375 0.5972222222222222 0.5859375 0.575 0.5609375 0.5583333333333333 0.5296875 0.5666666666666667 0.525 0.5583333333333333 0.478125 0.5638888888888889 0.4734375 0.5472222222222223 0.4625 0.5444444444444444 0.46875 0.5388888888888889 0.48125 0.49166666666666664 0.4703125 0.49444444444444446 0.440625 0.4388888888888889 0.4390625 0.425 0.4296875 0.425 0.434375 0.41944444444444445 0.43125 0.40555555555555556
97 0.5 0.46944444444444444 0.4921875 0.5 0.4953125 0.525 0.4890625 0.5611111111111111 0.5140625 0.5583333333333333 0.521875 0.5333333333333333 0.5390625 0.5222222222222223 0.5328125 0.5083333333333333 0.51875 0.5166666666666667 0.5078125 0.46944444444444444
96 0.73125 0.24722222222222223 0.728125 0.2638888888888889 0.715625 0.26944444444444443 0.7046875 0.25277777777777777 0.690625 0.25 0.6796875 0.2722222222222222 0.7 0.2777777777777778 0.7109375 0.2972222222222222 0.728125 0.28055555555555556 0.7296875 0.325 0.7390625 0.3388888888888889 0.74375 0.3333333333333333 0.7421875 0.3194444444444444 0.7484375 0.29444444444444445 0.7578125 0.30277777777777776 0.759375 0.32222222222222224 0.78125 0.33611111111111114 0.7953125 0.33055555555555555 0.7953125 0.3194444444444444 0.7703125 0.30833333333333335 0.7578125 0.2777777777777778 0.7578125 0.25277777777777777 0.74375 0.2638888888888889 0.7359375 0.24722222222222223
81 0.3671875 0.05277777777777778 0.33125 0.10277777777777777 0.290625 0.1111111111111111 0.2765625 0.125 0.2734375 0.1388888888888889 0.28125 0.15833333333333333 0.29375 0.15833333333333333 0.3296875 0.13055555555555556 0.3296875 0.15 0.3359375 0.15 0.35625 0.11388888888888889 0.3625 0.11388888888888889 0.3703125 0.125 0.3671875 0.16111111111111112 0.3765625 0.16944444444444445 0.3734375 0.1361111111111111 0.3796875 0.11666666666666667 0.365625 0.09166666666666666 0.371875 0.07777777777777778 0.378125 0.08333333333333333 0.38125 0.06388888888888888 0.36875 0.05277777777777778
5 0.203125 0.4027777777777778 0.0875 0.4111111111111111 0.04375 0.44722222222222224 0.0265625 0.4527777777777778 0.0125 0.4777777777777778 0 0.4638888888888889 0 0.6361111111111111 0.0453125 0.6 0.1109375 0.5777777777777777 0.134375 0.5777777777777777 0.159375 0.5861111111111111 0.2125 0.6277777777777778 0.2171875 0.6527777777777778 0.2265625 0.6638888888888889 0.2625 0.6583333333333333 0.278125 0.6388888888888888 0.2828125 0.6416666666666667 0.29375 0.6222222222222222 0.303125 0.5833333333333334 0.2859375 0.48055555555555557 0.271875 0.4444444444444444 0.253125 0.41944444444444445 0.2078125 0.4027777777777778
45 0.6609375 0.8472222222222222 0.646875 0.8666666666666667 0.6421875 0.8972222222222223 0.6515625 0.925 0.6671875 0.9361111111111111 0.6828125 0.9277777777777778 0.69375 0.8944444444444445 0.6890625 0.8666666666666667 0.671875 0.8472222222222222
86 0.925 0.5194444444444445 0.8953125 0.5527777777777778 0.8859375 0.575 0.8859375 0.5972222222222222 0.903125 0.6416666666666667 0.934375 0.6638888888888889 0.959375 0.6388888888888888 0.96875 0.5888888888888889 0.959375 0.5444444444444444 0.93125 0.5194444444444445
64 0.756984375 0.19741666666666666 0.09803125 0.015416666666666665
41 0.75625 0.18194444444444444 0.103125 0.019444444444444445
64 0.50971875 0.41183333333333333 0.096296875 0.012333333333333335
42 0.51015625 0.3971666666666666 0.093703125 0.013888888888888888