97 0.49375 0.46283783783783783 0.4859375 0.46959459459459457 0.49375 0.48986486486486486 0.490625 0.5844594594594594 0.528125 0.5844594594594594 0.5328125 0.5709459459459459 0.5171875 0.543918918918919 0.50625 0.46283783783783783
85 0.76640625 0.625 0.7515625 0.6283783783783784 0.7359375 0.6621621621621622 0.7375 0.722972972972973 0.75 0.75 0.7671875 0.7533783783783784 0.79375 0.7331081081081081 0.8 0.6925675675675675 0.7984375 0.6655405405405406 0.7765625 0.625
84 0.71875 0.8175675675675675 0.7 0.8243243243243243 0.6921875 0.8412162162162162 0.6890625 0.8716216216216216 0.6921875 0.9054054054054054 0.7 0.9222972972972973 0.7203125 0.9324324324324325 0.73125 0.9222972972972973 0.7390625 0.8952702702702703 0.740625 0.8547297297297297 0.728125 0.8175675675675675
26 0.578125 0.3277027027027027 0.5625 0.34121621621621623 0.5625 0.42567567567567566 0.56875 0.42567567567567566 0.5703125 0.40540540540540543 0.5953125 0.4189189189189189 0.5984375 0.40202702702702703 0.60625 0.40540540540540543 0.6078125 0.42567567567567566 0.6109375 0.41216216216216217 0.603125 0.3885135135135135 0.603125 0.34797297297297297 0.5984375 0.3310810810810811 0.5875 0.3277027027027027
5 0.7625 0.1858108108108108 0.7375 0.20608108108108109 0.73125 0.19594594594594594 0.7265625 0.20608108108108109 0.7265625 0.21621621621621623 0.7421875 0.21621621621621623 0.746875 0.22635135135135134 0.75625 0.21621621621621623 0.7578125 0.22635135135135134 0.75 0.25675675675675674 0.74375 0.25 0.7484375 0.26013513513513514 0.7203125 0.33783783783783783 0.7203125 0.3716216216216216 0.7046875 0.44256756756756754 0.7125 0.46283783783783783 0.7234375 0.46621621621621623 0.7359375 0.5067567567567568 0.7796875 0.5202702702702703 0.803125 0.5033783783783784 0.8171875 0.4797297297297297 0.83125 0.43243243243243246 0.8375 0.34797297297297297 0.8140625 0.2195945945945946 0.80625 0.21621621621621623 0.7984375 0.19594594594594594 0.7671875 0.19594594594594594
5 0.203125 0.25 0.1875 0.26013513513513514 0.1796875 0.3344594594594595 0.159375 0.3716216216216216 0.13125 0.36824324324324326 0.109375 0.31756756756756754 0.08125 0.3141891891891892 0.078125 0.34121621621621623 0.0828125 0.3716216216216216 0.103125 0.4222972972972973 0.125 0.44594594594594594 0.1640625 0.44932432432432434 0.175 0.4391891891891892 0.1921875 0.4189189189189189 0.2125 0.36486486486486486 0.2203125 0.2939189189189189 0.2125 0.25
5 0.165625 0.30405405405405406 0.15 0.3310810810810811 0.1515625 0.34459459459459457 0.1453125 0.34459459459459457 0.1390625 0.32094594594594594 0.134375 0.3310810810810811 0.1328125 0.32094594594594594 0.121875 0.31756756756756754 0.121875 0.3310810810810811 0.134375 0.3310810810810811 0.1375 0.34797297297297297 0.153125 0.3547297297297297 0.171875 0.3310810810810811 0.171875 0.30405405405405406
5 0.0140625 0.31756756756756754 0 0.32094594594594594 0 0.5236486486486487 0.0921875 0.5101351351351351 0.1140625 0.48986486486486486 0.125 0.46621621621621623 0.0953125 0.43243243243243246 0.0734375 0.3581081081081081 0.0625 0.33783783783783783 0.0515625 0.32432432432432434 0.034375 0.3277027027027027 0.0265625 0.31756756756756754
45 0.6296875 0.847972972972973 0.6171875 0.875 0.6171875 0.9087837837837838 0.6296875 0.9324324324324325 0.6453125 0.9324324324324325 0.65625 0.9121621621621622 0.659375 0.8918918918918919 0.653125 0.8581081081081081 0.64375 0.847972972972973
68 0.11390625000000001 0.155 0.15042187499999998 0.31
82 0.133265625 0.29097972972972974 0.0114375 0.030439189189189187
1 0.14865625 0.29003378378378375 0.015828125000000002 0.032331081081081084
66 0.12887500000000002 0.27006756756756756 0.01846875 0.030439189189189187
67 0.11259375 0.1578716216216216 0.015828125000000002 0.030439189189189187
49 0.103359375 0.12077702702702703 0.016718749999999998 0.03614864864864865
29 0.074765625 0.020912162162162164 0.019359375 0.04185810810810811