69 0.9296875 0.20270270270270271 0.91875 0.22972972972972974 0.90625 0.23648648648648649 0.9 0.25675675675675674 0.8890625 0.2668918918918919 0.89375 0.32094594594594594 0.8828125 0.34797297297297297 0.8859375 0.375 0.9015625 0.36824324324324326 0.90625 0.34121621621621623 0.9359375 0.375 0.9390625 0.34797297297297297 0.9546875 0.33783783783783783 0.9578125 0.2905405405405405 0.9359375 0.20270270270270271
69 0.9212187500000001 0.3181418918918919 0.08203125 0.1970608108108108
92 0.5234375 0.7297297297297297 0.484375 0.75 0.46875 0.7804054054054054 0.4640625 0.7972972972972973 0.4640625 0.8547297297297297 0.4765625 0.8952702702702703 0.484375 0.902027027027027 0.4859375 0.8783783783783784 0.503125 0.8513513513513513 0.5078125 0.8581081081081081 0.503125 0.902027027027027 0.5078125 0.9054054054054054 0.5125 0.8918918918918919 0.509375 0.8614864864864865 0.5171875 0.8547297297297297 0.5234375 0.8648648648648649 0.5171875 0.8716216216216216 0.515625 0.8885135135135135 0.5234375 0.8918918918918919 0.5203125 0.8986486486486487 0.5328125 0.918918918918919 0.54375 0.9054054054054054 0.540625 0.902027027027027 0.546875 0.8851351351351351 0.546875 0.8614864864864865 0.5703125 0.831081081081081 0.56875 0.8040540540540541 0.5734375 0.793918918918919 0.565625 0.7837837837837838 0.5671875 0.7736486486486487 0.54375 0.7331081081081081 0.528125 0.7297297297297297
24 0.4625 0.5675675675675675 0.4625 0.5844594594594594 0.4390625 0.6216216216216216 0.465625 0.7128378378378378 0.478125 0.7195945945945946 0.4953125 0.6891891891891891 0.4859375 0.6452702702702703 0.490625 0.6317567567567568 0.5046875 0.6418918918918919 0.5046875 0.6891891891891891 0.5125 0.6756756756756757 0.5171875 0.6452702702702703 0.509375 0.6283783783783784 0.509375 0.6081081081081081 0.496875 0.5945945945945946 0.4828125 0.5945945945945946 0.4921875 0.597972972972973 0.490625 0.6148648648648649 0.478125 0.6182432432432432 0.475 0.6013513513513513 0.48125 0.581081081081081 0.4734375 0.5844594594594594 0.4640625 0.5675675675675675
97 0.5046875 0.47635135135135137 0.49375 0.49324324324324326 0.496875 0.5101351351351351 0.4875 0.5675675675675675 0.509375 0.6047297297297297 0.515625 0.5743243243243243 0.5109375 0.5574324324324325 0.515625 0.5135135135135135 0.5046875 0.48986486486486486
21 0.546875 0.527027027027027 0.534375 0.5540540540540541 0.515625 0.5641891891891891 0.5265625 0.5878378378378378 0.521875 0.6047297297297297 0.528125 0.5945945945945946 0.5453125 0.6047297297297297 0.5375 0.5743243243243243 0.546875 0.5608108108108109 0.559375 0.5608108108108109 0.55625 0.5371621621621622 0.5484375 0.527027027027027
24 0.54375 0.6182432432432432 0.534375 0.625 0.528125 0.6587837837837838 0.5328125 0.6993243243243243 0.55 0.6993243243243243 0.55625 0.6858108108108109 0.55 0.652027027027027 0.553125 0.6317567567567568 0.5453125 0.6182432432432432
24 0.6421875 0.48986486486486486 0.6359375 0.5 0.6328125 0.543918918918919 0.6375 0.5844594594594594 0.6640625 0.5777027027027027 0.653125 0.543918918918919 0.6609375 0.5236486486486487 0.6609375 0.5067567567567568 0.6515625 0.48986486486486486
84 0.71875 0.8141891891891891 0.6984375 0.8243243243243243 0.6875 0.8614864864864865 0.69375 0.9222972972972973 0.715625 0.9459459459459459 0.7421875 0.9290540540540541 0.7515625 0.8952702702702703 0.7515625 0.8614864864864865 0.7453125 0.8378378378378378 0.728125 0.8141891891891891
85 0.7609375 0.625 0.746875 0.6351351351351351 0.7359375 0.668918918918919 0.74375 0.7466216216216216 0.7609375 0.7635135135135135 0.7859375 0.75 0.7984375 0.7128378378378378 0.79375 0.652027027027027 0.775 0.625
45 0.63125 0.847972972972973 0.61875 0.8716216216216216 0.61875 0.9087837837837838 0.63125 0.9324324324324325 0.64375 0.9324324324324325 0.653125 0.918918918918919 0.6578125 0.8851351351351351 0.6546875 0.8648648648648649 0.6421875 0.847972972972973
40 0.53184375 0.4494932432432433 0.078015625 0.018513513513513515
64 0.509484375 0.4124662162162162 0.080875 0.010270270270270271
42 0.506625 0.3980405405405405 0.080875 0.018513513513513515
64 0.502828125 0.3569256756756757 0.080875 0.01439189189189189
40 0.502828125 0.3414864864864865 0.0770625 0.020574324324324322
40 0.56134375 0.24581081081081083 0.076109375 0.018513513513513515
68 0.11196874999999999 0.15594594594594594 0.14425 0.31189189189189187
1 0.156390625 0.10635135135135135 0.016140625 0.043209459459459455
66 0.152 0.0472972972972973 0.00809375 0.026858108108108108
29 0.1583125 0.053175675675675674 0.01690625 0.02989864864864865
83 0.173046875 0.043209459459459455 0.016734375000000003 0.037364864864864865
49 0.15712500000000001 0.03327702702702703 0.008640625 0.01516891891891892
67 0.17034375 0.015777027027027025 0.012421875 0.03152027027027027