69 0.734375 0.02027027027027027 0.709375 0.0777027027027027 0.696875 0.09121621621621621 0.696875 0.11486486486486487 0.7078125 0.14864864864864866 0.721875 0.16216216216216217 0.71875 0.20608108108108109 0.728125 0.2195945945945946 0.7390625 0.22297297297297297 0.734375 0.20945945945945946 0.740625 0.19932432432432431 0.759375 0.21621621621621623 0.7765625 0.21283783783783783 0.7828125 0.19932432432432431 0.7796875 0.17567567567567569 0.7859375 0.14864864864864866 0.7703125 0.07432432432432433 0.7703125 0.05405405405405406 0.7375 0.02027027027027027
5 0.21875 0.06756756756756757 0.2171875 0.08783783783783784 0.2046875 0.10472972972972973 0.2015625 0.0945945945945946 0.1890625 0.0945945945945946 0.1890625 0.16891891891891891 0.2609375 0.21621621621621623 0.278125 0.24662162162162163 0.3 0.3108108108108108 0.3421875 0.3310810810810811 0.365625 0.2972972972972973 0.36875 0.21621621621621623 0.353125 0.1891891891891892 0.353125 0.16554054054054054 0.346875 0.15202702702702703 0.2890625 0.08783783783783784 0.2625 0.09121621621621621 0.221875 0.06756756756756757
5 0.740625 0.5304054054054054 0.715625 0.5743243243243243 0.696875 0.5641891891891891 0.6890625 0.5777027027027027 0.6796875 0.5777027027027027 0.6671875 0.652027027027027 0.6546875 0.6790540540540541 0.6515625 0.722972972972973 0.6625 0.7668918918918919 0.671875 0.7736486486486487 0.6828125 0.8006756756756757 0.6984375 0.8108108108108109 0.734375 0.8074324324324325 0.7546875 0.8277027027027027 0.7703125 0.8074324324324325 0.75 0.7905405405405406 0.753125 0.777027027027027 0.7734375 0.777027027027027 0.7640625 0.7736486486486487 0.75625 0.7466216216216216 0.7453125 0.7364864864864865 0.7375 0.706081081081081 0.7375 0.6587837837837838 0.7640625 0.6216216216216216 0.790625 0.6216216216216216 0.8 0.6385135135135135 0.8109375 0.6081081081081081 0.809375 0.5878378378378378 0.778125 0.5945945945945946 0.778125 0.5641891891891891 0.7578125 0.5506756756756757 0.7515625 0.5304054054054054
5 0.903125 0.13175675675675674 0.8953125 0.14864864864864866 0.859375 0.17905405405405406 0.8484375 0.23310810810810811 0.85 0.27702702702702703 0.8296875 0.3344594594594595 0.815625 0.34797297297297297 0.8203125 0.3716216216216216 0.7984375 0.44256756756756754 0.8 0.4864864864864865 0.8078125 0.5067567567567568 0.8328125 0.527027027027027 0.846875 0.5168918918918919 0.8703125 0.5202702702702703 0.896875 0.5033783783783784 0.9296875 0.4222972972972973 0.925 0.3918918918918919 0.9453125 0.3783783783783784 0.9671875 0.30743243243243246 0.98125 0.28378378378378377 0.9765625 0.27364864864864863 0.978125 0.2533783783783784 0.9640625 0.23986486486486486 0.9640625 0.19932432432432431 0.9578125 0.17905405405405406 0.9453125 0.16216216216216217 0.9171875 0.1554054054054054 0.90625 0.13851351351351351
5 0.603125 0.7837837837837838 0.584375 0.8277027027027027 0.575 0.8344594594594594 0.5265625 0.8344594594594594 0.525 0.8412162162162162 0.5421875 0.8445945945945946 0.5359375 0.8682432432432432 0.521875 0.847972972972973 0.503125 0.8445945945945946 0.515625 0.847972972972973 0.528125 0.8851351351351351 0.5265625 0.9087837837837838 0.5125 0.9358108108108109 0.4953125 0.9290540540540541 0.4890625 0.9054054054054054 0.4890625 0.9256756756756757 0.478125 0.9358108108108109 0.4734375 0.9695945945945946 0.409375 0.9695945945945946 0.4234375 0.9932432432432432 0.4328125 0.9797297297297297 0.4484375 0.9966216216216216 0.6765625 0.9966216216216216 0.69375 0.9662162162162162 0.696875 0.9527027027027027 0.6921875 0.9222972972972973 0.6859375 0.918918918918919 0.684375 0.8614864864864865 0.6671875 0.8445945945945946 0.6609375 0.8209459459459459 0.65 0.8277027027027027 0.6359375 0.8108108108108109 0.625 0.8108108108108109 0.621875 0.8277027027027027 0.621875 0.793918918918919 0.6171875 0.7837837837837838 0.6046875 0.7871621621621622
86 0.8484375 0.5202702702702703 0.828125 0.5472972972972973 0.821875 0.5844594594594594 0.825 0.6182432432432432 0.853125 0.652027027027027 0.8734375 0.6283783783783784 0.878125 0.597972972972973 0.884375 0.5912162162162162 0.8765625 0.543918918918919 0.8546875 0.5202702702702703
63 0.6265625 0.10472972972972973 0.615625 0.11824324324324324 0.584375 0.11824324324324324 0.5734375 0.10810810810810811 0.575 0.1858108108108108 0.56875 0.20945945945945946 0.578125 0.23648648648648649 0.5765625 0.25675675675675674 0.596875 0.27364864864864863 0.584375 0.35135135135135137 0.60625 0.35135135135135137 0.6125 0.3108108108108108 0.6453125 0.3310810810810811 0.7046875 0.3277027027027027 0.6890625 0.2972972972972973 0.6421875 0.2668918918918919 0.634375 0.23986486486486486 0.6453125 0.20270270270270271 0.6296875 0.15202702702702703 0.6375 0.125 0.63125 0.11486486486486487
97 0.2171875 0.652027027027027 0.209375 0.6722972972972973 0.21875 0.7195945945945946 0.215625 0.8141891891891891 0.228125 0.831081081081081 0.240625 0.8243243243243243 0.2484375 0.7905405405405406 0.2484375 0.7466216216216216 0.240625 0.7162162162162162 0.2515625 0.6756756756756757 0.2484375 0.6655405405405406 0.2265625 0.668918918918919 0.2203125 0.652027027027027
56 0.140625 0.597972972972973 0.0859375 0.6587837837837838 0.071875 0.652027027027027 0.053125 0.6756756756756757 0.015625 0.6756756756756757 0.0078125 0.6925675675675675 0.0734375 0.6891891891891891 0.075 0.722972972972973 0.09375 0.7195945945945946 0.1078125 0.6824324324324325 0.1171875 0.6993243243243243 0.1234375 0.6959459459459459 0.1140625 0.6621621621621622 0.128125 0.6317567567567568 0.1453125 0.6182432432432432 0.1421875 0.597972972972973
24 0.340625 0.5236486486486487 0.3296875 0.527027027027027 0.328125 0.5743243243243243 0.3453125 0.597972972972973 0.3515625 0.5540540540540541 0.3421875 0.527027027027027
24 0.33359375 0.6317567567567568 0.321875 0.6385135135135135 0.328125 0.652027027027027 0.30625 0.6993243243243243 0.3078125 0.722972972972973 0.33125 0.7567567567567568 0.34375 0.7398648648648649 0.35625 0.7398648648648649 0.3640625 0.7162162162162162 0.3625 0.6925675675675675 0.353125 0.6790540540540541 0.35625 0.6587837837837838 0.3421875 0.6317567567567568
25 0.36875 0.48986486486486486 0.359375 0.5101351351351351 0.35625 0.5574324324324325 0.365625 0.5878378378378378 0.3796875 0.5912162162162162 0.3890625 0.5777027027027027 0.3890625 0.5506756756756757 0.3875 0.5168918918918919 0.375 0.48986486486486486
25 0.4734375 0.44256756756756754 0.4625 0.4594594594594595 0.4546875 0.49324324324324326 0.4421875 0.49324324324324326 0.43125 0.5202702702702703 0.45625 0.49324324324324326 0.465625 0.527027027027027 0.478125 0.5236486486486487 0.484375 0.5067567567567568 0.4765625 0.4831081081081081 0.4734375 0.44594594594594594
25 0.6203125 0.3581081081081081 0.5984375 0.38513513513513514 0.5984375 0.4189189189189189 0.6078125 0.3952702702702703 0.6140625 0.3952702702702703 0.6171875 0.40202702702702703 0.6046875 0.4222972972972973 0.6078125 0.44594594594594594 0.6140625 0.4594594594594595 0.6359375 0.47297297297297297 0.6625 0.43243243243243246 0.6453125 0.40202702702702703 0.6421875 0.3716216216216216 0.625 0.38175675675675674 0.6125 0.3716216216216216 0.6234375 0.36824324324324326 0.625 0.3581081081081081
64 0.210296875 0.6018581081081081 0.078 0.009932432432432432
42 0.20992187499999998 0.5861486486486487 0.07876562499999999 0.018175675675675674
23 0.063859375 0.5431418918918919 0.07876562499999999 0.01158783783783784
40 0.06309375 0.5315878378378378 0.077234375 0.014864864864864866
64 0.61521875 0.08432432432432432 0.077234375 0.009932432432432432
41 0.6148281250000001 0.06945945945945946 0.07953125 0.01983108108108108
41 0.75209375 0.005777027027027027 0.080296875 0.011554054054054054
68 0.1134375 0.15567567567567567 0.146609375 0.31131756756756757
1 0.15009375 0.28489864864864867 0.013968749999999999 0.0302027027027027
66 0.15926562500000002 0.2924662162162162 0.013093750000000001 0.0302027027027027
49 0.07810937500000001 0.17641891891891892 0.018328125 0.03206081081081081
29 0.0671875 0.1518918918918919 0.015703125000000002 0.03962837837837838
67 0.167109375 0.25847972972972977 0.016578125 0.03773648648648649
83 0.17671874999999998 0.25472972972972974 0.013093750000000001 0.0339527027027027