65 0.434375 0.5888888888888889 0.4265625 0.5972222222222222 0.425 0.6222222222222222 0.4171875 0.6277777777777778 0.43125 0.6833333333333333 0.4453125 0.7027777777777777 0.45625 0.7027777777777777 0.4703125 0.7166666666666667 0.4859375 0.7472222222222222 0.48125 0.7194444444444444 0.4578125 0.6888888888888889 0.4578125 0.6722222222222223 0.4640625 0.6611111111111111 0.4890625 0.6555555555555556 0.48125 0.6194444444444445 0.4703125 0.6083333333333333 0.465625 0.6222222222222222 0.45 0.5944444444444444 0.4421875 0.6027777777777777 0.4359375 0.5916666666666667
97 0.496875 0.46111111111111114 0.4921875 0.4777777777777778 0.490625 0.5722222222222222 0.5015625 0.6055555555555555 0.509375 0.6111111111111112 0.5234375 0.5916666666666667 0.528125 0.5527777777777778 0.515625 0.5222222222222223 0.5171875 0.48333333333333334 0.5046875 0.46111111111111114 0.4984375 0.46111111111111114
92 0.75625 0.55 0.7234375 0.5527777777777778 0.7203125 0.5611111111111111 0.715625 0.5527777777777778 0.6984375 0.5583333333333333 0.6796875 0.5805555555555556 0.675 0.5916666666666667 0.675 0.6333333333333333 0.6859375 0.6722222222222223 0.6921875 0.6805555555555556 0.7078125 0.6805555555555556 0.7078125 0.7 0.74375 0.7083333333333334 0.7734375 0.7 0.7796875 0.6666666666666666 0.7921875 0.6361111111111111 0.790625 0.6055555555555555 0.78125 0.5694444444444444 0.7640625 0.55
45 0.6625 0.8472222222222222 0.6484375 0.8638888888888889 0.64375 0.9027777777777778 0.65625 0.9305555555555556 0.678125 0.9333333333333333 0.6921875 0.9055555555555556 0.6921875 0.875 0.68125 0.8527777777777777 0.6703125 0.8472222222222222
25 0.3953125 0.775 0.39375 0.7972222222222223 0.36875 0.8333333333333334 0.365625 0.8583333333333333 0.3765625 0.875 0.36875 0.8972222222222223 0.3640625 0.8861111111111111 0.353125 0.8861111111111111 0.3421875 0.8722222222222222 0.3421875 0.8472222222222222 0.3484375 0.8361111111111111 0.3421875 0.8388888888888889 0.340625 0.8666666666666667 0.346875 0.9083333333333333 0.3390625 0.9416666666666667 0.3578125 0.9305555555555556 0.3640625 0.9055555555555556 0.371875 0.9138888888888889 0.3671875 0.9333333333333333 0.3796875 0.9388888888888889 0.384375 0.9555555555555556 0.415625 0.9555555555555556 0.4328125 0.9416666666666667 0.43125 0.9305555555555556 0.446875 0.8888888888888888 0.4421875 0.8638888888888889 0.446875 0.825 0.434375 0.8333333333333334 0.4171875 0.8083333333333333 0.4109375 0.7805555555555556 0.3984375 0.7916666666666666 0.396875 0.7777777777777778
25 0.2859375 0.9277777777777778 0.2796875 0.9333333333333333 0.2796875 0.9444444444444444 0.3046875 0.9722222222222222 0.3078125 0.9972222222222222 0.35 0.9944444444444445 0.3484375 0.9777777777777777 0.3296875 0.9555555555555556 0.321875 0.9277777777777778 0.3171875 0.9277777777777778 0.30625 0.9527777777777777 0.2984375 0.9333333333333333 0.2875 0.9277777777777778
64 0.51078125 0.41455555555555557 0.09596875 0.009555555555555555
42 0.50890625 0.3994444444444445 0.09406250000000001 0.018000000000000002
64 0.44171875 0.5333611111111111 0.09059375 0.007972222222222223
40 0.443515625 0.5182222222222223 0.094171875 0.015944444444444445
88 0.18125 0.11666666666666667 0.1765625 0.12777777777777777 0.1796875 0.225 0.2 0.2361111111111111 0.203125 0.2222222222222222 0.1953125 0.21666666666666667 0.1953125 0.20555555555555555 0.2 0.20277777777777778 0.2 0.18055555555555555 0.209375 0.17777777777777778 0.2328125 0.22777777777777777 0.24375 0.23055555555555557 0.24375 0.20555555555555555 0.25625 0.2 0.253125 0.18055555555555555 0.2265625 0.16111111111111112 0.2109375 0.16111111111111112 0.2046875 0.15 0.2046875 0.1361111111111111 0.190625 0.11666666666666667
68 0.088796875 0.16105555555555554 0.17759375 0.31572222222222224
1 0.1560625 0.27825 0.02153125 0.043055555555555555
82 0.096859375 0.13872222222222222 0.02153125 0.035083333333333334
29 0.08475 0.10602777777777778 0.022421875 0.03666666666666667
66 0.099109375 0.118 0.018828125 0.015944444444444445
49 0.1255625 0.13233333333333333 0.02153125 0.035083333333333334