65 0.46875 0.27364864864864863 0.4640625 0.30405405405405406 0.4578125 0.3108108108108108 0.4546875 0.3716216216216216 0.4625 0.3581081081081081 0.4640625 0.3716216216216216 0.4734375 0.38175675675675674 0.478125 0.3783783783783784 0.4828125 0.30743243243243246 0.4703125 0.27364864864864863
5 0.590625 0.3344594594594595 0.5828125 0.34797297297297297 0.5484375 0.3614864864864865 0.55 0.39864864864864863 0.5453125 0.4189189189189189 0.5046875 0.4189189189189189 0.490625 0.44594594594594594 0.4921875 0.46621621621621623 0.5 0.46621621621621623 0.515625 0.48986486486486486 0.5171875 0.5236486486486487 0.54375 0.5777027027027027 0.5828125 0.5709459459459459 0.5875 0.5608108108108109 0.6140625 0.5506756756756757 0.625 0.5304054054054054 0.6296875 0.49324324324324326 0.6375 0.4797297297297297 0.628125 0.44932432432432434 0.6328125 0.42567567567567566 0.628125 0.40540540540540543 0.6078125 0.38513513513513514 0.5921875 0.33783783783783783
97 0.4921875 0.46959459459459457 0.4921875 0.6047297297297297 0.525 0.6114864864864865 0.540625 0.597972972972973 0.5390625 0.5777027027027027 0.5109375 0.5236486486486487 0.5140625 0.4966216216216216 0.4984375 0.46959459459459457
97 0.5015625 0.7533783783783784 0.4984375 0.8074324324324325 0.4875 0.7837837837837838 0.4765625 0.8040540540540541 0.45 0.9256756756756757 0.45 0.9594594594594594 0.4578125 0.9594594594594594 0.4640625 0.9391891891891891 0.475 0.9459459459459459 0.478125 0.9594594594594594 0.484375 0.9527027027027027 0.4875 0.8783783783783784 0.4953125 0.8412162162162162 0.50625 0.831081081081081 0.5015625 0.7668918918918919
85 0.76875 0.625 0.746875 0.6385135135135135 0.7359375 0.6790540540540541 0.740625 0.7297297297297297 0.7640625 0.7635135135135135 0.7765625 0.7635135135135135 0.7875 0.75 0.8 0.706081081081081 0.79375 0.6486486486486487 0.778125 0.625
5 0.9359375 0.6452702702702703 0.91875 0.668918918918919 0.90625 0.668918918918919 0.8859375 0.706081081081081 0.875 0.706081081081081 0.8625 0.7364864864864865 0.8640625 0.7567567567567568 0.884375 0.7972972972972973 0.878125 0.8513513513513513 0.8671875 0.8547297297297297 0.8640625 0.8716216216216216 0.878125 0.875 0.8734375 0.8817567567567568 0.8859375 0.9324324324324325 0.8765625 0.9425675675675675 0.8671875 0.9358108108108109 0.853125 0.902027027027027 0.846875 0.9087837837837838 0.8453125 0.9459459459459459 0.8375 0.9628378378378378 0.821875 0.9391891891891891 0.8234375 0.9459459459459459 0.8171875 0.9527027027027027 0.8109375 0.9324324324324325 0.8140625 0.9459459459459459 0.80625 0.956081081081081 0.7984375 0.9966216216216216 0.8265625 0.9966216216216216 0.83125 0.9797297297297297 0.8390625 0.9831081081081081 0.8375 0.9966216216216216 0.96875 0.9966216216216216 0.984375 0.9493243243243243 0.9828125 0.9391891891891891 0.99375 0.9324324324324325 0.9921875 0.8986486486486487 0.9984375 0.902027027027027 0.9984375 0.875 0.99375 0.8648648648648649 0.9890625 0.875 0.984375 0.8682432432432432 0.9984375 0.8344594594594594 0.9984375 0.722972972972973 0.9734375 0.6891891891891891 0.978125 0.6722972972972973 0.9625 0.6858108108108109 0.953125 0.6655405405405406 0.940625 0.6655405405405406 0.9390625 0.6554054054054054 0.9515625 0.652027027027027 0.940625 0.6452702702702703
5 0 0.6891891891891891 0 0.9222972972972973 0.06875 0.9222972972972973 0.0765625 0.9054054054054054 0.0796875 0.8716216216216216 0.0984375 0.8209459459459459 0.096875 0.7837837837837838 0.078125 0.7533783783783784 0.0671875 0.7635135135135135 0.0484375 0.7533783783783784 0.028125 0.7027027027027027 0.009375 0.7027027027027027 0.0015625 0.6891891891891891
5 0.7609375 0.10472972972972973 0.7453125 0.11824324324324324 0.7390625 0.14189189189189189 0.73125 0.13175675675675674 0.728125 0.13851351351351351 0.728125 0.17567567567567569 0.7484375 0.2533783783783784 0.7703125 0.2905405405405405 0.803125 0.30067567567567566 0.8359375 0.2702702702702703 0.8515625 0.20608108108108109 0.8453125 0.15202702702702703 0.8296875 0.15202702702702703 0.828125 0.13513513513513514 0.8140625 0.10810810810810811 0.809375 0.125 0.7875 0.10810810810810811 0.775 0.11486486486486487 0.7625 0.10472972972972973
78 0.48503125 0.7629391891891892 0.100265625 0.033783783783783786
40 0.490890625 0.7263513513513513 0.080734375 0.016891891891891893
64 0.47590625 0.2547972972972973 0.079421875 0.019695945945945946
40 0.4765625 0.23790540540540542 0.078125 0.019695945945945946
64 0.509109375 0.4110472972972973 0.0859375 0.016891891891891893
42 0.5078125 0.39837837837837836 0.080734375 0.019695945945945946
68 0.114578125 0.15766891891891893 0.1484375 0.31530405405405404
29 0.0670625 0.16047297297297297 0.01953125 0.04503378378378378
49 0.09440625 0.13935810810810811 0.016921875 0.03097972972972973
66 0.08965625 0.11804054054054053 0.013015625 0.020337837837837835
82 0.09440625 0.10557432432432433 0.014328125 0.019695945945945946
1 0.17425 0.21260135135135136 0.02025 0.04064189189189189