5 0.4885416666666667 0.4189189189189189 0.46875 0.4189189189189189 0.4515625 0.4358108108108108 0.4484375 0.4966216216216216 0.453125 0.5067567567567568 0.4546875 0.5608108108108109 0.475 0.581081081081081 0.509375 0.5777027027027027 0.521875 0.5945945945945946 0.5453125 0.5945945945945946 0.5625 0.5337837837837838 0.5515625 0.44594594594594594 0.4984375 0.4189189189189189
97 0.50325 0.5320945945945946 0.055984374999999996 0.2083445945945946
64 0.50846875 0.4110472972972973 0.079421875 0.016891891891891893
42 0.50715625 0.39837837837837836 0.079421875 0.019695945945945946
5 0.8984375 0.125 0.853125 0.19256756756756757 0.84375 0.25675675675675674 0.853125 0.3141891891891892 0.88125 0.3310810810810811 0.9234375 0.3310810810810811 0.940625 0.30743243243243246 0.940625 0.2972972972972973 0.9484375 0.30405405405405406 0.965625 0.2702702702702703 0.96875 0.24662162162162163 0.959375 0.22972972972972974 0.965625 0.19932432432432431 0.9484375 0.16891891891891891 0.9328125 0.16891891891891891 0.91875 0.13851351351351351 0.909375 0.14189189189189189 0.9 0.125
5 0.29375 0.02364864864864865 0.2609375 0.0472972972972973 0.25 0.0777027027027027 0.25625 0.08783783783783784 0.25 0.09797297297297297 0.2546875 0.0945945945945946 0.25625 0.10810810810810811 0.2515625 0.11148648648648649 0.2546875 0.11824324324324324 0.2484375 0.13851351351351351 0.2390625 0.13851351351351351 0.234375 0.15202702702702703 0.21875 0.16216216216216217 0.2078125 0.19256756756756757 0.2 0.19594594594594594 0.1984375 0.21283783783783783 0.2046875 0.19594594594594594 0.2125 0.2195945945945946 0.2109375 0.22972972972972974 0.2046875 0.23986486486486486 0.1890625 0.22635135135135134 0.1875 0.25675675675675674 0.16875 0.30405405405405406 0.1546875 0.31756756756756754 0.10625 0.32094594594594594 0.11875 0.33783783783783783 0.11875 0.3547297297297297 0.1359375 0.39864864864864863 0.1484375 0.40540540540540543 0.1890625 0.3885135135135135 0.2546875 0.3310810810810811 0.2921875 0.28378378378378377 0.2890625 0.27702702702702703 0.315625 0.19256756756756757 0.353125 0.17567567567567569 0.3546875 0.15202702702702703 0.34375 0.13175675675675674 0.346875 0.10810810810810811 0.3328125 0.0472972972972973 0.2953125 0.02364864864864865
85 0.7671875 0.625 0.746875 0.6351351351351351 0.734375 0.6790540540540541 0.740625 0.7297297297297297 0.765625 0.7635135135135135 0.7796875 0.7601351351351351 0.7921875 0.7398648648648649 0.8 0.6959459459459459 0.79375 0.6486486486486487 0.775 0.625
68 0.11328125 0.15766891891891893 0.1484375 0.31530405405405404
66 0.07865625000000001 0.13050675675675677 0.02078125 0.038513513513513516
94 0.081625 0.08878378378378379 0.018796874999999998 0.03209459459459459
29 0.062546875 0.060168918918918915 0.013734374999999998 0.029695945945945944
30 0.060015624999999996 0.028918918918918922 0.017359375 0.03594594594594595
82 0.073015625 0.06253378378378378 0.017359375 0.03439189189189189
1 0.16014062499999998 0.26652027027027025 0.019515625 0.03908783783783784