97 0.509375 0.51425 0.081234375 0.17369444444444446
24 0.48125 0.6472222222222223 0.4734375 0.6694444444444444 0.45 0.6888888888888889 0.45 0.7 0.4625 0.7166666666666667 0.4921875 0.7194444444444444 0.515625 0.6833333333333333 0.5140625 0.6611111111111111 0.4875 0.6472222222222223
24 0.590625 0.49722222222222223 0.584375 0.5083333333333333 0.58125 0.5638888888888889 0.571875 0.5722222222222222 0.5703125 0.5888888888888889 0.590625 0.5916666666666667 0.61875 0.5277777777777778 0.615625 0.5083333333333333 0.5921875 0.5
24 0.6796875 0.36944444444444446 0.65 0.41944444444444445 0.6578125 0.4638888888888889 0.6765625 0.46944444444444444 0.66875 0.45555555555555555 0.68125 0.4361111111111111 0.68125 0.46111111111111114 0.684375 0.4583333333333333 0.7078125 0.39166666666666666 0.7078125 0.38055555555555554 0.6859375 0.36944444444444446
24 0.7578125 0.25833333333333336 0.746875 0.2777777777777778 0.7453125 0.30833333333333335 0.7453125 0.32222222222222224 0.7578125 0.3333333333333333 0.7703125 0.3277777777777778 0.765625 0.3138888888888889 0.778125 0.2833333333333333 0.7765625 0.26666666666666666 0.7703125 0.25833333333333336
85 0.82578125 0.625 0.803125 0.6333333333333333 0.7875 0.6666666666666666 0.7890625 0.7166666666666667 0.8015625 0.7444444444444445 0.8265625 0.75 0.8390625 0.7361111111111112 0.85625 0.7416666666666667 0.8640625 0.7138888888888889 0.8640625 0.6722222222222223 0.85625 0.6472222222222223 0.8359375 0.625
84 0.7744791666666667 0.8138888888888889 0.7453125 0.8222222222222222 0.73125 0.8527777777777777 0.7328125 0.9027777777777778 0.75 0.9305555555555556 0.7671875 0.9361111111111111 0.7796875 0.9277777777777778 0.7921875 0.9055555555555556 0.8 0.8722222222222222 0.80625 0.875 0.8 0.8638888888888889 0.8015625 0.8444444444444444 0.7828125 0.8138888888888889
45 0.6640625 0.8444444444444444 0.6421875 0.875 0.6421875 0.9055555555555556 0.65 0.925 0.665625 0.9388888888888889 0.684375 0.9277777777777778 0.69375 0.9027777777777778 0.6890625 0.8638888888888889 0.6703125 0.8444444444444444
5 0.2984375 0.06944444444444445 0.2859375 0.08333333333333333 0.2734375 0.07222222222222222 0.2375 0.09722222222222222 0.203125 0.10555555555555556 0.19375 0.125 0.1859375 0.12777777777777777 0.1765625 0.15555555555555556 0.1765625 0.2638888888888889 0.184375 0.24166666666666667 0.1953125 0.24166666666666667 0.1875 0.21944444444444444 0.19375 0.21388888888888888 0.190625 0.20833333333333334 0.196875 0.19444444444444445 0.209375 0.21666666666666667 0.2234375 0.18611111111111112 0.2703125 0.19444444444444445 0.29375 0.18611111111111112 0.3390625 0.21388888888888888 0.3484375 0.2 0.3640625 0.2 0.375 0.18333333333333332 0.375 0.17222222222222222 0.359375 0.15 0.3546875 0.12222222222222222 0.3421875 0.1 0.3 0.06944444444444445
90 0.5248046875 0.4111111111111111 0.46875 0.4111111111111111 0.4671875 0.4527777777777778 0.4890625 0.46944444444444444 0.515625 0.475 0.521875 0.46944444444444444 0.5203125 0.45555555555555555 0.5328125 0.4444444444444444 0.5328125 0.4111111111111111
90 0.496875 0.16944444444444445 0.49375 0.18333333333333332 0.4828125 0.19444444444444445 0.4515625 0.17222222222222222 0.4375 0.18333333333333332 0.4609375 0.2222222222222222 0.4515625 0.22777777777777777 0.4546875 0.26944444444444443 0.4625 0.2861111111111111 0.4828125 0.2916666666666667 0.4546875 0.3333333333333333 0.453125 0.3638888888888889 0.46875 0.37777777777777777 0.5609375 0.37777777777777777 0.5671875 0.36944444444444446 0.56875 0.3527777777777778 0.5625 0.3388888888888889 0.5640625 0.325 0.5421875 0.2916666666666667 0.5375 0.2611111111111111 0.51875 0.2222222222222222 0.5046875 0.16944444444444445
64 0.516796875 0.40475 0.094859375 0.008805555555555556
42 0.516390625 0.3915555555555556 0.09568750000000001 0.017611111111111112
68 0.0874375 0.15763888888888888 0.174875 0.31530555555555556
1 0.061343749999999996 0.2952222222222222 0.01975 0.03636111111111111
82 0.09378125000000001 0.28958333333333336 0.02396875 0.030083333333333333
66 0.06875 0.1855277777777778 0.021859375 0.04011111111111111
29 0.031734374999999995 0.15669444444444444 0.018328125 0.035111111111111114
49 0.051828125 0.14916666666666667 0.01903125 0.035111111111111114
94 0.04971875 0.09402777777777778 0.021859375 0.03761111111111111