97 0.503125 0.46111111111111114 0.496875 0.4666666666666667 0.4890625 0.5027777777777778 0.4734375 0.4777777777777778 0.465625 0.5027777777777778 0.4875 0.5055555555555555 0.4921875 0.5138888888888888 0.484375 0.5555555555555556 0.490625 0.5916666666666667 0.5 0.6055555555555555 0.515625 0.6055555555555555 0.5296875 0.5944444444444444 0.540625 0.5666666666666667 0.521875 0.55 0.5140625 0.5333333333333333 0.5140625 0.4861111111111111 0.5078125 0.46111111111111114
88 0.9046875 0.6416666666666667 0.8953125 0.6555555555555556 0.8859375 0.6527777777777778 0.8875 0.675 0.9015625 0.6916666666666667 0.925 0.6944444444444444 0.9546875 0.7722222222222223 0.9734375 0.7861111111111111 0.9953125 0.7638888888888888 0.9984375 0.7361111111111112 0.9828125 0.6888888888888889 0.98125 0.6694444444444444 0.946875 0.6555555555555556 0.9328125 0.675 0.9234375 0.6666666666666666 0.921875 0.6555555555555556 0.9109375 0.6555555555555556 0.9078125 0.6416666666666667
85 0.8265625 0.625 0.79375 0.6333333333333333 0.775 0.6777777777777778 0.775 0.7277777777777777 0.8 0.775 0.8453125 0.7694444444444445 0.8515625 0.7361111111111112 0.8609375 0.7305555555555555 0.86875 0.7083333333333334 0.8609375 0.6916666666666667 0.865625 0.6888888888888889 0.8609375 0.675 0.859375 0.7083333333333334 0.8546875 0.7083333333333334 0.8484375 0.6361111111111111 0.834375 0.625
86 0.925 0.5194444444444445 0.8953125 0.55 0.8890625 0.5861111111111111 0.9 0.6305555555555555 0.9265625 0.6472222222222223 0.9265625 0.6611111111111111 0.9359375 0.6638888888888889 0.9515625 0.6527777777777778 0.965625 0.625 0.96875 0.575 0.95625 0.5388888888888889 0.9296875 0.5194444444444445
5 0.8546875 0.15555555555555556 0.840625 0.15833333333333333 0.83125 0.17777777777777778 0.81875 0.18333333333333332 0.8 0.25 0.7953125 0.28888888888888886 0.8140625 0.36944444444444446 0.83125 0.38333333333333336 0.871875 0.39166666666666666 0.8828125 0.37777777777777777 0.8953125 0.33055555555555555 0.8953125 0.3111111111111111 0.8890625 0.29444444444444445 0.8953125 0.21944444444444444 0.8859375 0.21666666666666667 0.85625 0.15555555555555556
5 0.0125 0.5083333333333333 0.0046875 0.5222222222222223 0 0.5194444444444445 0 0.7444444444444445 0.0328125 0.7694444444444445 0.046875 0.7527777777777778 0.05625 0.7083333333333334 0.0625 0.7166666666666667 0.071875 0.7083333333333334 0.078125 0.6888888888888889 0.0765625 0.6555555555555556 0.084375 0.6527777777777778 0.084375 0.6416666666666667 0.0703125 0.625 0.071875 0.6138888888888889 0.0625 0.6027777777777777 0.059375 0.5861111111111111 0.0328125 0.5527777777777778 0.021875 0.5166666666666667 0.0140625 0.5083333333333333
64 0.5100156250000001 0.4137222222222222 0.09665625 0.01
42 0.50878125 0.4 0.098546875 0.019
68 0.088671875 0.15680555555555556 0.177359375 0.31363888888888886
50 0.128609375 0.13780555555555554 0.01996875 0.03966666666666666
83 0.11128125 0.18583333333333335 0.020546875 0.0355
82 0.09865625 0.17225 0.017625 0.033416666666666664
1 0.10159375 0.1440833333333333 0.0223125 0.033416666666666664
66 0.09278125000000001 0.09030555555555556 0.017625 0.03652777777777778
29 0.10893749999999999 0.10127777777777779 0.02290625 0.03966666666666666