97 0.3640625 0.43243243243243246 0.35 0.44594594594594594 0.3625 0.4831081081081081 0.353125 0.5641891891891891 0.3578125 0.5743243243243243 0.3859375 0.5709459459459459 0.4 0.5574324324324325 0.4015625 0.5405405405405406 0.3796875 0.49324324324324326 0.3796875 0.46283783783783783 0.36875 0.43243243243243246
37 0.4734375 0.4222972972972973 0.4703125 0.42567567567567566 0.4765625 0.46283783783783783 0.49375 0.5135135135135135 0.490625 0.5236486486486487 0.4765625 0.5236486486486487 0.4734375 0.5405405405405406 0.4890625 0.581081081081081 0.5140625 0.5945945945945946 0.5171875 0.6216216216216216 0.5328125 0.6216216216216216 0.546875 0.597972972972973 0.5390625 0.543918918918919 0.484375 0.4560810810810811 0.475 0.4222972972972973
63 0.615625 0.24662162162162163 0.609375 0.25 0.6046875 0.28716216216216217 0.6203125 0.38175675675675674 0.6203125 0.4155405405405405 0.615625 0.42567567567567566 0.6203125 0.44594594594594594 0.6109375 0.5304054054054054 0.621875 0.5168918918918919 0.6234375 0.4864864864864865 0.6375 0.4560810810810811 0.6515625 0.46621621621621623 0.6546875 0.4831081081081081 0.678125 0.5101351351351351 0.7015625 0.5101351351351351 0.7234375 0.5236486486486487 0.75 0.5168918918918919 0.7390625 0.48986486486486486 0.7140625 0.47297297297297297 0.6984375 0.44932432432432434 0.68125 0.4560810810810811 0.6796875 0.42567567567567566 0.671875 0.41216216216216217 0.68125 0.3614864864864865 0.6640625 0.31756756756756754 0.6640625 0.2972972972972973 0.6203125 0.27364864864864863 0.6171875 0.2668918918918919 0.625 0.26013513513513514 0.6203125 0.24662162162162163
65 0.73125 0.3614864864864865 0.70625 0.40878378378378377 0.7046875 0.44932432432432434 0.7203125 0.47297297297297297 0.746875 0.4797297297297297 0.7546875 0.49324324324324326 0.75625 0.4222972972972973 0.7359375 0.3614864864864865
92 0.86875 0.21621621621621623 0.875 0.2195945945945946 0.8625 0.23986486486486486 0.85625 0.2668918918918919 0.85625 0.28378378378378377 0.8671875 0.3141891891891892 0.890625 0.3344594594594595 0.9078125 0.3344594594594595 0.9171875 0.32094594594594594 0.921875 0.27702702702702703 0.90625 0.22972972972972974 0.8921875 0.21621621621621623 0.875 0.21621621621621623
86 0.846875 0.5202702702702703 0.825 0.5472972972972973 0.8171875 0.6013513513513513 0.8328125 0.6452702702702703 0.8609375 0.6621621621621622 0.8796875 0.6317567567567568 0.884375 0.5743243243243243 0.871875 0.5337837837837838 0.85625 0.5202702702702703
5 0.075 0.5777027027027027 0.0328125 0.597972972972973 0.0125 0.6418918918918919 0 0.6385135135135135 0 0.7567567567567568 0.028125 0.7533783783783784 0.1046875 0.7837837837837838 0.178125 0.8648648648648649 0.1984375 0.8952702702702703 0.2125 0.9425675675675675 0.221875 0.9459459459459459 0.228125 0.972972972972973 0.24375 0.972972972972973 0.25625 0.9966216216216216 0.3265625 0.9898648648648649 0.33125 0.9662162162162162 0.325 0.9155405405405406 0.3296875 0.8547297297297297 0.3078125 0.8209459459459459 0.309375 0.7533783783783784 0.290625 0.7398648648648649 0.2609375 0.6925675675675675 0.240625 0.6858108108108109 0.2359375 0.668918918918919 0.2203125 0.668918918918919 0.2125 0.6993243243243243 0.2046875 0.7027027027027027 0.209375 0.6722972972972973 0.1953125 0.6655405405405406 0.2015625 0.6452702702702703 0.1859375 0.6418918918918919 0.159375 0.6047297297297297 0.1421875 0.6114864864864865 0.1296875 0.5878378378378378 0.121875 0.6047297297297297 0.109375 0.5844594594594594 0.0984375 0.5912162162162162 0.0796875 0.5777027027027027
64 0.366265625 0.3791216216216216 0.08139062500000001 0.015202702702702704
42 0.36778125 0.36283783783783785 0.08039062500000001 0.017364864864864864
78 0.500921875 0.4171621621621622 0.079390625 0.021722972972972973
40 0.507453125 0.3845608108108108 0.08039062500000001 0.021722972972972973
64 0.749625 0.3041891891891892 0.078375 0.017364864864864864
40 0.749125 0.2889527027027027 0.077375 0.017364864864864864
68 0.11404687499999999 0.1575337837837838 0.145703125 0.31503378378378377
1 0.13314062499999998 0.2857094594594594 0.01909375 0.03692567567567567
49 0.163296875 0.24986486486486484 0.011046875000000001 0.026081081081081082
66 0.15575 0.2487837837837838 0.010046875 0.03692567567567567
82 0.17334375 0.2433445945945946 0.0130625 0.030405405405405407