97 0.5015625 0.4594594594594595 0.490625 0.48986486486486486 0.4875 0.5236486486486487 0.49375 0.543918918918919 0.4859375 0.581081081081081 0.4890625 0.6148648648648649 0.4984375 0.625 0.5125 0.6148648648648649 0.5109375 0.5304054054054054 0.525 0.49324324324324326 0.521875 0.47635135135135137 0.5125 0.49324324324324326 0.503125 0.4594594594594595
5 0.49375 0.15878378378378377 0.475 0.18243243243243243 0.4546875 0.1858108108108108 0.4515625 0.21283783783783783 0.4640625 0.2195945945945946 0.45625 0.28040540540540543 0.440625 0.2905405405405405 0.4375 0.31756756756756754 0.425 0.33783783783783783 0.4234375 0.36486486486486486 0.4078125 0.38513513513513514 0.40625 0.41216216216216217 0.4140625 0.4391891891891892 0.4109375 0.44594594594594594 0.41875 0.4797297297297297 0.425 0.4864864864864865 0.45 0.49324324324324326 0.4546875 0.4594594594594595 0.4578125 0.47635135135135137 0.4578125 0.4560810810810811 0.4640625 0.4391891891891892 0.4375 0.4155405405405405 0.4375 0.3918918918918919 0.4453125 0.375 0.4703125 0.38175675675675674 0.478125 0.3783783783783784 0.48125 0.3614864864864865 0.4890625 0.3614864864864865 0.4890625 0.3783783783783784 0.4890625 0.36824324324324326 0.496875 0.3614864864864865 0.5296875 0.36486486486486486 0.5328125 0.3716216216216216 0.528125 0.3783783783783784 0.5140625 0.375 0.5359375 0.3783783783783784 0.5421875 0.3581081081081081 0.534375 0.3108108108108108 0.534375 0.21283783783783783 0.528125 0.1891891891891892 0.5125 0.1891891891891892 0.49375 0.16216216216216217
5 0.76875 0.16554054054054054 0.7515625 0.17229729729729729 0.7328125 0.20270270270270271 0.7203125 0.20270270270270271 0.7015625 0.22972972972972974 0.7 0.28040540540540543 0.709375 0.31756756756756754 0.75625 0.2972972972972973 0.80625 0.3108108108108108 0.8171875 0.30405405405405406 0.903125 0.34797297297297297 0.9390625 0.3716216216216216 0.9546875 0.40878378378378377 0.9734375 0.42905405405405406 0.984375 0.46621621621621623 0.9984375 0.47297297297297297 0.9984375 0.34797297297297297 0.9921875 0.33783783783783783 0.990625 0.30743243243243246 0.975 0.28040540540540543 0.9140625 0.24324324324324326 0.9 0.2195945945945946 0.8546875 0.21283783783783783 0.825 0.1858108108108108 0.81875 0.1891891891891892 0.809375 0.16554054054054054 0.79375 0.17905405405405406 0.78125 0.16554054054054054
85 0.76796875 0.625 0.753125 0.6283783783783784 0.7359375 0.668918918918919 0.7421875 0.7364864864864865 0.7578125 0.75 0.790625 0.7432432432432432 0.7984375 0.7162162162162162 0.79375 0.6486486486486487 0.7765625 0.625
84 0.7203125 0.8141891891891891 0.696875 0.8277027027027027 0.6890625 0.8547297297297297 0.6953125 0.9222972972972973 0.7125 0.9391891891891891 0.73125 0.9324324324324325 0.740625 0.9121621621621622 0.74375 0.8547297297297297 0.7390625 0.8243243243243243 0.7296875 0.8141891891891891
45 0.6375 0.8445945945945946 0.6265625 0.8513513513513513 0.6171875 0.8783783783783784 0.6171875 0.9087837837837838 0.6328125 0.9358108108108109 0.64375 0.9358108108108109 0.6578125 0.9087837837837838 0.6578125 0.8716216216216216 0.6515625 0.8547297297297297 0.6390625 0.847972972972973
68 0.1134375 0.15851351351351353 0.14554687500000002 0.31702702702702706
1 0.15440625 0.2895608108108108 0.016843749999999998 0.03277027027027027
66 0.13840625 0.2689189189189189 0.01853125 0.03763513513513514
49 0.11567187500000001 0.2245945945945946 0.016843749999999998 0.041283783783783785
82 0.09209375 0.3071621621621622 0.016843749999999998 0.036418918918918915
50 0.12578125 0.13962837837837838 0.016843749999999998 0.03885135135135135
29 0.07664062499999999 0.05827702702702703 0.01853125 0.03885135135135135