45 0.667921875 0.8912500000000001 0.049046875000000004 0.08666666666666667
102 0.930625 0.5922222222222222 0.076078125 0.1375
5 0.46399999999999997 0.5916944444444444 0.14925 0.2812222222222222
5 0.029375000000000002 0.9382222222222222 0.058765625 0.11738888888888889
97 0.505671875 0.5305833333333333 0.058765625 0.15944444444444444
64 0.507984375 0.4165 0.094328125 0.01925
42 0.5056875 0.3983055555555555 0.08878125 0.014361111111111111
68 0.08728125 0.1584722222222222 0.174546875 0.31525
24 0.89159375 0.23141666666666666 0.075078125 0.1093611111111111
29 0.071140625 0.18969444444444447 0.024734375 0.033
82 0.095109375 0.14019444444444445 0.020109375 0.0385
60 0.11907812499999999 0.09666666666666666 0.018484375 0.03866666666666667
1 0.121796875 0.11019444444444446 0.023921875000000002 0.034805555555555555
66 0.145359375 0.11077777777777778 0.021078125 0.04011111111111111
49 0.095703125 0.057999999999999996 0.019578125 0.03866666666666667
67 0.16965625 0.08119444444444444 0.01740625 0.034805555555555555