63 0.35559375000000004 0.4434444444444444 0.169390625 0.25880555555555557
45 0.6682812499999999 0.8895555555555555 0.050249999999999996 0.09177777777777778
84 0.7676406250000001 0.8824166666666667 0.074640625 0.13327777777777777
5 0.5945625 0.5391111111111111 0.12603124999999998 0.24605555555555556
65 0.35390625 0.20555555555555555 0.0484375 0.10555555555555556
64 0.35546875 0.09583333333333334 0.0984375 0.013888888888888888
40 0.35609375 0.08097222222222222 0.09617187499999999 0.015583333333333334
97 0.49453125 0.5291666666666667 0.0640625 0.14722222222222223
64 0.5078125 0.4125 0.09375 0.019444444444444445
42 0.50946875 0.3979722222222222 0.095078125 0.014555555555555556
41 0.10621875 0.5548888888888889 0.10004687500000001 0.014277777777777776
40 0.056999999999999995 0.6934166666666667 0.097359375 0.02322222222222222
68 0.088640625 0.15758333333333333 0.17728125 0.31516666666666665
29 0.10621875 0.18683333333333335 0.0209375 0.03855555555555556
49 0.12828124999999999 0.13297222222222221 0.017203125 0.026583333333333334
30 0.12865625 0.123 0.016453125 0.02791666666666667
66 0.143984375 0.11636111111111111 0.018703125 0.03325
82 0.135765625 0.09508333333333333 0.018703125 0.03325
1 0.132390625 0.07180555555555555 0.0239375 0.03988888888888889
86 0.9258593749999999 0.5868611111111112 0.06443750000000001 0.11966666666666666