97 0.5125 0.4583333333333333 0.509375 0.4666666666666667 0.5015625 0.46111111111111114 0.4875 0.46944444444444444 0.4890625 0.5138888888888888 0.4859375 0.5277777777777778 0.475 0.5388888888888889 0.4796875 0.5472222222222223 0.478125 0.5694444444444444 0.4859375 0.5805555555555556 0.4921875 0.5805555555555556 0.496875 0.5666666666666667 0.5015625 0.5722222222222222 0.5015625 0.5972222222222222 0.5078125 0.6138888888888889 0.5140625 0.6 0.5265625 0.5972222222222222 0.5140625 0.5472222222222223 0.5140625 0.5305555555555556 0.51875 0.525 0.51875 0.48055555555555557 0.5140625 0.46111111111111114
53 0.30625 0.05277777777777778 0.309375 0.07222222222222222 0.303125 0.10277777777777777 0.303125 0.15833333333333333 0.309375 0.19444444444444445 0.315625 0.11944444444444445 0.3328125 0.125 0.340625 0.175 0.3578125 0.17222222222222222 0.3609375 0.15 0.3484375 0.1638888888888889 0.340625 0.14444444444444443 0.34375 0.11666666666666667 0.359375 0.12222222222222222 0.340625 0.09722222222222222 0.3375 0.05555555555555555 0.3078125 0.05277777777777778
5 0.528125 0.7388888888888889 0.521875 0.7555555555555555 0.496875 0.7444444444444445 0.4890625 0.7583333333333333 0.4640625 0.75 0.446875 0.7694444444444445 0.4390625 0.7638888888888888 0.428125 0.8111111111111111 0.4109375 0.8361111111111111 0.4109375 0.85 0.3921875 0.8305555555555556 0.390625 0.8638888888888889 0.3671875 0.9138888888888889 0.375 0.9361111111111111 0.365625 0.9583333333333334 0.3890625 0.9972222222222222 0.578125 0.9972222222222222 0.5765625 0.9694444444444444 0.565625 0.9638888888888889 0.5703125 0.925 0.5609375 0.9027777777777778 0.5625 0.8583333333333333 0.56875 0.8472222222222222 0.5671875 0.8277777777777777 0.5625 0.825 0.559375 0.7972222222222223 0.5484375 0.7861111111111111 0.5484375 0.7638888888888888 0.540625 0.7638888888888888 0.5296875 0.7416666666666667
5 0.78125 0.375 0.7703125 0.3888888888888889 0.765625 0.4083333333333333 0.746875 0.3888888888888889 0.7453125 0.41944444444444445 0.7390625 0.43333333333333335 0.75 0.4666666666666667 0.7484375 0.4861111111111111 0.7609375 0.49722222222222223 0.765625 0.5305555555555556 0.7828125 0.5861111111111111 0.7984375 0.5972222222222222 0.809375 0.6194444444444445 0.84375 0.6222222222222222 0.859375 0.6388888888888888 0.8765625 0.6305555555555555 0.8890625 0.5944444444444444 0.8890625 0.5638888888888889 0.9078125 0.5277777777777778 0.925 0.5166666666666667 0.9328125 0.49722222222222223 0.9296875 0.4861111111111111 0.934375 0.475 0.928125 0.44722222222222224 0.9234375 0.4388888888888889 0.9 0.4361111111111111 0.8875 0.40555555555555556 0.878125 0.4 0.871875 0.40555555555555556 0.859375 0.3972222222222222 0.8578125 0.40555555555555556 0.8453125 0.40555555555555556 0.840625 0.3888888888888889 0.821875 0.37777777777777777 0.809375 0.3888888888888889 0.790625 0.3861111111111111 0.7859375 0.375
93 0.18125 0.23333333333333334 0.1734375 0.3 0.1578125 0.2972222222222222 0.153125 0.3138888888888889 0.14375 0.31666666666666665 0.0890625 0.3138888888888889 0.0859375 0.3388888888888889 0.19375 0.3388888888888889 0.2 0.3138888888888889 0.1859375 0.29444444444444445 0.190625 0.25833333333333336 0.1828125 0.2361111111111111
93 0.2125 0.34444444444444444 0.1921875 0.35833333333333334 0.075 0.35833333333333334 0.08125 0.39166666666666666 0.0765625 0.39166666666666666 0.065625 0.42777777777777776 0.05625 0.43333333333333335 0.059375 0.4722222222222222 0.046875 0.4861111111111111 0.0578125 0.5055555555555555 0.05 0.5194444444444445 0.053125 0.5555555555555556 0.0796875 0.5833333333333334 0.0890625 0.5722222222222222 0.096875 0.5777777777777777 0.103125 0.6027777777777777 0.1015625 0.6444444444444445 0.1078125 0.6611111111111111 0.1265625 0.675 0.15625 0.6527777777777778 0.1609375 0.6166666666666667 0.15 0.5916666666666667 0.153125 0.5861111111111111 0.21875 0.5805555555555556 0.23125 0.5305555555555556 0.24375 0.5666666666666667 0.259375 0.5722222222222222 0.2796875 0.5583333333333333 0.2859375 0.5388888888888889 0.2828125 0.5166666666666667 0.2703125 0.49444444444444446 0.259375 0.4888888888888889 0.2515625 0.44722222222222224 0.2375 0.425 0.24375 0.39444444444444443 0.2390625 0.36666666666666664 0.221875 0.36666666666666664 0.2171875 0.3527777777777778
86 0.9234375 0.5222222222222223 0.9 0.5444444444444444 0.890625 0.575 0.8984375 0.625 0.91875 0.6416666666666667 0.9421875 0.6361111111111111 0.95625 0.5972222222222222 0.9671875 0.5888888888888889 0.9578125 0.5444444444444444 0.934375 0.5222222222222223
45 0.6671875 0.8444444444444444 0.646875 0.8638888888888889 0.6421875 0.8972222222222223 0.65 0.925 0.675 0.9361111111111111 0.690625 0.9138888888888889 0.69375 0.8805555555555555 0.6828125 0.8527777777777777 0.66875 0.8444444444444444
64 0.50990625 0.41236111111111107 0.0958125 0.011805555555555555
42 0.508484375 0.3996944444444444 0.096765625 0.01686111111111111
68 0.08775 0.15852777777777777 0.1755 0.31705555555555553
49 0.0610625 0.13099999999999998 0.01996875 0.034444444444444444
94 0.050484375000000005 0.09341666666666668 0.017609375 0.03027777777777778
50 0.05665625 0.06783333333333334 0.018203125 0.03130555555555555
66 0.066640625 0.09705555555555555 0.021718750000000002 0.029222222222222222