97 0.5015625 0.46283783783783783 0.490625 0.4966216216216216 0.4875 0.5540540540540541 0.49375 0.5675675675675675 0.49375 0.6047297297297297 0.5171875 0.6216216216216216 0.528125 0.6047297297297297 0.5171875 0.5574324324324325 0.5265625 0.5540540540540541 0.5109375 0.5371621621621622 0.5109375 0.4864864864864865 0.5046875 0.46283783783783783
85 0.765625 0.625 0.7546875 0.6283783783783784 0.7390625 0.6587837837837838 0.7375 0.6925675675675675 0.7421875 0.7364864864864865 0.7671875 0.7668918918918919 0.778125 0.7635135135135135 0.79375 0.7398648648648649 0.8 0.7027027027027027 0.7953125 0.652027027027027 0.778125 0.625
5 0.2671875 0.13513513513513514 0.21875 0.13851351351351351 0.2171875 0.15878378378378377 0.203125 0.17567567567567569 0.1953125 0.20270270270270271 0.1953125 0.22297297297297297 0.2015625 0.23310810810810811 0.203125 0.2635135135135135 0.24375 0.28716216216216217 0.25 0.3277027027027027 0.2578125 0.34121621621621623 0.290625 0.35135135135135137 0.3140625 0.32432432432432434 0.3234375 0.26013513513513514 0.3140625 0.19932432432432431 0.2984375 0.1554054054054054 0.2859375 0.13851351351351351 0.26875 0.13851351351351351
68 0.112625 0.15766891891891893 0.15234375 0.31530405405405404
64 0.5051249999999999 0.40969594594594594 0.080140625 0.01070945945945946
42 0.506609375 0.3979391891891892 0.077171875 0.012837837837837837
1 0.16475 0.3005743243243243 0.02078125 0.04493243243243243
82 0.14150000000000001 0.2620608108108108 0.017812500000000002 0.03209459459459459
66 0.128625 0.23320945945945945 0.013859374999999998 0.03422297297297298
49 0.12368749999999999 0.18506756756756756 0.015828125000000002 0.03638513513513513
50 0.10884374999999999 0.15618243243243243 0.013859374999999998 0.03422297297297298
67 0.11825000000000001 0.17006756756756758 0.016828125 0.027804054054054055
29 0.058374999999999996 0.03638513513513513 0.015828125000000002 0.042804054054054054
30 0.07125000000000001 0.018175675675675674 0.017812500000000002 0.03209459459459459