97 0.496875 0.46283783783783783 0.4921875 0.48986486486486486 0.49375 0.5202702702702703 0.4859375 0.5337837837837838 0.4890625 0.5506756756756757 0.4734375 0.581081081081081 0.4796875 0.6047297297297297 0.4890625 0.6114864864864865 0.509375 0.5945945945945946 0.509375 0.5574324324324325 0.5234375 0.5337837837837838 0.521875 0.5202702702702703 0.5109375 0.5202702702702703 0.5046875 0.46283783783783783
5 0.728125 0.21283783783783783 0.6890625 0.22635135135135134 0.6765625 0.24662162162162163 0.6609375 0.25 0.65625 0.27364864864864863 0.6453125 0.28378378378378377 0.6390625 0.3310810810810811 0.6109375 0.3716216216216216 0.590625 0.44256756756756754 0.590625 0.46283783783783783 0.6171875 0.5675675675675675 0.6203125 0.6047297297297297 0.634375 0.6216216216216216 0.65625 0.7128378378378378 0.684375 0.75 0.6984375 0.7432432432432432 0.7234375 0.706081081081081 0.75 0.6216216216216216 0.75 0.6047297297297297 0.7390625 0.5844594594594594 0.7375 0.5641891891891891 0.7078125 0.5304054054054054 0.703125 0.5 0.70625 0.4391891891891892 0.7359375 0.3783783783783784 0.7453125 0.3716216216216216 0.778125 0.2972972972972973 0.7578125 0.23310810810810811 0.7359375 0.21283783783783783
5 0.390625 0.07432432432432433 0.375 0.08783783783783784 0.375 0.10810810810810811 0.3671875 0.12837837837837837 0.365625 0.15878378378378377 0.371875 0.18243243243243243 0.4703125 0.17567567567567569 0.465625 0.16891891891891891 0.4734375 0.14527027027027026 0.4734375 0.11824324324324324 0.4546875 0.10810810810810811 0.4265625 0.07432432432432433 0.39375 0.07432432432432433
5 0.0171875 0.24324324324324326 0 0.25 0 0.4527027027027027 0.0265625 0.44256756756756754 0.0546875 0.3885135135135135 0.053125 0.3277027027027027 0.034375 0.30743243243243246 0.0359375 0.2668918918918919 0.03125 0.25 0.01875 0.24662162162162163
84 0.7171875 0.8141891891891891 0.7 0.8243243243243243 0.6890625 0.8513513513513513 0.6921875 0.9155405405405406 0.7109375 0.9391891891891891 0.73125 0.9324324324324325 0.7453125 0.8783783783783784 0.746875 0.8513513513513513 0.7296875 0.8141891891891891
85 0.76328125 0.6283783783783784 0.7546875 0.6283783783783784 0.7375 0.6756756756756757 0.74375 0.7263513513513513 0.7578125 0.7398648648648649 0.778125 0.7331081081081081 0.7875 0.706081081081081 0.7875 0.6621621621621622 0.771875 0.6283783783783784
86 0.85546875 0.5236486486486487 0.8375 0.527027027027027 0.828125 0.5405405405405406 0.81875 0.597972972972973 0.828125 0.6283783783783784 0.853125 0.6587837837837838 0.8640625 0.6554054054054054 0.8625 0.6452702702702703 0.871875 0.6385135135135135 0.878125 0.597972972972973 0.8828125 0.5945945945945946 0.878125 0.5912162162162162 0.8796875 0.5540540540540541 0.8640625 0.5236486486486487
64 0.5070625 0.41422297297297295 0.080359375 0.012804054054054053
42 0.506515625 0.39554054054054055 0.083328125 0.02533783783783784
68 0.11460937499999999 0.15908783783783784 0.144640625 0.31820945945945944
1 0.0689375 0.29993243243243245 0.014374999999999999 0.03290540540540541
82 0.11629687500000001 0.25969594594594597 0.021140625 0.040236486486486485
49 0.17634375 0.2633445945945946 0.017765625 0.03290540540540541
66 0.151828125 0.21304054054054056 0.021140625 0.03841216216216216
83 0.18057812499999998 0.2185472972972973 0.019453124999999998 0.03476351351351351
2 0.175078125 0.23500000000000001 0.016921875 0.03476351351351351
67 0.13321875 0.11064189189189189 0.019453124999999998 0.03476351351351351