97 0.5015625 0.44932432432432434 0.4921875 0.4831081081081081 0.4921875 0.527027027027027 0.4859375 0.5641891891891891 0.4921875 0.6114864864864865 0.5015625 0.6283783783783784 0.51875 0.6081081081081081 0.5125 0.5506756756756757 0.5171875 0.5033783783783784 0.5234375 0.4864864864864865 0.5171875 0.46621621621621623 0.509375 0.47635135135135137 0.503125 0.4527027027027027
65 0.4171875 0.5405405405405406 0.4140625 0.5641891891891891 0.40625 0.5709459459459459 0.3984375 0.6047297297297297 0.3953125 0.6452702702702703 0.4 0.6587837837837838 0.415625 0.6351351351351351 0.4234375 0.6756756756756757 0.434375 0.6351351351351351 0.446875 0.6418918918918919 0.4546875 0.6351351351351351 0.4546875 0.625 0.4421875 0.5777027027027027 0.4375 0.5675675675675675 0.4328125 0.5777027027027027 0.4203125 0.5405405405405406
37 0.296875 0.5945945945945946 0.29375 0.6148648648648649 0.3 0.6317567567567568 0.2984375 0.6554054054054054 0.3078125 0.6790540540540541 0.2890625 0.6993243243243243 0.3140625 0.7094594594594594 0.3203125 0.7331081081081081 0.334375 0.7398648648648649 0.340625 0.7162162162162162 0.3375 0.6554054054054054 0.328125 0.6452702702702703 0.309375 0.5945945945945946
5 0.196875 0.3108108108108108 0.1734375 0.31756756756756754 0.1609375 0.34121621621621623 0.1515625 0.3310810810810811 0.134375 0.34121621621621623 0.1234375 0.39864864864864863 0.1125 0.4189189189189189 0.10625 0.49324324324324326 0.109375 0.5304054054054054 0.1203125 0.5608108108108109 0.15 0.5844594594594594 0.1640625 0.581081081081081 0.1765625 0.5641891891891891 0.1796875 0.5067567567567568 0.1875 0.47297297297297297 0.209375 0.42905405405405406 0.215625 0.3885135135135135 0.2359375 0.33783783783783783 0.228125 0.31756756756756754 0.21875 0.3141891891891892 0.215625 0.34459459459459457 0.2125 0.32094594594594594 0.2015625 0.3108108108108108
24 0.4375 0.7871621621621622 0.4234375 0.7972972972972973 0.4140625 0.8277027027027027 0.4046875 0.8074324324324325 0.371875 0.8141891891891891 0.3703125 0.8547297297297297 0.35 0.9087837837837838 0.3796875 0.9628378378378378 0.40625 0.9797297297297297 0.4203125 0.9527027027027027 0.41875 0.9222972972972973 0.40625 0.8952702702702703 0.4140625 0.875 0.425 0.8783783783783784 0.434375 0.9290540540540541 0.4390625 0.9256756756756757 0.440625 0.8682432432432432 0.425 0.847972972972973 0.4375 0.8141891891891891 0.4390625 0.7871621621621622
85 0.7546875 0.625 0.7484375 0.6283783783783784 0.7375 0.6621621621621622 0.7390625 0.7195945945945946 0.7453125 0.7364864864864865 0.7703125 0.7432432432432432 0.7875 0.7162162162162162 0.7921875 0.6790540540540541 0.7796875 0.6317567567567568 0.759375 0.625
64 0.50846875 0.41385135135135137 0.079421875 0.016891891891891893
42 0.50715625 0.3969594594594595 0.08203125 0.022533783783783783
64 0.427078125 0.4955067567567567 0.078125 0.01125
40 0.42578125 0.47577702702702707 0.078125 0.028141891891891892
78 0.30012500000000003 0.5363175675675675 0.087234375 0.02533783783783784
40 0.30339062499999997 0.5011148648648649 0.078125 0.022533783783783783
68 0.1139375 0.15905405405405404 0.147140625 0.3181418918918919
29 0.105640625 0.026756756756756758 0.02284375 0.04527027027027027
49 0.130859375 0.08746621621621622 0.0085625 0.03087837837837838
82 0.14228125 0.09054054054054055 0.012375 0.020574324324324322
1 0.141328125 0.0668581081081081 0.01428125 0.022635135135135136
23 0.493921875 0.29837837837837833 0.0799375 0.016452702702702705
40 0.49439062500000003 0.285 0.078984375 0.01439189189189189
91 0.846875 0 0.8296875 0.02364864864864865 0.83125 0.037162162162162164 0.8140625 0.10810810810810811 0.8125 0.21621621621621623 0.7828125 0.25675675675675674 0.790625 0.30067567567567566 0.8 0.31756756756756754 0.8484375 0.3141891891891892 0.85 0.28716216216216217 0.840625 0.23986486486486486 0.840625 0.20945945945945946 0.8609375 0.13513513513513514 0.85625 0.07094594594594594 0.865625 0.06418918918918919 0.8625 0.05405405405405406 0.8515625 0.05405405405405406 0.853125 0