5 0.8140625 0.38333333333333336 0.7828125 0.3972222222222222 0.76875 0.4305555555555556 0.7578125 0.43333333333333335 0.7546875 0.4638888888888889 0.74375 0.4888888888888889 0.740625 0.5222222222222223 0.746875 0.5583333333333333 0.7578125 0.5861111111111111 0.790625 0.6111111111111112 0.8328125 0.6194444444444445 0.884375 0.5972222222222222 0.890625 0.5555555555555556 0.9140625 0.5138888888888888 0.9015625 0.49722222222222223 0.90625 0.4722222222222222 0.903125 0.44722222222222224 0.884375 0.425 0.859375 0.4166666666666667 0.853125 0.3861111111111111 0.8359375 0.4083333333333333 0.8171875 0.38333333333333336
38 0.8453125 0.4111111111111111 0.090625 0.17222222222222222
34 0.621875 0.225 0.6203125 0.25277777777777777 0.6 0.2611111111111111 0.603125 0.2777777777777778 0.59375 0.2861111111111111 0.5984375 0.2861111111111111 0.609375 0.3138888888888889 0.609375 0.34444444444444444 0.6171875 0.3611111111111111 0.615625 0.38333333333333336 0.625 0.4111111111111111 0.63125 0.41388888888888886 0.6328125 0.375 0.6453125 0.36944444444444446 0.6515625 0.3388888888888889 0.6328125 0.30833333333333335 0.6359375 0.26666666666666666 0.6265625 0.25 0.6296875 0.2361111111111111 0.6234375 0.22777777777777777
88 0.6453125 0.2152777777777778 0.11875 0.16944444444444445
97 0.5046875 0.4666666666666667 0.496875 0.4722222222222222 0.4921875 0.5027777777777778 0.4953125 0.525 0.4890625 0.6138888888888889 0.50625 0.6138888888888889 0.5375 0.5722222222222222 0.5140625 0.525 0.50625 0.46944444444444444
86 0.921875 0.5222222222222223 0.9046875 0.5361111111111111 0.8953125 0.5555555555555556 0.8890625 0.6111111111111112 0.9046875 0.6527777777777778 0.934375 0.6638888888888889 0.959375 0.6388888888888888 0.9671875 0.6138888888888889 0.96875 0.5861111111111111 0.9578125 0.5416666666666666 0.9421875 0.525 0.9265625 0.5222222222222223
5 0.1921875 0.75 0.18125 0.7611111111111111 0.171875 0.7527777777777778 0.14375 0.7611111111111111 0.1390625 0.7944444444444444 0.125 0.8055555555555556 0.121875 0.8194444444444444 0.1296875 0.8722222222222222 0.11875 0.8666666666666667 0.115625 0.8527777777777777 0.1046875 0.8527777777777777 0.1078125 0.8722222222222222 0.103125 0.9027777777777778 0.109375 0.925 0.121875 0.9444444444444444 0.1828125 0.9833333333333333 0.203125 0.975 0.2453125 0.9861111111111112 0.2703125 0.9805555555555555 0.3015625 0.8833333333333333 0.2984375 0.8638888888888889 0.290625 0.8694444444444445 0.2828125 0.8611111111111112 0.2859375 0.8388888888888889 0.28125 0.8361111111111111 0.2859375 0.8194444444444444 0.271875 0.8055555555555556 0.2640625 0.8138888888888889 0.246875 0.8083333333333333 0.240625 0.8194444444444444 0.228125 0.8194444444444444 0.2140625 0.7638888888888888 0.19375 0.7527777777777778
64 0.50925 0.41058333333333336 0.094671875 0.011083333333333334
42 0.5076875000000001 0.3967222222222222 0.091546875 0.01663888888888889
64 0.640328125 0.18680555555555556 0.09675 0.0185
41 0.63878125 0.17291666666666666 0.099875 0.020333333333333335
64 0.678828125 0.11652777777777779 0.09675 0.011083333333333334
40 0.677265625 0.10172222222222221 0.093625 0.0185
79 0.870765625 0.28944444444444445 0.099875 0.01663888888888889
40 0.8702500000000001 0.2774166666666667 0.098828125 0.0185