24 0.228125 0.7128378378378378 0.209375 0.75 0.2125 0.8108108108108109 0.2203125 0.8277027027027027 0.2515625 0.8175675675675675 0.259375 0.793918918918919 0.2359375 0.7804054054054054 0.240625 0.7567567567567568 0.2515625 0.75 0.2484375 0.7263513513513513 0.240625 0.7128378378378378
24 0.0921875 0.918918918918919 0.0671875 0.9662162162162162 0.065625 0.9966216216216216 0.109375 0.9966216216216216 0.11875 0.9662162162162162 0.11875 0.9358108108108109 0.10625 0.918918918918919
97 0.4984375 0.46959459459459457 0.4890625 0.527027027027027 0.49375 0.5337837837837838 0.496875 0.5912162162162162 0.509375 0.6148648648648649 0.525 0.5472972972972973 0.515625 0.527027027027027 0.50625 0.46959459459459457
25 0.5828125 0.40540540540540543 0.578125 0.4222972972972973 0.5625 0.43243243243243246 0.5546875 0.5 0.5625 0.4864864864864865 0.6015625 0.4797297297297297 0.6015625 0.44594594594594594 0.5875 0.4222972972972973 0.5859375 0.40540540540540543
25 0.60625 0.27364864864864863 0.59375 0.2972972972972973 0.578125 0.30067567567567566 0.578125 0.32094594594594594 0.5953125 0.34121621621621623 0.609375 0.3344594594594595 0.6140625 0.2972972972972973 0.6078125 0.27364864864864863
65 0.7421875 0.26013513513513514 0.7078125 0.32094594594594594 0.7375 0.38513513513513514 0.759375 0.3310810810810811 0.7515625 0.2972972972972973 0.75625 0.28378378378378377 0.74375 0.26013513513513514
5 0.021875 0.2635135135135135 0.0140625 0.28040540540540543 0 0.2668918918918919 0.0015625 0.44594594594594594 0.05625 0.41216216216216217 0.078125 0.38175675675675674 0.153125 0.32094594594594594 0.0421875 0.3141891891891892 0.028125 0.2635135135135135
5 0.190625 0.10810810810810811 0.1875 0.24662162162162163 0.165625 0.30743243243243246 0.1921875 0.3141891891891892 0.190625 0.30743243243243246 0.196875 0.30405405405405406 0.2140625 0.3310810810810811 0.2203125 0.3547297297297297 0.228125 0.3547297297297297 0.2359375 0.33783783783783783 0.2484375 0.33783783783783783 0.2625 0.3108108108108108 0.2609375 0.2533783783783784 0.25 0.22635135135135134 0.2453125 0.19256756756756757 0.2265625 0.14864864864864866 0.2140625 0.13175675675675674 0.2046875 0.13175675675675674 0.196875 0.10810810810810811
5 0.99375 0.41216216216216217 0.9671875 0.46283783783783783 0.9546875 0.4527027027027027 0.9390625 0.4797297297297297 0.934375 0.46283783783783783 0.9171875 0.4864864864864865 0.934375 0.4831081081081081 0.93125 0.4966216216216216 0.9234375 0.5 0.915625 0.5304054054054054 0.890625 0.5675675675675675 0.8953125 0.6047297297297297 0.8921875 0.6114864864864865 0.896875 0.6216216216216216 0.89375 0.625 0.903125 0.6486486486486487 0.9484375 0.652027027027027 0.9984375 0.6756756756756757 0.9984375 0.41216216216216217
91 0.6953125 0 0.6765625 0.033783783783783786 0.665625 0.09121621621621621 0.646875 0.08445945945945946 0.65 0.09797297297297297 0.6609375 0.0945945945945946 0.665625 0.11824324324324324 0.65625 0.125 0.6578125 0.10810810810810811 0.646875 0.11148648648648649 0.64375 0.12837837837837837 0.65625 0.13513513513513514 0.646875 0.14527027027027026 0.6421875 0.1858108108108108 0.6484375 0.19256756756756757 0.65 0.18243243243243243 0.6671875 0.18243243243243243 0.6640625 0.17905405405405406 0.66875 0.17567567567567569 0.665625 0.16891891891891891 0.6734375 0.14189189189189189 0.6828125 0.17567567567567569 0.675 0.20608108108108109 0.6796875 0.22635135135135134 0.678125 0.25 0.684375 0.28716216216216217 0.696875 0.30067567567567566 0.7078125 0.2972972972972973 0.715625 0.27702702702702703 0.715625 0.26013513513513514 0.7078125 0.2635135135135135 0.696875 0.24662162162162163 0.696875 0.22635135135135134 0.7046875 0.21283783783783783 0.721875 0.2195945945945946 0.725 0.16891891891891891 0.740625 0.14189189189189189 0.74375 0.12162162162162163 0.7515625 0.12162162162162163 0.759375 0.10135135135135136 0.7515625 0.0945945945945946 0.7515625 0.04391891891891892 0.7421875 0.0472972972972973 0.73125 0.030405405405405407 0.71875 0.030405405405405407 0.7140625 0.006756756756756757 0.7 0
45 0.63125 0.8445945945945946 0.61875 0.8648648648648649 0.615625 0.8986486486486487 0.625 0.9290540540540541 0.6453125 0.9358108108108109 0.65625 0.9155405405405406 0.659375 0.8817567567567568 0.6578125 0.8682432432432432 0.6421875 0.8445945945945946
86 0.8484375 0.5202702702702703 0.8296875 0.5371621621621622 0.8171875 0.5777027027027027 0.821875 0.6216216216216216 0.8390625 0.6486486486486487 0.8671875 0.6385135135135135 0.884375 0.5844594594594594 0.878125 0.543918918918919 0.8578125 0.5202702702702703
64 0.50696875 0.41195945945945944 0.07664062499999999 0.009459459459459458
42 0.507703125 0.3969594594594595 0.07956250000000001 0.011047297297297297
64 0.7595468750000001 0.25094594594594594 0.082484375 0.009459459459459458
40 0.7591875 0.23675675675675675 0.080296875 0.012635135135135136
68 0.1141875 0.1578716216216216 0.1449375 0.3157432432432432
66 0.11873437499999999 0.14935810810810812 0.013375000000000001 0.03442567567567567
82 0.12987500000000002 0.13972972972972972 0.016546875 0.03442567567567567
49 0.098046875 0.23334459459459458 0.020374999999999997 0.04266891891891892
1 0.15025 0.2939189189189189 0.01909375 0.037162162162162164
29 0.07257812500000001 0.020641891891891893 0.01909375 0.041283783783783785