65 0.4015625 0.25 0.38125 0.2905405405405405 0.3765625 0.31756756756756754 0.384375 0.32432432432432434 0.39375 0.3108108108108108 0.396875 0.34121621621621623 0.4078125 0.3716216216216216 0.4109375 0.34797297297297297 0.43125 0.31756756756756754 0.415625 0.2939189189189189 0.415625 0.27702702702702703 0.403125 0.25
97 0.5046875 0.4864864864864865 0.50625 0.5101351351351351 0.496875 0.5168918918918919 0.484375 0.5945945945945946 0.4890625 0.625 0.5046875 0.625 0.5125 0.5945945945945946 0.5140625 0.5202702702702703 0.50625 0.48986486486486486
37 0.71875 0.6114864864864865 0.6984375 0.6385135135135135 0.646875 0.625 0.640625 0.6452702702702703 0.6421875 0.6587837837837838 0.65625 0.6621621621621622 0.6546875 0.6959459459459459 0.6609375 0.7128378378378378 0.665625 0.7162162162162162 0.675 0.6925675675675675 0.684375 0.6993243243243243 0.6765625 0.7297297297297297 0.678125 0.7432432432432432 0.684375 0.7432432432432432 0.7078125 0.6756756756756757 0.725 0.6486486486486487 0.721875 0.6114864864864865
56 0.57421875 0.6348648648648648 0.067703125 0.16047297297297297
76 0.9484375 0.0777027027027027 0.940625 0.08108108108108109 0.9265625 0.11824324324324324 0.9265625 0.15878378378378377 0.9 0.20945945945945946 0.865625 0.2195945945945946 0.859375 0.20270270270270271 0.884375 0.16216216216216217 0.9125 0.15202702702702703 0.9140625 0.125 0.9203125 0.11148648648648649 0.9125 0.09121621621621621 0.8859375 0.10135135135135136 0.8515625 0.13175675675675674 0.828125 0.17567567567567569 0.81875 0.21283783783783783 0.8 0.21621621621621623 0.8 0.2533783783783784 0.7859375 0.2668918918918919 0.7796875 0.31756756756756754 0.790625 0.34459459459459457 0.8078125 0.35135135135135137 0.8171875 0.36824324324324326 0.821875 0.3952702702702703 0.8296875 0.3952702702702703 0.853125 0.4391891891891892 0.9203125 0.4797297297297297 0.9515625 0.5202702702702703 0.9703125 0.5236486486486487 0.9984375 0.5033783783783784 0.9984375 0.47635135135135137 0.990625 0.4527027027027027 0.990625 0.43243243243243246 0.9984375 0.4155405405405405 0.9984375 0.30405405405405406 0.990625 0.2905405405405405 0.9921875 0.24662162162162163 0.98125 0.17905405405405406 0.9734375 0.15878378378378377 0.9734375 0.11824324324324324 0.965625 0.09121621621621621 0.95 0.0777027027027027
45 0.6328125 0.847972972972973 0.61875 0.8783783783783784 0.61875 0.9087837837837838 0.6328125 0.9324324324324325 0.65 0.9256756756756757 0.6578125 0.8952702702702703 0.653125 0.8614864864864865 0.6421875 0.847972972972973
64 0.400390625 0.16469594594594594 0.076828125 0.014087837837837838
40 0.401046875 0.15483108108108107 0.080734375 0.016891891891891893
23 0.5703125 0.499222972972973 0.076171875 0.010304054054054053
40 0.56965625 0.4856418918918919 0.08203125 0.019695945945945946
78 0.6783750000000001 0.5630067567567568 0.084734375 0.022635135135135136
40 0.685546875 0.5278716216216216 0.079421875 0.014087837837837838
64 0.50715625 0.4096283783783784 0.071609375 0.019695945945945946
42 0.50846875 0.39837837837837836 0.076828125 0.019695945945945946
91 0.3328125 0.04054054054054054 0.33125 0.10472972972972973 0.315625 0.125 0.315625 0.14189189189189189 0.328125 0.16216216216216217 0.3359375 0.16216216216216217 0.340625 0.13513513513513514 0.3578125 0.12837837837837837 0.36875 0.10810810810810811 0.359375 0.07432432432432433 0.3625 0.057432432432432436 0.3359375 0.05405405405405406 0.334375 0.04391891891891892
68 0.11265624999999999 0.15875 0.14909375 0.3175
1 0.155015625 0.05128378378378378 0.0144375 0.031216216216216217
82 0.149171875 0.028243243243243243 0.011 0.0327027027027027
49 0.1625 0.056486486486486485 0.010546875 0.03256756756756757
29 0.173921875 0.046824324324324325 0.0165 0.03418918918918919
2 0.181046875 0.033378378378378384 0.009828125 0.024290540540540542
30 0.167375 0.016689189189189192 0.0119375 0.024290540540540542
67 0.178953125 0.011385135135135135 0.01403125 0.02277027027027027