37 0.3328125 0.5540540540540541 0.3296875 0.5675675675675675 0.3171875 0.5608108108108109 0.309375 0.5777027027027027 0.3015625 0.652027027027027 0.309375 0.6587837837837838 0.3140625 0.7094594594594594 0.3328125 0.6655405405405406 0.3296875 0.6013513513513513 0.340625 0.5844594594594594 0.334375 0.5574324324324325
24 0.5203125 0.5945945945945946 0.49375 0.6655405405405406 0.5078125 0.6993243243243243 0.525 0.6925675675675675 0.5328125 0.7027027027027027 0.55 0.6621621621621622 0.5453125 0.6013513513513513 0.534375 0.5945945945945946 0.534375 0.6114864864864865 0.5296875 0.6148648648648649
97 0.5 0.46959459459459457 0.4921875 0.48986486486486486 0.4921875 0.5675675675675675 0.484375 0.5777027027027027 0.4859375 0.597972972972973 0.49375 0.6081081081081081 0.50625 0.6081081081081081 0.5171875 0.5878378378378378 0.51875 0.5540540540540541 0.5078125 0.5101351351351351 0.5046875 0.46959459459459457
28 0.5515625 0.17229729729729729 0.540625 0.20945945945945946 0.515625 0.23648648648648649 0.515625 0.25 0.525 0.25675675675675674 0.525 0.27364864864864863 0.5484375 0.2533783783783784 0.55625 0.21283783783783783 0.553125 0.17229729729729729
10 0.6453125 0.13513513513513514 0.634375 0.15202702702702703 0.63125 0.20945945945945946 0.61875 0.22972972972972974 0.6203125 0.24324324324324326 0.6140625 0.25675675675675674 0.61875 0.28716216216216217 0.628125 0.2702702702702703 0.6421875 0.2668918918918919 0.6484375 0.25 0.6484375 0.20945945945945946 0.659375 0.1858108108108108 0.65625 0.1554054054054054 0.646875 0.13851351351351351
24 0.4796875 0.7668918918918919 0.4546875 0.8175675675675675 0.4578125 0.8614864864864865 0.4703125 0.847972972972973 0.49375 0.8445945945945946 0.5046875 0.8074324324324325 0.5 0.7972972972972973 0.5046875 0.7837837837837838 0.496875 0.793918918918919 0.490625 0.7668918918918919
25 0.778125 0.24324324324324326 0.7546875 0.28716216216216217 0.765625 0.2939189189189189 0.759375 0.3141891891891892 0.7625 0.33783783783783783 0.775 0.33783783783783783 0.7828125 0.32094594594594594 0.78125 0.24324324324324326
25 0.8234375 0.17229729729729729 0.815625 0.1891891891891892 0.8125 0.22635135135135134 0.821875 0.24662162162162163 0.8328125 0.22297297297297297 0.840625 0.22635135135135134 0.825 0.17229729729729729
5 0.3921875 0.05405405405405406 0.3375 0.060810810810810814 0.328125 0.08783783783783784 0.3484375 0.14527027027027026 0.36875 0.16891891891891891 0.3828125 0.20270270270270271 0.4203125 0.2195945945945946 0.4390625 0.2195945945945946 0.4359375 0.21621621621621623 0.440625 0.20608108108108109 0.484375 0.15202702702702703 0.4734375 0.10135135135135136 0.446875 0.11148648648648649 0.434375 0.09121621621621621 0.4328125 0.06418918918918919 0.39375 0.057432432432432436
5 0.109375 0.3344594594594595 0.0625 0.3716216216216216 0.0296875 0.38513513513513514 0.0203125 0.41216216216216217 0.0125 0.4155405405405405 0.0078125 0.4391891891891892 0 0.44932432432432434 0 0.5371621621621622 0.0375 0.5135135135135135 0.1078125 0.5135135135135135 0.1265625 0.5 0.125 0.4864864864864865 0.1703125 0.5067567567567568 0.209375 0.4831081081081081 0.215625 0.46621621621621623 0.2109375 0.4155405405405405 0.215625 0.3952702702702703 0.209375 0.38175675675675674 0.19375 0.38513513513513514 0.1828125 0.3716216216216216 0.1703125 0.3783783783783784 0.1515625 0.34121621621621623 0.1234375 0.34459459459459457 0.1125 0.3344594594594595
64 0.55309375 0.12716216216216217 0.079171875 0.009797297297297298
41 0.55271875 0.1116891891891892 0.07690625 0.017939189189189186
41 0.653 0.07337837837837838 0.078421875 0.016317567567567567
64 0.5078437499999999 0.4108445945945946 0.0821875 0.009797297297297298
42 0.5078437499999999 0.39861486486486486 0.079171875 0.011418918918918919
40 0.579109375 0.4540540540540541 0.078421875 0.014662162162162162
78 0.312171875 0.521722972972973 0.08596875000000001 0.019560810810810812
40 0.3155625 0.4858445945945946 0.07615625000000001 0.016317567567567567
65 0.5779687499999999 0.5853040540540541 0.068625 0.12391891891891892
45 0.6328125 0.847972972972973 0.6203125 0.8682432432432432 0.61875 0.9054054054054054 0.6265625 0.9256756756756757 0.64375 0.9324324324324325 0.6546875 0.9155405405405406 0.6578125 0.8885135135135135 0.653125 0.8614864864864865 0.640625 0.847972972972973
90 0.2609375 0.6013513513513513 0.2734375 0.6587837837837838 0.2734375 0.7027027027027027 0.2609375 0.7398648648648649 0.234375 0.7567567567567568 0.2171875 0.8006756756756757 0.2203125 0.8277027027027027 0.2359375 0.8682432432432432 0.2390625 0.8986486486486487 0.225 0.9932432432432432 0.3109375 0.9966216216216216 0.3203125 0.9493243243243243 0.3171875 0.9155405405405406 0.321875 0.8918918918918919 0.3171875 0.8817567567567568 0.325 0.8648648648648649 0.3140625 0.8581081081081081 0.3125 0.8716216216216216 0.2984375 0.875 0.2828125 0.8445945945945946 0.2828125 0.7635135135135135 0.29375 0.7297297297297297 0.2875 0.7128378378378378 0.2921875 0.706081081081081 0.284375 0.6891891891891891 0.2921875 0.6858108108108109 0.290625 0.6925675675675675 0.3 0.6993243243243243 0.3 0.6824324324324325 0.2828125 0.6722972972972973 0.265625 0.6013513513513513
68 0.114234375 0.15570945945945946 0.14553125 0.31138513513513516
1 0.144015625 0.29347972972972974 0.015078125000000001 0.039121621621621624
49 0.09539062499999999 0.17527027027027028 0.0113125 0.03422297297297298
66 0.107453125 0.1768918918918919 0.0128125 0.02445945945945946
67 0.108203125 0.15081081081081082 0.015828125000000002 0.0277027027027027
29 0.074265625 0.05949324324324324 0.015828125000000002 0.0375