37 0.40690625 0.22381756756756757 0.069015625 0.19989864864864865
97 0.4984375 0.4594594594594595 0.490625 0.4966216216216216 0.49375 0.5168918918918919 0.4875 0.581081081081081 0.49375 0.6013513513513513 0.5203125 0.6114864864864865 0.5265625 0.5878378378378378 0.515625 0.5405405405405406 0.5078125 0.4594594594594595
65 0.7125 0.32094594594594594 0.7 0.3277027027027027 0.684375 0.3581081081081081 0.6890625 0.3783783783783784 0.7015625 0.38513513513513514 0.703125 0.3952702702702703 0.7234375 0.3783783783783784 0.734375 0.3885135135135135 0.7265625 0.33783783783783783 0.7171875 0.32094594594594594
98 0.834375 0.3277027027027027 0.83125 0.34121621621621623 0.8359375 0.38175675675675674 0.828125 0.40202702702702703 0.8328125 0.4358108108108108 0.84375 0.40540540540540543 0.8515625 0.4222972972972973 0.8609375 0.4189189189189189 0.85 0.34797297297297297 0.8375 0.3277027027027027
5 0.490625 0.25675675675675674 0.4703125 0.2635135135135135 0.4640625 0.27702702702702703 0.4671875 0.2939189189189189 0.4625 0.3310810810810811 0.4734375 0.3547297297297297 0.5203125 0.3547297297297297 0.528125 0.3277027027027027 0.525 0.2668918918918919 0.5171875 0.25675675675675674 0.49375 0.25675675675675674
64 0.50846875 0.4110472972972973 0.084640625 0.016891891891891893
42 0.509109375 0.40118243243243246 0.083328125 0.019695945945945946
64 0.728515625 0.25618243243243244 0.08203125 0.01125
40 0.72721875 0.24070945945945946 0.08203125 0.019695945945945946
78 0.396484375 0.10699324324324325 0.076828125 0.033783783783783786
40 0.39714062499999997 0.07881756756756757 0.080734375 0.016891891891891893
64 0.8430937500000001 0.2435135135135135 0.07421875 0.014087837837837838
41 0.84375 0.2252364864864865 0.078125 0.022533783783783783
68 0.1139375 0.16047297297297297 0.149734375 0.32094594594594594
66 0.127953125 0.09851351351351352 0.0143125 0.03435810810810811
49 0.1255625 0.07445945945945946 0.01378125 0.022905405405405407
1 0.12132812500000001 0.05500000000000001 0.014828125000000001 0.036655405405405406
2 0.1454375 0.08304054054054054 0.015359375 0.035506756756756755
83 0.132984375 0.06530405405405405 0.01378125 0.036655405405405406
92 0.8953125 0.5777027027027027 0.890625 0.581081081081081 0.878125 0.6418918918918919 0.88125 0.7027027027027027 0.8921875 0.7533783783783784 0.9390625 0.75 0.9578125 0.7263513513513513 0.959375 0.6858108108108109 0.953125 0.6587837837837838 0.9578125 0.6486486486486487 0.95 0.6452702702702703 0.9359375 0.5945945945945946 0.9109375 0.5777027027027027 0.896875 0.581081081081081