56 0.6796875 0.7297297297297297 0.678125 0.7533783783783784 0.6578125 0.7972972972972973 0.6484375 0.8006756756756757 0.6546875 0.8074324324324325 0.6765625 0.7972972972972973 0.678125 0.8141891891891891 0.6921875 0.831081081081081 0.7109375 0.8141891891891891 0.7125 0.793918918918919 0.6875 0.7297297297297297
28 0.246875 0.48986486486486486 0.2421875 0.5 0.2390625 0.5506756756756757 0.2453125 0.5675675675675675 0.25 0.6351351351351351 0.259375 0.6452702702702703 0.265625 0.6081081081081081 0.2765625 0.6114864864864865 0.2765625 0.5878378378378378 0.26875 0.5641891891891891 0.2625 0.5067567567567568 0.2578125 0.5067567567567568 0.259375 0.49324324324324326 0.2484375 0.49324324324324326
28 0.715625 0.08783783783783784 0.7125 0.09797297297297297 0.6953125 0.09797297297297297 0.7125 0.10472972972972973 0.7140625 0.11486486486486487 0.6921875 0.13513513513513514 0.6828125 0.1554054054054054 0.68125 0.16891891891891891 0.6875 0.1891891891891892 0.71875 0.1554054054054054 0.7296875 0.08783783783783784
5 0.215625 0.23986486486486486 0.2078125 0.25675675675675674 0.1875 0.26013513513513514 0.1859375 0.30743243243243246 0.171875 0.3277027027027027 0.1765625 0.34459459459459457 0.1734375 0.375 0.1546875 0.375 0.1515625 0.40202702702702703 0.1453125 0.40878378378378377 0.1375 0.39864864864864863 0.1359375 0.4222972972972973 0.1265625 0.4358108108108108 0.121875 0.46959459459459457 0.1 0.4797297297297297 0.096875 0.5135135135135135 0.103125 0.5304054054054054 0.20625 0.543918918918919 0.240625 0.5371621621621622 0.240625 0.4966216216216216 0.246875 0.4831081081081081 0.2578125 0.4966216216216216 0.2640625 0.49324324324324326 0.2640625 0.46283783783783783 0.253125 0.4527027027027027 0.2046875 0.4527027027027027 0.1890625 0.46283783783783783 0.1765625 0.44932432432432434 0.1796875 0.4189189189189189 0.1890625 0.40540540540540543 0.2328125 0.41216216216216217 0.2375 0.3952702702702703 0.2609375 0.3918918918918919 0.271875 0.3277027027027027 0.271875 0.28040540540540543 0.2453125 0.2635135135135135 0.2359375 0.27702702702702703 0.2203125 0.23986486486486486
5 0.5484375 0.23310810810810811 0.534375 0.25 0.503125 0.25675675675675674 0.459375 0.2972972972972973 0.446875 0.3310810810810811 0.45 0.3952702702702703 0.4609375 0.40202702702702703 0.484375 0.3885135135135135 0.5203125 0.3885135135135135 0.540625 0.40202702702702703 0.571875 0.40540540540540543 0.6484375 0.46621621621621623 0.678125 0.5135135135135135 0.7046875 0.5743243243243243 0.746875 0.5777027027027027 0.7640625 0.543918918918919 0.7671875 0.5101351351351351 0.7578125 0.44932432432432434 0.746875 0.44594594594594594 0.73125 0.4222972972972973 0.7203125 0.36824324324324326 0.70625 0.36486486486486486 0.6765625 0.30405405405405406 0.64375 0.2702702702702703 0.6265625 0.2702702702702703 0.6203125 0.28040540540540543 0.5953125 0.27702702702702703 0.590625 0.2635135135135135 0.571875 0.2668918918918919 0.5609375 0.2533783783783784 0.559375 0.23310810810810811
64 0.24718749999999998 0.4465540540540541 0.07814062499999999 0.010337837837837838
42 0.24520312500000002 0.4327364864864865 0.07575 0.017229729729729727
23 0.7056875 0.6844594594594594 0.074953125 0.013783783783783784
40 0.7076875 0.6680743243243243 0.07415625 0.015506756756756756
64 0.730015625 0.04483108108108108 0.07575 0.010337837837837838
41 0.727625 0.028445945945945947 0.07415625 0.015506756756756756
68 0.11403125 0.15429054054054053 0.14671875 0.30861486486486484
82 0.089703125 0.30084459459459456 0.01834375 0.043108108108108105
49 0.11164062500000001 0.2620608108108108 0.014359374999999999 0.034493243243243245
66 0.1399375 0.2663851351351351 0.01675 0.03966216216216216
1 0.155890625 0.27756756756756756 0.01834375 0.034493243243243245
67 0.15907812500000001 0.23966216216216216 0.01515625 0.03793918918918919
29 0.071765625 0.05344594594594595 0.020734375 0.041385135135135136
30 0.066578125 0.01810810810810811 0.01515625 0.03621621621621622