5 0.4765625 0.4583333333333333 0.4609375 0.475 0.4515625 0.46111111111111114 0.4421875 0.46944444444444444 0.4203125 0.4638888888888889 0.4140625 0.5027777777777778 0.390625 0.5277777777777778 0.390625 0.5666666666666667 0.403125 0.5972222222222222 0.4046875 0.6166666666666667 0.4140625 0.6333333333333333 0.4328125 0.6444444444444445 0.4375 0.6583333333333333 0.478125 0.6583333333333333 0.521875 0.6722222222222223 0.5296875 0.6583333333333333 0.53125 0.6333333333333333 0.5625 0.5583333333333333 0.559375 0.5333333333333333 0.54375 0.525 0.528125 0.49722222222222223 0.5046875 0.4888888888888889 0.5015625 0.49444444444444446 0.490625 0.4666666666666667 0.478125 0.4583333333333333
97 0.50234375 0.5347222222222222 0.0546875 0.1638888888888889
5 0.2890625 0 0.1796875 0 0.178125 0.11666666666666667 0.1859375 0.12222222222222222 0.18125 0.125 0.2234375 0.13055555555555556 0.29375 0.09166666666666666 0.3015625 0.058333333333333334 0.296875 0
84 0.76484375 0.8166666666666667 0.740625 0.8277777777777777 0.7296875 0.8611111111111112 0.734375 0.9055555555555556 0.7546875 0.9305555555555556 0.778125 0.9277777777777778 0.7921875 0.9083333333333333 0.7953125 0.8916666666666667 0.7953125 0.8527777777777777 0.790625 0.8361111111111111 0.775 0.8166666666666667
85 0.8265625 0.625 0.8078125 0.6305555555555555 0.79375 0.6472222222222223 0.7859375 0.6888888888888889 0.796875 0.7361111111111112 0.8234375 0.7527777777777778 0.8265625 0.7638888888888888 0.8515625 0.7472222222222222 0.865625 0.6972222222222222 0.85625 0.6472222222222223 0.834375 0.625
45 0.6625 0.8444444444444444 0.65 0.8555555555555555 0.6421875 0.8777777777777778 0.6421875 0.9083333333333333 0.659375 0.9361111111111111 0.68125 0.9333333333333333 0.6921875 0.9055555555555556 0.6890625 0.8638888888888889 0.6734375 0.8444444444444444
64 0.50928125 0.4115833333333333 0.09376562499999999 0.013805555555555555
42 0.5099218750000001 0.3983611111111111 0.09506250000000001 0.014944444444444444
68 0.08828125 0.15636111111111112 0.176546875 0.31272222222222223
82 0.136453125 0.25866666666666666 0.018109375 0.03677777777777778
1 0.15003125 0.2741944444444444 0.01940625 0.03563888888888889
66 0.12934375 0.18511111111111112 0.021984375 0.043694444444444445
49 0.030078125 0.13277777777777777 0.023921875000000002 0.03794444444444445
29 0.06693750000000001 0.022416666666666668 0.023921875000000002 0.04025