6 0.903125 0.35555555555555557 0.8875 0.375
6 0.29375 0.18611111111111112 0.2609375 0.19166666666666668
6 0.4078125 0.10555555555555556 0.39375 0.10833333333333334
3 0.41875 0.2777777777777778 0.4140625 0.28888888888888886
3 0.3765625 0.4666666666666667 0.3671875 0.4888888888888889
3 0.340625 0.39166666666666666 0.3234375 0.4361111111111111
2 0.453125 0.25277777777777777 0.4421875 0.2638888888888889
2 0.496875 0.21944444444444444 0.4859375 0.2361111111111111
2 0.546875 0.16111111111111112 0.5328125 0.18888888888888888
0 0.5085 0.39516666666666667 0.08931249999999999 0.014444444444444446
1 0.6429843749999999 0.0748888888888889 0.049734375 0.01625
