3 0.4708229166666667 0.2767816091954023 0.03225 0.07933333333333333
3 0.52434375 0.17509195402298852 0.03801041666666667 0.07113793103448277
3 0.42359375 0.34093103448275863 0.06446875 0.11577011494252873
6 0.84125 0.5262068965517241 0.31749479166666666 0.4782413793103448
5 0.08629166666666667 0.5242988505747126 0.104765625 0.3705287356321839
6 0.28355729166666666 0.043586206896551724 0.11946875 0.07948275862068967
1 0.761703125 0.05351724137931035 0.07384375 0.013919540229885057
0 0.511484375 0.4003103448275862 0.08233333333333334 0.014298850574712644
6 0.020401041666666668 0.22066666666666665 0.04080729166666666 0.11727586206896552
2 0.5435677083333333 0.1365057471264368 0.019479166666666665 0.05006896551724138
2 0.606125 0.07732183908045977 0.03333333333333333 0.07447126436781609
2 0.6559322916666667 0.04696551724137931 0.04971875 0.07622988505747126
