6 0.55625 0.35833333333333334 0.5484375 0.36666666666666664
6 0.684375 0.2 0.659375 0.225
6 0.87890625 0.04722222222222222 0.7953125 0.05
3 0.3953125 0.36666666666666664 0.3796875 0.38333333333333336
3 0.259375 0.3638888888888889 0.259375 0.38055555555555554
3 0.3203125 0.32222222222222224 0.3140625 0.38333333333333336
3 0.4296875 0.25277777777777777 0.4140625 0.25555555555555554
2 0.4890625 0.20555555555555555 0.478125 0.20833333333333334
2 0.5625 0.15 0.5421875 0.18333333333333332
2 0.65 0.07777777777777778 0.64375 0.08611111111111111
0 0.495140625 0.3873333333333333 0.090234375 0.019
1 0.552125 0.30080555555555555 0.090234375 0.014777777777777779
