6 0.403125 0.375 0.4015625 0.3972222222222222
6 0.703125 0.08333333333333333 0.6890625 0.09444444444444444
3 0.5890625 0.6333333333333333 0.573455006145661 0.6404307463243872
3 0.696875 0.5916666666666667 0.6953125 0.5944444444444444
3 0.7565484497111727 0.5699763187859507 0.7565484497111727 0.5671581416844133
2 0.7640625 0.5361111111111111 0.75625 0.5472222222222223
2 0.821875 0.3138888888888889 0.8171875 0.32222222222222224
6 0.171875 0.5861111111111111 0.18125 0.5944444444444444
0 0.49507812500000004 0.3971666666666666 0.09651562500000001 0.01627777777777778
1 0.5940937500000001 0.15680555555555556 0.09651562500000001 0.020722222222222222
