7 0.85625 0.5055555555555555 0.8515625 0.5416666666666666
3 0.3453125 0.2222222222222222 0.3171875 0.24722222222222223
6 0.2375 0 0.2140625 0.013888888888888888
3 0.3578125 0.15833333333333333 0.3484375 0.20833333333333334
3 0.434375 0.08333333333333333 0.425 0.10277777777777777
2 0.5015625 0.030555555555555555 0.4875 0.05277777777777778
5 0.09375 0.4083333333333333 0.0859375 0.4111111111111111
6 0.915625 0.075 0.903125 0.1
0 0.49765625 0.4 0.0921875 0.016666666666666666
1 0.9515625 0.2861111111111111 0.090625 0.016666666666666666
