5 0.359375 0.2972972972972973 0.3546875 0.3310810810810811
3 0.734375 0.4560810810810811 0.7203125 0.4797297297297297
3 0.675 0.2972972972972973 0.665625 0.31756756756756754
2 0.728125 0.3547297297297297 0.7125 0.3783783783783784
2 0.809375 0.36486486486486486 0.7828125 0.41216216216216217
2 0.790625 0.2972972972972973 0.7703125 0.32432432432432434
6 0.6137152777777778 0 0.5484375 0
6 0.971875 0.5236486486486487 0.9515625 0.5608108108108109
6 0.26860795454545455 0 0.1890625 0
0 0.5081562500000001 0.3999662162162162 0.0775 0.01581081081081081
1 0.947203125 0.14780405405405406 0.079703125 0.01108108108108108
1 0.9073593750000001 0.01739864864864865 0.076046875 0.018986486486486487
