6 0.8296875 0.4638888888888889 0.828125 0.48333333333333334
6 0.9921875 0.17222222222222222 0.98125 0.19722222222222222
6 0.665625 0.7555555555555555 0.6421875 0.7916666666666666
6 0.1734375 0.09722222222222222 0.16875 0.14166666666666666
0 0.3265625 0.2861111111111111 0.08125 0.016666666666666666
2 0.7515625 0.35 0.7421875 0.3638888888888889
1 0.79296875 0.3347222222222222 0.0890625 0.019444444444444445
3 0.49375 0.6888888888888889 0.48125 0.7111111111111111
3 0.553125 0.6805555555555556 0.55 0.7055555555555556
2 0.6671875 0.5083333333333333 0.6546875 0.5222222222222223
3 0.66875 0.45 0.646875 0.48333333333333334
2 0.815625 0.20277777777777778 0.790625 0.25277777777777777
2 0.7625 0.2861111111111111 0.75 0.325
