6 0.43997916666666664 0.1446551724137931 0.24697916666666667 0.2256206896551724
6 0.7765989583333333 0.8286091954022988 0.3024114583333333 0.32781609195402295
3 0.41244270833333335 0.7330114942528736 0.04328645833333333 0.07383908045977011
0 0.5078854166666666 0.4000574712643678 0.073828125 0.01396551724137931
1 0.6793958333333333 0.3987471264367816 0.07615625 0.017080459770114943
6 0.9342083333333334 0.5729885057471265 0.12161979166666666 0.27651724137931033
6 0.990359375 0.34665517241379307 0.019281250000000003 0.15505747126436784
3 0.54309375 0.6151724137931035 0.044000000000000004 0.10457471264367817
3 0.29178645833333333 0.7431839080459771 0.09709374999999999 0.16916091954022988
1 0.8651458333333333 0.23795402298850576 0.08073958333333334 0.020298850574712642
