6 0.321890625 0.3346111111111111 0.256703125 0.3368888888888889
3 0.389625 0.9065694444444444 0.0887109375 0.05777777777777778
3 0.427234375 0.7286805555555556 0.0391015625 0.12733333333333335
3 0.9774218749999999 0.8829305555555556 0.0451484375 0.10548611111111111
6 0.9624218750000001 0.41816666666666663 0.0751484375 0.19352777777777777
2 0.5488046875 0.3267777777777778 0.0660234375 0.10790277777777778
0 0.51278125 0.40012499999999995 0.0814453125 0.014958333333333332
1 0.30396875 0.48556944444444444 0.0835625 0.016055555555555556
3 0.459171875 0.5847777777777778 0.04 0.088
5 0.1703125 0.8875 0.303125 0.125
