6 0.21875 0.06756756756756757 0.2171875 0.08783783783783784
6 0.740625 0.5304054054054054 0.715625 0.5743243243243243
6 0.903125 0.13175675675675674 0.8953125 0.14864864864864866
6 0.603125 0.7837837837837838 0.584375 0.8277027027027027
3 0.340625 0.5236486486486487 0.3296875 0.527027027027027
3 0.33359375 0.6317567567567568 0.321875 0.6385135135135135
2 0.36875 0.48986486486486486 0.359375 0.5101351351351351
2 0.4734375 0.44256756756756754 0.4625 0.4594594594594595
2 0.6203125 0.3581081081081081 0.5984375 0.38513513513513514
0 0.20992187499999998 0.5861486486486487 0.07876562499999999 0.018175675675675674
1 0.6148281250000001 0.06945945945945946 0.07953125 0.01983108108108108
1 0.75209375 0.005777027027027027 0.080296875 0.011554054054054054
