6 0.15453125 0.6937361111111111 0.3090703125 0.48425
6 0.43471093749999995 0.35475 0.12699218750000002 0.17829166666666668
6 0.9486796875 0.8205694444444444 0.10110937499999999 0.2403888888888889
3 0.43353906249999996 0.6596111111111111 0.049046875000000004 0.08605555555555555
6 0.622125 0.22618055555555555 0.2290625 0.30780555555555555
3 0.3227578125 0.7739305555555556 0.104546875 0.13868055555555556
0 0.50209375 0.404125 0.0842578125 0.011472222222222222
2 0.6810078125000001 0.3246388888888889 0.0690546875 0.09666666666666666
3 0.51015625 0.55 0.0328125 0.1111111111111111
2 0.5421875 0.5361111111111111 0.053125 0.1111111111111111
