3 0.21015625 0.428125 0.0453125 0.0375
2 0.23984375 0.4078125 0.0265625 0.046875
1 0.38359375 0.29921875 0.0890625 0.0140625
1 0.3828125 0.29140625 0.078125 0.0078125
1 0.509375 0.30546875 0.0875 0.0140625
2 0.31640625 0.353125 0.0234375 0.03125
2 0.3484375 0.32734375 0.04375 0.0421875
0 0.496875 0.44296875 0.1 0.0234375
3 0.13515625 0.54453125 0.0671875 0.0609375
3 0.18984375 0.48828125 0.0171875 0.0359375
2 0.2046875 0.39140625 0.034375 0.0390625
2 0.175 0.36328125 0.028125 0.0296875
2 0.4328125 0.278125 0.025 0.021875
