3 0.0125 0.46875 0.025 0.0515625
3 0.034375 0.3828125 0.03984375 0.04140625
3 0.64375 0.5390625 0.04921875 0.0515625
3 0.49453125 0.52421875 0.0375 0.0546875
1 0.74296875 0.2828125 0.1015625 0.015625
0 0.30703125 0.5109375 0.121875 0.02578125
1 0.515625 0.30234375 0.096875 0.0171875
1 0.3984375 0.31796875 0.0859375 0.015625
0 0.49140625 0.4421875 0.103125 0.0234375
3 0.02421875 0.5578125 0.0484375 0.075
2 0.790625 0.35078125 0.02890625 0.03125
1 0.56875 0.3421875 0.06015625 0.01015625
1 0.940625 0.28203125 0.02578125 0.0125
2 0.890625 0.2953125 0.03828125 0.02578125
