2 0.63046875 0.33828125 0.06015625 0.05546875
3 0.33671875 0.5328125 0.07734375 0.06484375
0 0.5046875 0.44296875 0.08203125 0.0140625
3 0.37578125 0.49765625 0.03984375 0.03671875
2 0.5078125 0.3734375 0.04140625 0.0421875
2 0.603125 0.36171875 0.0265625 0.0359375
3 0.44765625 0.47109375 0.0546875 0.05
3 0.40703125 0.48515625 0.01796875 0.02421875
1 0.503125 0.31484375 0.03515625 0.00703125
1 0.5078125 0.38671875 0.0359375 0.01015625
0 0.45078125 0.4125 0.0296875 0.009375
0 0.48125 0.39921875 0.03203125 0.00625
