3 0.071875 0.58828125 0.05 0.0546875
2 0.62734375 0.3390625 0.0640625 0.046875
2 0.5984375 0.4015625 0.04375 0.0375
3 0.19609375 0.521875 0.0484375 0.05
3 0.2765625 0.47734375 0.071875 0.0609375
2 0.45 0.38359375 0.0625 0.0703125
2 0.46015625 0.36484375 0.0390625 0.0328125
3 0.0171875 0.69296875 0.034375 0.0546875
1 0.63359375 0.29375 0.0296875 0.00625
1 0.446875 0.32734375 0.034375 0.0140625
0 0.275 0.42265625 0.028125 0.0046875
0 0.50546875 0.43984375 0.0796875 0.0109375
1 0.6 0.36640625 0.028125 0.0046875
4 0.79765625 0.30234375 0.0671875 0.0671875
4 0.7734375 0.29453125 0.025 0.0515625
2 0.434375 0.37578125 0.03125 0.0296875
