6 0.3921875 0.36944444444444446 0.384375 0.38333333333333336
3 0.521875 0.5611111111111111 0.5234375 0.5777777777777777
3 0.58125 0.5111111111111111 0.5734375 0.5194444444444445
3 0.6625 0.3888888888888889 0.65625 0.4111111111111111
2 0.690625 0.3638888888888889 0.6890625 0.375
2 0.74375 0.28888888888888886 0.7359375 0.2972222222222222
2 0.80625 0.19722222222222222 0.7828125 0.23055555555555557
6 0.7234375 0.05555555555555555 0.66875 0.058333333333333334
6 0.55625 0.19444444444444445 0.5515625 0.20277777777777778
0 0.493359375 0.3947222222222222 0.081921875 0.012666666666666666
