6 0.484375 0.2722222222222222 0.4703125 0.2861111111111111
3 0.6296875 0.425 0.6109375 0.44722222222222224
3 0.5671875 0.49166666666666664 0.5328125 0.5444444444444444
3 0.6890625 0.3333333333333333 0.6640625 0.38055555555555554
2 0.7875 0.21388888888888888 0.7671875 0.24722222222222223
2 0.678125 0.35555555555555557 0.6765625 0.3638888888888889
6 0.6328125 0.10555555555555556 0.6 0.1388888888888889
6 0.6921875 0.05555555555555555 0.6703125 0.09166666666666666
0 0.507953125 0.39755555555555555 0.0830625 0.012388888888888889
1 0.921890625 0.26180555555555557 0.085234375 0.013416666666666667
1 0.925078125 0.23758333333333334 0.08409375 0.02047222222222222
