3 0.5203125 0.5945945945945946 0.49375 0.6655405405405406
3 0.4796875 0.7668918918918919 0.4546875 0.8175675675675675
2 0.778125 0.24324324324324326 0.7546875 0.28716216216216217
2 0.8234375 0.17229729729729729 0.815625 0.1891891891891892
6 0.3921875 0.05405405405405406 0.3375 0.060810810810810814
6 0.109375 0.3344594594594595 0.0625 0.3716216216216216
1 0.55271875 0.1116891891891892 0.07690625 0.017939189189189186
1 0.653 0.07337837837837838 0.078421875 0.016317567567567567
0 0.5078437499999999 0.39861486486486486 0.079171875 0.011418918918918919
5 0.2609375 0.6013513513513513 0.2734375 0.6587837837837838
