3 0.678125 0.4666666666666667 0.6609375 0.4777777777777778
3 0.7953125 0.35555555555555557 0.7859375 0.39444444444444443
2 0.85 0.2388888888888889 0.840625 0.25555555555555554
2 0.925 0.14166666666666666 0.90625 0.17222222222222222
2 0.9390625 0.08888888888888889 0.9140625 0.13055555555555556
6 0.759375 0.7 0.740625 0.7277777777777777
6 0.9515625 0.41944444444444445 0.915625 0.4638888888888889
6 0.271875 0 0.228125 0.008333333333333333
0 0.50790625 0.4003611111111111 0.09568750000000001 0.017194444444444446
5 0 0.5027777777777778 0 0.6694444444444444
5 0.017708333333333333 0.6833333333333333 0 0.6833333333333333
