3 0.59375 0.4722222222222222 0.5796875 0.49444444444444446
3 0.6109375 0.3972222222222222 0.60625 0.4222222222222222
3 0.571875 0.34444444444444444 0.571875 0.3611111111111111
2 0.6578125 0.25277777777777777 0.640625 0.30277777777777776
2 0.703125 0.2861111111111111 0.6890625 0.31666666666666665
2 0.7453125 0.24166666666666667 0.725 0.2777777777777778
0 0.50971875 0.39844444444444443 0.095046875 0.018611111111111113
6 0.5125 0.04722222222222222 0.5015625 0.06388888888888888
6 0.3 0.05277777777777778 0.2890625 0.05555555555555555
6 0.996875 0.7333333333333333 0.9921875 0.7388888888888889
