3 0.29375 0.6083333333333333 0.2859375 0.6111111111111112
3 0.2671875 0.6472222222222223 0.228125 0.6527777777777778
3 0.4390625 0.42777777777777776 0.4296875 0.45
6 0.5953125 0.08333333333333333 0.575 0.1111111111111111
2 0.484375 0.2361111111111111 0.45625 0.32222222222222224
2 0.56328125 0.18333333333333332 0.5546875 0.18333333333333332
6 0.3140625 0.2638888888888889 0.2921875 0.2861111111111111
6 0.1125 0.4583333333333333 0.103125 0.4666666666666667
6 0.759375 0.7138888888888889 0.7453125 0.7527777777777778
0 0.5075937500000001 0.39577777777777773 0.086671875 0.019
4 0.921875 0.125 0.91875 0.16666666666666666
