2 0.328125 0.4027777777777778 0.31875 0.41388888888888886
2 0.38125 0.3333333333333333 0.36875 0.3388888888888889
2 0.2390625 0.5472222222222223 0.228125 0.5833333333333334
3 0.0875 0.6694444444444444 0.0796875 0.6805555555555556
3 0.1296875 0.7972222222222223 0.1234375 0.8166666666666667
6 0.1640625 0.26666666666666666 0.1546875 0.29444444444444445
6 0.5828125 0.6972222222222222 0.571875 0.7
6 0.315625 0.1 0.309375 0.125
6 0 0.4583333333333333 0 0.5861111111111111
0 0.509375 0.3990833333333333 0.08365625 0.01486111111111111
1 0.7380312499999999 0.14872222222222223 0.08365625 0.009916666666666666
4 0.796875 0.075 0.771875 0.09166666666666666
