6 0.34375 0.325 0.3328125 0.34444444444444444
3 0.3421875 0.6777777777777778 0.328125 0.6805555555555556
3 0.4484375 0.5583333333333333 0.44375 0.5861111111111111
6 0.609375 0.10555555555555556 0.5796875 0.12777777777777777
2 0.6296875 0.25833333333333336 0.61875 0.2611111111111111
6 0.1625 0.5166666666666667 0.1453125 0.5277777777777778
6 0.959375 0.8388888888888889 0.9390625 0.8472222222222222
4 0.996875 0.06388888888888888 0.9703125 0.08611111111111111
1 0.5307031249999999 0.15725 0.087484375 0.013833333333333335
0 0.50834375 0.3983055555555555 0.08553125 0.015555555555555555
