5 0.46328125 0.5743243243243243 0.453125 0.5743243243243243
6 0.5640625 0.030405405405405407 0.565625 0.11148648648648649
6 0.2703125 0 0.2515625 0.010135135135135136
6 0.978125 0.8277027027027027 0.9703125 0.8682432432432432
5 0.4265625 0.44256756756756754 0.4203125 0.4864864864864865
5 0.4203125 0.6925675675675675 0.4234375 0.722972972972973
3 0.2703125 0.7027027027027027 0.2453125 0.706081081081081
3 0.1171875 0.6858108108108109 0.10625 0.7162162162162162
0 0.5070781249999999 0.39739864864864866 0.077265625 0.014054054054054054
1 0.772203125 0.1512162162162162 0.078890625 0.01756756756756757
1 0.9551875000000001 0.22858108108108108 0.08051562500000001 0.01756756756756757
