3 0.5609375 0.5067567567567568 0.5390625 0.5540540540540541
3 0.6453125 0.3581081081081081 0.6359375 0.3783783783783784
3 0.4734375 0.652027027027027 0.4625 0.6790540540540541
3 0.3671875 0.8175675675675675 0.34375 0.8682432432432432
2 0.7015625 0.27364864864864863 0.6875 0.30405405405405406
2 0.7546875 0.1891891891891892 0.74375 0.20608108108108109
2 0.7953125 0.09797297297297297 0.8 0.16554054054054054
5 0.1140625 0.6418918918918919 0.109375 0.6452702702702703
6 0.4890625 0.04391891891891892 0.4640625 0.060810810810810814
6 0.0171875 0.34797297297297297 0 0.375
6 0.9953125 0.7027027027027027 0.984375 0.7195945945945946
6 0.56328125 0 0.54375 0.010135135135135136
0 0.507765625 0.39868243243243245 0.078296875 0.017162162162162164
