6 0.290703125 0.5281666666666667 0.29695312500000004 0.4421111111111111
6 0.54325 0.22680555555555557 0.12164062499999999 0.16930555555555557
3 0.522984375 0.6391666666666667 0.04628125 0.08333333333333333
2 0.6515625 0.33194444444444443 0.046875 0.09722222222222222
2 0.710515625 0.24747222222222223 0.065046875 0.10647222222222222
6 0.694859375 0.12697222222222224 0.20037500000000003 0.14283333333333334
3 0.460359375 0.6666388888888889 0.08692187500000001 0.11863888888888889
0 0.49603125 0.39691666666666664 0.082875 0.012833333333333334
6 0.988671875 0.5734444444444444 0.02265625 0.21
3 0.450671875 0.5648055555555556 0.03959375 0.06572222222222222
