2 0.5880703125 0.1656388888888889 0.0326640625 0.08219444444444444
5 0.3229765625 0.6855694444444445 0.2046875 0.4025138888888889
6 0.9591171875000001 0.25587499999999996 0.081765625 0.18412499999999998
6 0.3814296875 0.22443055555555555 0.209484375 0.2347361111111111
1 0.897078125 0.30768055555555557 0.08449218750000001 0.013083333333333334
3 0.6497578125000001 0.42568055555555556 0.0360859375 0.07084722222222221
3 0.7822890625000001 0.4677638888888889 0.0634296875 0.08516666666666667
2 0.6623281249999999 0.09138888888888888 0.0270546875 0.056222222222222215
3 0.48515625 0.26805555555555555 0.47734375 0.28055555555555556
0 0.49741406250000003 0.39834722222222224 0.0855390625 0.013222222222222222
