6 0.8453125 0.7027027027027027 0.834375 0.7195945945945946
3 0.4171875 0.5844594594594594 0.4078125 0.5878378378378378
3 0.3890625 0.5202702702702703 0.3765625 0.5506756756756757
3 0.2890625 0.668918918918919 0.265625 0.7263513513513513
3 0.153125 0.8648648648648649 0.14375 0.8716216216216216
3 0.55 0.3108108108108108 0.5390625 0.34121621621621623
2 0.5796875 0.25 0.575 0.2668918918918919
2 0.64375 0.17229729729729729 0.6296875 0.19594594594594594
2 0.6578125 0.15202702702702703 0.6484375 0.16891891891891891
2 0.6765625 0.11824324324324324 0.6640625 0.13851351351351351
4 0.826953125 0 0.796875 0.006756756756756757
6 0.3078125 0.006756756756756757 0.28125 0.037162162162162164
0 0.507109375 0.3979391891891892 0.082125 0.01712837837837838
