1 0.6125 0.3734375 0.06640625 0.0125
1 0.56171875 0.34375 0.07109375 0.01015625
2 0.7765625 0.37265625 0.053125 0.05859375
2 0.7546875 0.4 0.03359375 0.03671875
1 0.56953125 0.37265625 0.03125 0.02734375
1 0.58515625 0.30625 0.0484375 0.01015625
1 0.5234375 0.3046875 0.1109375 0.015625
2 0.7515625 0.36484375 0.02734375 0.03515625
1 0.50859375 0.34765625 0.02734375 0.0171875
0 0.28515625 0.4578125 0.1015625 0.015625
1 0.675 0.38046875 0.03515625 0.01015625
3 0.66953125 0.40625 0.04375 0.04375
2 0.60546875 0.45078125 0.06484375 0.0515625
1 0.55703125 0.31328125 0.10625 0.015625
1 0.6375 0.36328125 0.06875 0.02421875
