2 0.425 0.44921875 0.0734375 0.06328125
3 0.35625 0.57734375 0.08359375 0.07265625
1 0.421875 0.39296875 0.03125 0.0078125
2 0.57109375 0.4109375 0.0578125 0.053125
3 0.26953125 0.60625 0.04296875 0.034375
3 0.39140625 0.525 0.05390625 0.0453125
3 0.3 0.5890625 0.02109375 0.028125
2 0.6359375 0.36796875 0.0390625 0.03671875
3 0.43203125 0.5078125 0.04765625 0.0421875
2 0.53359375 0.4421875 0.040625 0.04296875
0 0.3921875 0.49140625 0.03046875 0.00859375
1 0.42578125 0.4765625 0.040625 0.0140625
